274.0	274.0	0.0
674.3485354487499	148.0	0.6400552962151567
759.1914157008332	353.0	0.36521718291169947
927.2292362420312	176.0	0.6809366644424417
985.1989657369244	199.0	0.6639078300897472
962.7635407873959	218.0	0.6307474062848756
958.3743582254959	499.0	0.3152068345602236
953.4679796603125	197.0	0.6575306684186616
965.608565968611	300.0	0.5259197700350576
1000.0444877927869	265.0	0.5810424019753418
1015.0967374437281	567.0	0.28322967037258423
1001.8296620295105	664.0	0.20279964376305226
1014.5997027826849	631.0	0.2331063272155576
1019.1305307997642	615.0	0.2473061503856596
1018.0137156125829	776.0	0.1349007053326485
1011.3540850575596	270.0	0.5785708210578322
1012.5439572524974	805.0	0.11418923675784581
1004.8577916510557	171.0	0.7091485021162397
1005.3836722804282	253.0	0.5978968806206515
1005.2363141502183	614.0	0.24161779891623827
1009.1880783796806	159.0	0.7277835599545944
1011.0404925882733	358.0	0.4770059732518587
1004.0042100147975	306.0	0.5328259288624065
1029.9275176732083	735.0	0.16710460612117709
1051.3109226633417	839.0	0.1123153445911467
1046.9212519254784	213.0	0.6618836301483412
1042.5468725618923	471.0	0.3776208605911678
1043.884024989328	181.0	0.7044618162906043
1041.7009101448705	221.0	0.6499566948523946
1040.4337021202562	646.0	0.2338862782594758
1042.8063249196668	606.0	0.2649227615869007
1039.8296286890884	154.0	0.7420067381488878
1064.6679856655292	360.0	0.4946190921362957
1059.9399323534785	269.0	0.5951660516008184
1071.8211295646402	258.0	0.611977890463412
1071.1231038942624	410.0	0.44636607325616334
1067.0731475895784	831.0	0.12437515798027857
1062.4656975645219	254.0	0.6141183162312498
1074.431887164915	300.0	0.5634559954530455
1069.5272697829778	732.0	0.18735618130478715
1067.0241189044843	706.0	0.20362053457431467
1065.137799271	350.0	0.5053485248146146
1063.0211050015655	301.0	0.5586578552248214
1068.8205158918643	277.0	0.5883552127061544
1066.4305846977645	1000.0	0.03214750361792609
1062.3665595873165	366.0	0.48752650705328093
1068.13004135706	352.0	0.5042707502143496
1065.7657134881863	668.0	0.2294229897348219
1063.704723337653	409.0	0.44455939670911626
1064.3991390581382	199.0	0.6849768313941481
1064.2927793381007	187.0	0.7011091199632465
1063.5422699420428	218.0	0.6597849245973619
1069.6676984302792	248.0	0.6235773248514185
1066.170525016795	561.0	0.3104594861141433
1064.2070305068587	336.0	0.5200709713928919
1062.137181028174	334.0	0.521536988572959
1058.4980805909406	221.0	0.6545520413787094
1057.3373343076594	189.0	0.6967113239771646
1062.4787764439407	327.0	0.5293199067971615
1076.8863062760752	227.0	0.6518101326666794
1078.875852504875	290.0	0.576294666211935
1078.5311460387238	199.0	0.6884616071912691
1083.4657051140136	235.0	0.6435250471991936
1080.2179154896344	195.0	0.6941699177349974
1077.401053164881	398.0	0.46048567723840145
1074.4286247466707	256.0	0.6151616174843721
1072.3372550752229	506.0	0.3588189110116592
1069.1003998070805	450.0	0.4075440964176586
1070.215712498816	412.0	0.4440755194729065
1067.4304051994134	643.0	0.2481424581258718
1066.3520932686738	279.0	0.5852386874841956
1067.998292310288	288.0	0.5752207039887657
1067.2741483473558	736.0	0.18370703570001165
1065.3804390048267	322.0	0.5358158570680558
1063.1784283014988	443.0	0.411756281094045
1060.208788554174	834.0	0.11942125383487227
1058.0333526489417	591.0	0.28321643822347065
1059.1727503121613	342.0	0.5118374948073929
1058.4634123493183	265.0	0.5995355859069941
1062.0713416628498	274.0	0.5898422614783659
1060.1008916365208	556.0	0.3119241467196089
1060.24671042156	399.0	0.4531425054441502
1058.8767946521757	198.0	0.6849333190930716
1056.024083496304	172.0	0.7198752006389008
1054.6313416946314	1574.0	-0.19758139913622919
1052.6772852827053	1105.0	-0.024249555331644163
1055.6372649809107	140.0	0.7658152617010725
1053.6450432924962	546.0	0.3173485551817341
1060.190966285415	317.0	0.5396426381520374
1062.9888751937383	297.0	0.5632317213511168
1062.0384576697254	338.0	0.5171561207503123
1063.352159341311	574.0	0.29886799644749124
1066.1883505136693	313.0	0.5461098552878216
1063.8278166828845	662.0	0.2328319272632973
1062.2484869252964	1111.0	-0.022432553556577875
1061.311882569304	841.0	0.11581270378847976
1061.4040836375023	421.0	0.43200372334787945
1061.149973776903	178.0	0.712706284522672
1060.1357907102429	313.0	0.5441091811639351
1065.2913196035686	220.0	0.6576651586383448
1069.4782980402174	531.0	0.33644835965572484
1069.9367583555115	302.0	0.5597464705851369
1071.7843642658984	526.0	0.34158824962382134
1069.7276965044318	233.0	0.6422890207597466
1069.1358794390494	407.0	0.4485602502194239
1071.7867618393873	328.0	0.5313571910495964
1071.1609865982696	867.0	0.10533747609717357
1072.1172417764558	281.0	0.5846627456596653
1075.0147932596406	283.0	0.5832151440401977
1077.6789189607778	463.0	0.3989662683094232
1076.304453540225	460.0	0.40116036383285036
1078.1329787594752	447.0	0.4138216060823963
1076.9396969428142	320.0	0.5418556710782632
1076.8972515776854	316.0	0.546269475882621
1076.7461124183112	535.0	0.33612372832434473
1077.08236148196	289.0	0.5768922750946208
1075.3168119238492	561.0	0.31431371246449336
1073.8826012369605	480.0	0.3821927092588611
1076.3200037998474	557.0	0.3179536175346363
1074.5516191665968	540.0	0.33108363512250105
1076.5504255428625	221.0	0.6593581326019925
1077.1619036803042	215.0	0.6672243634677014
1077.3881305180037	207.0	0.6776675288699292
1077.1894248119931	563.0	0.31349392761200867
1077.0216118429905	253.0	0.6195550542228833
1080.8962842530789	414.0	0.4461154203659633
1079.270195082951	231.0	0.6474009698657981
1078.3453217568645	255.0	0.617503439148078
1080.4521608489397	306.0	0.5585855630061799
1084.3072800780878	328.0	0.5355118469942822
1086.4335585470706	329.0	0.535124770762514
1086.7479870897835	1430.0	-0.1363871212656189
1085.6959048279743	373.0	0.48858429126255987
1084.5917334689125	1410.0	-0.13044550022563553
1084.1386028469685	1718.0	-0.22620629704363276
1083.6106664322083	270.0	0.6010669733984071
1082.3596714061903	337.0	0.5251379804723818
1084.8337584349995	306.0	0.5599761680442402
1086.735691589279	298.0	0.5695929529223276
1090.9557978867706	256.0	0.6198835917234454
1089.6629777715311	1009.0	0.038435412748922294
1088.4851164567324	337.0	0.52717850771018
1089.9121696356146	449.0	0.41647092165589317
1089.725860164944	312.0	0.5548344952938425
1088.5252379222763	459.0	0.4067948118038343
1087.483088875661	739.0	0.1907945882434525
1086.3294766267704	384.0	0.47766809262237914
1086.3653690641502	601.0	0.2876468712483678
1085.0947877335434	210.0	0.6756994129093723
1085.6539905991795	1039.0	0.02195839454593848
1086.1083922338948	648.0	0.25264187302012847
1085.9225727969165	396.0	0.46555912262999444
1085.2795255884405	196.0	0.6940558307759034
1085.0027871990649	274.0	0.5967631522453016
1088.1518733734138	442.0	0.422279568856711
1087.0034096567804	249.0	0.6272464603006243
1085.994103587046	183.0	0.7115825842173471
1084.8817618299256	298.0	0.5690159372618153
1085.7714449302537	766.0	0.17268407815970926
1085.4541655924488	222.0	0.660408745725469
1085.5895555616423	658.0	0.24523521272407936
1085.3194353497404	1334.0	-0.10278947088039658
1084.2776870628684	234.0	0.6449913363528839
1083.5638512599035	1015.0	0.032671796580666414
1085.1204243726047	222.0	0.6603220394072624
1086.039170737517	281.0	0.5888925408795702
1088.0706557434285	358.0	0.5048651342476052
1087.8227155763248	264.0	0.6094162393366079
1086.9754845396033	309.0	0.5572988158858547
1087.0320530081617	916.0	0.08538657818845438
1088.8888476416944	291.0	0.5782268977717517
1088.9961644884188	585.0	0.3010736674193291
1088.7134770912744	705.0	0.21392127672113648
1087.8172967791952	343.0	0.5205537411770162
1086.840397459222	654.0	0.24863875981448838
1086.0881552359208	704.0	0.2134465579911981
1085.1120063853843	351.0	0.511180188676999
1087.2607306138364	461.0	0.4044930664653258
1092.060377581322	210.0	0.6774343131612817
1091.2736025208073	205.0	0.6837087485213842
1090.8406631211888	459.0	0.4076810462881644
1090.711158248864	436.0	0.42883760606021704
1090.6481323150963	359.0	0.5047073948535705
1090.099731215433	324.0	0.5417579215271914
1089.2891565695381	470.0	0.39716120256488185
1091.5237038531302	337.0	0.5281842379079658
1093.456906297725	351.0	0.5140041928981529
1095.1660738290154	1316.0	-0.09158801982490265
1096.3223754061423	464.0	0.40525111052230645
1096.2372249004782	334.0	0.5329446134039182
1095.9866926074253	335.0	0.5317915928490002
1095.6936111673058	518.0	0.35799460763150487
1095.3599550426259	273.0	0.6009821845575776
1094.6650940819018	184.0	0.7121998545958362
1094.6846635333268	240.0	0.6403644897444988
1093.9904604245507	232.0	0.650072897318252
1094.4153613691135	262.0	0.6136876542955879
1095.9005458320225	266.0	0.6093694200886112
1095.0543649527208	308.0	0.5609578535320991
1095.1299249400386	607.0	0.28677594923151006
1096.9252251103967	1156.0	-0.026221365108426337
1096.8201149336676	607.0	0.2874834676738965
1096.0566597414163	526.0	0.3514406579559885
1095.3713280441061	482.0	0.38885664848787915
1097.255015914982	299.0	0.5717114759239568
1099.548073337368	652.0	0.2555157235762407
1099.3833395789654	271.0	0.60449022959771
1098.5827164954226	715.0	0.2115054984846018
1098.5030008353158	647.0	0.2586664134173632
1098.3477006774233	846.0	0.12978527481967536
1098.0799742427407	450.0	0.41863468620847943
1097.5444505468636	318.0	0.5507029116928855
1096.940201021941	875.0	0.1125491538267349
1098.2833540674033	319.0	0.5498430160990532
1099.8277337442676	298.0	0.5736241415073839
1099.6096876365468	399.0	0.46750644508476147
1099.4136778234615	189.0	0.7066159677545789
1099.1566437272213	837.0	0.13540053413372255
1098.9403323057725	424.0	0.4431823873781678
1100.1863338639619	333.0	0.5353011787347836
1099.5090695561855	876.0	0.11313998654858046
1098.8831737327425	641.0	0.26316891883631516
1100.4219827871975	1107.0	-0.0029799545642364023
1101.4118078328588	148.0	0.7630885204187235
1100.7971640144713	300.0	0.571672462356726
1101.7356242788142	361.0	0.5064043098314679
1103.0091355253282	406.0	0.4618985525774699
1102.3394841844945	303.0	0.5687874660750344
1101.6852533242918	861.0	0.12263059138831962
1101.1694625403056	370.0	0.49699880344020786
1100.5119065205336	746.0	0.19199004635099076
1100.3728656612336	421.0	0.446552505960436
1101.858491107645	279.0	0.5959035602899435
1101.691663442874	967.0	0.06510958874301734
1101.4474132362789	295.0	0.5774993068785383
1101.0973405719833	251.0	0.6287249557138861
1102.0228566791932	631.0	0.2717926395857029
1101.7835639298858	272.0	0.604013314554574
1101.6092748562999	432.0	0.43662312548223386
1102.963675750362	1172.0	-0.030346121560322254
1103.170279654877	337.0	0.5319997853576609
1102.9567620795094	719.0	0.21073867946310446
1102.7903609764746	853.0	0.12771837205075542
1102.5967530016649	518.0	0.3607293127786887
1103.526071908775	223.0	0.6637834646112623
1104.8040795423397	192.0	0.7038874213477806
1104.232625171397	274.0	0.6023893281935256
1104.3774111001444	750.0	0.19110317510279815
1105.1326040855024	200.0	0.6935177324144183
1106.4331361199836	625.0	0.27805470859754966
1105.853356364474	330.0	0.5403430321943914
1106.8520657058903	202.0	0.6913325725760193
1107.5628044480557	199.0	0.6953839504346436
1106.96717908259	222.0	0.6659059704495478
1106.8688319267096	161.0	0.7460305104979397
1107.6753929055546	196.0	0.6993116521695377
1108.6922640763414	270.0	0.608324486855829
1110.2731776547191	229.0	0.6580234655322292
1113.2201376641929	202.0	0.6928270877014576
1112.7450974863823	1035.0	0.03619847512508417
1112.520401767591	244.0	0.6402560555933255
1112.2971333921096	643.0	0.26736050806691253
1114.6701924124477	234.0	0.6529915151732832
1115.3487194671122	380.0	0.491757347228788
1114.826409930975	377.0	0.494579265402007
1115.452572769984	328.0	0.5455340810116562
1115.55034123725	357.0	0.5151269331817269
1115.308539539715	430.0	0.44347683456395104
1115.0802857638096	351.0	0.5211721985373626
1114.8260983558948	285.0	0.5928065631370434
1114.2591584702213	324.0	0.5494553285589826
1114.9977171464463	1222.0	-0.045786216250226844
1114.8858280709533	245.0	0.6396756331411421
1114.3692635101881	309.0	0.5658189228591723
1114.2269397199136	209.0	0.6841055850264977
1114.095223066489	228.0	0.6602327523690105
1113.856211375641	160.0	0.7487942539021487
1113.6448020904575	292.0	0.5845323092067908
1114.6940694352152	288.0	0.5893616344781993
1115.7711333065058	180.0	0.7221731594827522
1115.2159490665017	311.0	0.5638809112973976
1114.7538930472492	458.0	0.4175821124656525
1114.3089319870853	972.0	0.06821086264129854
1113.8501642799151	887.0	0.1133768876499336
1115.2580706412184	438.0	0.4360241761767455
1115.1046160470607	1298.0	-0.07579256313078654
1114.6462017101414	693.0	0.23325703963045363
1115.265884677878	775.0	0.18000953592613927
1115.0628498507704	353.0	0.5190941586242269
1116.1324046404136	204.0	0.6909400916409337
1115.9138168768625	313.0	0.5619049990235024
1116.90964708573	1144.0	-0.011982059057153785
1116.9347609576578	660.0	0.2571477417164141
1118.1051931519974	251.0	0.6333371588166431
1117.8666709146833	1147.0	-0.012863154135934649
1117.387336160911	349.0	0.5240002536932667
1116.9613912586076	283.0	0.5957031361478127
1116.4089565594577	1040.0	0.035433425708529746
1117.3491075878153	760.0	0.1903477121775018
1116.9621044048122	888.0	0.1141977216934887
1116.5620568153247	1249.0	-0.05598582493454938
1116.5817755344988	1125.0	-0.0037554839878611718
1116.3740672608235	751.0	0.19566195850453044
1116.170017724546	327.0	0.5468309402441957
1115.9044360042355	635.0	0.27466058461860693
1115.4225702668798	188.0	0.7115287025273678
1114.9961938611398	247.0	0.6372970774613156
1114.767962807953	233.0	0.654243153970561
1114.5932598983006	542.0	0.3456450498497456
1114.1630333277146	382.0	0.48936046207428524
1113.9644060649355	369.0	0.5023481366229874
1113.9178856664826	613.0	0.2900646810274708
1114.5335490986122	187.0	0.7126466695698956
1114.1547281429453	208.0	0.6853620902719156
1114.14679217302	1038.0	0.035381783645034116
1113.9570685255612	600.0	0.2998657772494237
1113.765720160614	646.0	0.26581136045650494
1113.4763357959378	191.0	0.7071621849185027
1113.3751820840403	630.0	0.2772640032114091
1113.0568750970863	626.0	0.280069549231905
1114.0588614699564	450.0	0.42457408594319207
1115.0424114661778	278.0	0.6008736019639132
1114.804243620122	601.0	0.2994538832332425
1114.6174610416094	1051.0	0.029376130450578738
1114.294311344177	406.0	0.4658928906455846
1115.1504613003942	516.0	0.3673177156341153
1115.6990579526816	274.0	0.6056700212437943
1115.2955635243993	524.0	0.360701008824269
1114.8553141216855	295.0	0.5815173414673693
1114.5047529491578	746.0	0.19806708494833283
1114.1872227703564	589.0	0.3083555440934448
1113.9517224429746	296.0	0.5801274677871509
1113.6948537485005	270.0	0.6097405446460162
1113.664613053335	332.0	0.5406956814156293
1113.2655850311548	358.0	0.513344152622969
1113.8392707481073	312.0	0.5623630146807497
1113.5038745443126	889.0	0.11211158060575559
1113.2738340812832	495.0	0.3844331860528393
1113.0807440758279	169.0	0.7363660584079335
1112.8829345489953	180.0	0.7215525161792153
1112.4538751222105	455.0	0.4194406518475387
1112.1372970234352	538.0	0.34793304657683966
1111.7069651808915	142.0	0.7734717857621355
1111.5062132745034	425.0	0.4467969002295574
1111.212364122741	303.0	0.5714929275307873
1110.898614839812	387.0	0.48327610938957105
1110.4714028109884	394.0	0.4762279970708097
1110.2473915355536	216.0	0.6742689163747779
1110.8739182900401	187.0	0.7118364159033659
1110.6337978808494	319.0	0.5537318710947451
1111.4767055028983	142.0	0.7734301732507598
1111.0517390736065	211.0	0.6807991793908871
1110.6956166725017	443.0	0.42974673385671464
1111.3645826567774	230.0	0.6570656434890358
1111.240906980141	913.0	0.09793345559639256
1110.9606351231155	327.0	0.5451892186575708
1111.9960441169676	217.0	0.6734377036551941
1111.8008573639581	506.0	0.37445947355414866
1111.4942117927628	903.0	0.10349705180200898
1111.2146628031655	271.0	0.6078756689638855
1110.9743527631895	282.0	0.5951109947708549
1110.723826356341	336.0	0.5355022238816157
1110.4020266734744	708.0	0.22129431268266656
1110.2949769427544	1791.0	-0.2346211014277976
1109.9678224058914	992.0	0.05612256341339546
1110.8929307597375	340.0	0.531323100703283
1110.7005519056395	277.0	0.6007784249712752
1110.461765624441	600.0	0.2984350634918086
1110.1612348695771	169.0	0.7357643502740588
1111.0261432766902	375.0	0.49529824667401295
1111.982522732248	275.0	0.6034557097975952
1111.5845274902017	154.0	0.7566341928888787
1111.3137211194742	178.0	0.723884114340383
1112.1077901653637	500.0	0.3796940836707799
1111.9347903157186	201.0	0.6938157150186173
1111.7367552938053	189.0	0.70939546494585
1113.2345815128137	393.0	0.4781689322186676
1112.923079120741	263.0	0.6177111875061134
1112.6034631444684	364.0	0.5069766405330626
1113.4873585375456	1548.0	-0.16325932943796276
1113.3823714000903	285.0	0.592386165860126
1113.1517729944019	283.0	0.5945999489825742
1112.9287023969505	400.0	0.4712242561512973
1112.6176806366402	368.0	0.5029101640313166
1112.2982097528266	180.0	0.7214265273424344
1111.9126359652414	583.0	0.31205893728205597
1112.754573989366	198.0	0.697883945737646
1113.4378639691106	194.0	0.7032363749799074
1113.2235139249794	224.0	0.6649774735974815
1112.8537214082994	491.0	0.38772471149193516
1113.5785198501444	674.0	0.24590725104875114
1113.4624362805514	182.0	0.7190192553594271
1113.1178737011721	324.0	0.5490975292575463
1112.9162063147878	445.0	0.42872408901549786
1112.6994418338593	808.0	0.1586398346338541
1112.4424138652023	425.0	0.44713376427344675
1112.1905255128022	411.0	0.46034328192577034
1113.796290426869	258.0	0.6238508562817052
1113.5361374665392	1723.0	-0.21486201232669833
1113.3847183747705	348.0	0.5237393745474274
1113.0417913482063	311.0	0.5632150658927476
1112.7767147724053	1117.0	-0.001894039524054223
1112.5642805692983	277.0	0.6013138738907216
1113.1335510083927	404.0	0.46741669547618475
1113.1199235600304	984.0	0.06157011914742525
1113.690709920957	343.0	0.5290695579178756
1114.2785888231613	223.0	0.6664868459514549
1114.0252932163978	181.0	0.7204687801109148
1114.4935563072984	135.0	0.783912451059014
1114.1491581658834	299.0	0.5768316482768598
1113.8217562404204	297.0	0.5789687837087937
1113.6975638967035	170.0	0.7351401065466545
1113.3678269081295	391.0	0.48018032158583507
1113.2383562868729	456.0	0.4188263393217257
1112.9781441662974	798.0	0.16482561306514207
1113.620703674336	209.0	0.6839607917532473
1114.155967430081	1477.0	-0.14003172218528748
1114.0190432902116	553.0	0.3365402726191555
1113.8123986044995	660.0	0.25584013222679275
1113.5515075139788	295.0	0.5811299786677168
1113.3105509467714	377.0	0.494065180226366
1114.0177560068346	263.0	0.618015092611929
1113.7768169140807	641.0	0.2694227621182605
1113.5914402484734	540.0	0.3468761547061975
1113.267144870827	313.0	0.5610920420825546
1113.133829319373	1172.0	-0.025760491541171684
1112.918306625786	1205.0	-0.039726030512377324
1113.4905777254532	368.0	0.5032030503157247
1113.3475775236438	347.0	0.5247706705708808
1113.0732299134015	366.0	0.5050954981837796
1112.8993028426928	1683.0	-0.20390601928247737
1112.717786632839	715.0	0.2176034995892583
1112.5872902655503	586.0	0.3100148536865749
1112.1944739674198	259.0	0.6222271823330672
1111.9737962880392	688.0	0.235544426903531
1111.7421393160864	312.0	0.5617183879239911
1111.4293901568176	192.0	0.705392556819821
1111.9232947245139	298.0	0.5772819682956916
1111.6708569131672	320.0	0.5529698764841052
1112.2848071771218	157.0	0.7526165930416097
1112.0631329269238	199.0	0.6964295692523422
1111.9443225659832	1045.0	0.03103664840376762
1111.7238736198915	688.0	0.23543826907603915
1112.527553718609	401.0	0.4701120583965888
1112.2568963037472	317.0	0.5564128452767237
1112.0249459871927	319.0	0.5541657035476236
1111.8073612541061	309.0	0.5650360373594144
1111.622734402296	495.0	0.3838005781934208
1111.3865931188304	300.0	0.5748861418088562
1111.0702517043883	778.0	0.17631438079334535
1111.6509458073856	453.0	0.4209571135161465
1111.4380699917108	442.0	0.4309396576042989
1111.199867599763	637.0	0.2712503738207166
1111.836767307308	690.0	0.23411486265634776
1111.51278516066	733.0	0.20521017159970023
1111.355384297867	281.0	0.5963674171566451
1111.119678723898	446.0	0.42714743626448914
1111.6349814484229	340.0	0.5315626802259169
1111.5282490793336	1098.0	0.006122686634565792
1111.3282621856495	359.0	0.5116736728350104
1111.0195303286096	420.0	0.45134599307188
1110.8372082761707	1105.0	0.002634312780004186
1111.577584440406	804.0	0.16056649803106676
1111.3988761074086	292.0	0.583867416496845
1111.1942857567778	171.0	0.7332697518628041
1110.887704935665	596.0	0.301652946146842
1110.649568532626	512.0	0.3689333668476486
1110.428038365553	1344.0	-0.09516349959479223
1110.293242776659	268.0	0.6111132352936781
1110.0733705346568	183.0	0.7169534163025357
1111.4892221680298	179.0	0.7225858272581636
1112.0499874561663	139.0	0.7777866569782125
1111.8258815860208	312.0	0.5617441654418326
1112.2504150269901	328.0	0.5445236514736872
1112.0437788220675	310.0	0.5640077969234045
1112.5165545445184	365.0	0.5059277016188554
1112.2721941714274	836.0	0.14180369406181564
1112.022749323343	1670.0	-0.20056530839381914
1111.9167700830842	485.0	0.39257948931832376
1111.7193462416374	602.0	0.29743455213918446
1111.5647552768908	268.0	0.6114716631098479
1111.4527832671465	223.0	0.6657806064085263
1111.2469704801215	833.0	0.14311297623439778
1112.0014446773112	215.0	0.6759611666402038
1111.7132697917034	180.0	0.7213003780180627
1112.2560505078375	155.0	0.7553769817269594
1112.741091193618	223.0	0.6661029574215955
1112.5634148553406	178.0	0.7241514861631932
1112.3498940602403	688.0	0.23570412365966537
1112.169434348755	527.0	0.3569914263202717
1112.0378448084869	415.0	0.4564640275145936
1111.8406226111424	328.0	0.5443940185474502
1111.6224255128323	1063.0	0.022359019635956264
1111.4408330504627	662.0	0.253428715903303
1111.2771542132057	839.0	0.1396094671083042
1111.052114615338	363.0	0.5074801000577557
1110.7780852853991	359.0	0.5114908793455171
1111.2948156769492	138.0	0.779075365929182
1111.1657947053623	328.0	0.5441803839325533
1111.612130050662	158.0	0.7511050875140973
1111.5734186079756	229.0	0.6583551533674463
1112.2358560095836	658.0	0.2565962351669395
1112.0723143546732	460.0	0.4147851904779235
1111.9033901042037	295.0	0.580639293252182
1111.7141828597394	180.0	0.7213005750211767
1111.5039618000887	299.0	0.5760380571800515
1111.288998549625	243.0	0.6411401107736373
1111.1197166379027	331.0	0.5409535058966124
1110.8533233616745	384.0	0.4862372193996286
1110.7497820488	459.0	0.41519342095282963
1110.4819577723333	514.0	0.3671828763123318
1110.2809369247195	567.0	0.3239057482647007
1110.0083829036892	440.0	0.4322611350324036
1109.762179674019	983.0	0.06057170800638432
1109.451752115412	368.0	0.5018449848218753
1110.0546736011165	617.0	0.285488746325001
1109.8542361997945	415.0	0.4556856778202576
1109.7120557354554	438.0	0.43400324578867827
1109.6023892549088	768.0	0.18193542531146184
1109.4298207296558	394.0	0.47586512577117707
1109.2619639365466	309.0	0.5642553944796834
1109.8788567166102	865.0	0.12399690030797149
1110.542779122065	422.0	0.44928127847530935
1110.4547305422345	364.0	0.5062581543400277
1110.1478866948412	1328.0	-0.08935147637844054
1110.7762951086427	283.0	0.5939090067851375
1110.6356956301036	292.0	0.5836409968608058
1110.4519145761649	550.0	0.33752974696603716
1110.4005936346193	160.0	0.7481109489373905
1110.172364201566	181.0	0.7196346436489498
1109.9509313858362	176.0	0.7262726038693726
1109.680694128104	1048.0	0.028586571820363147
1109.584634989934	969.0	0.06763478985815505
1109.4314441406552	170.0	0.7342569611235678
1109.24774970282	733.0	0.20423298102196843
1109.6632792157243	189.0	0.7089314789679139
1110.0632772144725	186.0	0.7129769768652727
1109.7968750768782	258.0	0.6227510024315579
1109.6969562914892	336.0	0.5351722938368643
1109.4914742032183	899.0	0.10480078053939546
1110.0555394741975	512.0	0.36870225767242354
1109.8565162052776	552.0	0.33568272035849417
1109.6015523809979	344.0	0.5266928554987735
1109.3755662864799	1210.0	-0.04338427772377914
1109.1594995573187	569.0	0.3218761385314133
1108.9395684665976	653.0	0.25877139978381797
1108.7468482161062	288.0	0.5876131736143494
1108.5983713495825	224.0	0.6638146874318253
1109.1767647447919	345.0	0.5255047276724333
1108.942036079447	465.0	0.4091269064033964
1108.8020811007	553.0	0.3344574467812453
1108.6451542944858	545.0	0.34085012303317297
1108.5094828143206	785.0	0.1708517890987738
1109.0847248112743	268.0	0.6107719515417199
1108.9388329185037	352.0	0.5181180867144001
1109.4820381415404	487.0	0.38990857602517703
1109.4353263700505	683.0	0.23790834742899525
1109.1914029366012	412.0	0.45831931576177737
1109.055744991724	321.0	0.5510664516062516
1108.9630087977298	263.0	0.6166077389645213
1109.339102196315	239.0	0.6454897738844896
1109.1650731256386	183.0	0.7167544552843571
1109.1073525814604	365.0	0.5047850492559974
1108.8671325945627	251.0	0.6308462878706337
1109.4016997933657	280.0	0.5969488161103559
1109.1952431598088	553.0	0.3346148687698623
1109.0216141563521	812.0	0.15461648737710534
1108.7778358144571	286.0	0.5898988460294896
1108.5608158222888	878.0	0.11606028568868841
1109.474129971064	243.0	0.6406585610547701
1110.1079303390272	438.0	0.43414797971601327
1110.5815219370747	294.0	0.5813699733219597
1110.3744999658488	313.0	0.5602000738280616
1110.7515579993162	521.0	0.3614223961412411
1111.3662418125816	470.0	0.4055772944017318
1111.190235519442	372.0	0.49837857465435864
1111.0286224431416	769.0	0.1819273485308257
1111.606573738844	532.0	0.35264313431186045
1111.4003676108787	440.0	0.43277053533564647
1111.2310638242468	305.0	0.5692793248350182
1111.0265507990598	249.0	0.6338306780059486
1110.890062563344	310.0	0.5636537855142046
1110.7180694506023	664.0	0.2517121322762507
1110.5453541084098	462.0	0.41241758300581244
1110.4586377650808	666.0	0.25019363148485313
1110.3208678519936	317.0	0.5558111604196466
1110.811240600909	295.0	0.5803134994511734
1111.2691939416031	387.0	0.483403914910789
1111.111131365297	363.0	0.5074998183294424
1110.9063414572693	280.0	0.5973848250535105
1110.6982917840867	339.0	0.5323164800272945
1110.4593543630149	360.0	0.5103570881686184
1110.8204982735563	175.0	0.7278002641348947
1111.172283986486	277.0	0.6009140894175976
1111.0306574572585	557.0	0.33214656755878896
1110.863570833897	1266.0	-0.06526938738502144
1110.7710256286298	293.0	0.5825530023761671
1110.5349161140332	256.0	0.6253297343795969
1110.3064886234079	690.0	0.23346385256034508
1110.1391215079007	300.0	0.5745100672347822
1110.5507443684069	159.0	0.74951769245096
1110.36700387133	369.0	0.5011379880254592
1110.773194734455	218.0	0.6718777879266814
1111.3062166363454	354.0	0.5168245435925091
1111.1089172551171	181.0	0.719837859513413
1110.9447802879188	248.0	0.635010923773582
1111.754532404777	129.0	0.7920620128624833
1112.2707076325212	212.0	0.6798237720156097
1112.1408429951405	396.0	0.47485010854350823
1111.973352816634	298.0	0.577296975996461
1111.8883473112273	629.0	0.2773804236538433
1111.7555054057107	581.0	0.3135452838350108
1111.6733331431542	372.0	0.4985419071839487
1111.4433967042455	1686.0	-0.20538631951325892
1111.2107669411148	1230.0	-0.05073837637184971
1111.722171353396	410.0	0.46113685176137986
1111.5535722430513	310.0	0.5638574499716462
1111.3990942593605	352.0	0.5189282248693062
1111.2824670785647	768.0	0.18266677473568613
1111.1766729404558	515.0	0.36661248612209396
1111.0451327795292	1598.0	-0.1797514782342686
1111.54728884436	258.0	0.6232331631020884
1111.8688348557992	445.0	0.42833976756787356
1111.6955654238818	388.0	0.48256164925001477
1111.6134198528018	425.0	0.4468354961513841
1111.4581493906933	742.0	0.19933449779383966
1111.2773939539418	171.0	0.7332870394404813
1111.061456035936	270.0	0.6089964008191473
1110.975239178215	456.0	0.417986974396424
1110.8901657827432	147.0	0.7662753012962356
1110.643322311883	174.0	0.7291076877481224
1110.5056187511254	389.0	0.48116233092346583
1111.0140773501664	377.0	0.4932843637187142
1111.4850030780738	292.0	0.583892953099469
1111.3603686161161	403.0	0.4677620884013523
1111.6858395369381	183.0	0.7173059372218786
1111.556146887221	266.0	0.6138088445961875
1111.9865326162255	269.0	0.6104234275327943
1111.7949337940552	215.0	0.6759107311554262
1112.275968847083	178.0	0.7240900329887556
1112.0939619723486	532.0	0.35283504190748005
1111.8976224533633	341.0	0.5305932163008329
1111.8230242362326	574.0	0.3190269776270822
1111.7073867420906	1739.0	-0.22004805409888317
1111.5250771787976	1042.0	0.03228431278352149
1111.3399903022432	420.0	0.4514608086253871
1111.2562027349973	1084.0	0.012415955231576003
1111.1252528858104	897.0	0.10662943089734968
1111.739016446888	267.0	0.6126895709558163
1112.2571049293	411.0	0.4603668695586672
1112.1692724962325	835.0	0.14234472390831585
1111.98262566263	355.0	0.5160133545008443
1112.496941042783	289.0	0.5875838304934583
1112.3582516460365	488.0	0.39013655286487103
1112.1712185317695	849.0	0.13419084271937895
1111.983872717954	359.0	0.511891317561937
1111.8452019586605	209.0	0.6835359666824284
1111.6791442197352	189.0	0.7093825931784594
1111.9945463585775	223.0	0.6659162382224406
1112.4335076468653	227.0	0.6610507371899385
1112.2926936402137	222.0	0.6672394279633801
1112.1466127592864	293.0	0.5829616677157469
1111.9849467035963	365.0	0.5057498712974374
1111.7935190208052	289.0	0.5873767317227178
1111.61760859101	963.0	0.07163614536750439
1111.4322698966223	441.0	0.43185927199340357
1111.2986910933582	365.0	0.5055201197398906
1111.7057602276675	509.0	0.37187858216966097
1111.5727660603	286.0	0.5907189851642255
1111.4316709750842	402.0	0.4687569875672066
1111.2920387478373	784.0	0.17268686411201797
1111.2015417859845	437.0	0.43547401522946083
1111.0546903086301	159.0	0.7496170815110929
1110.8198143428056	148.0	0.7648591191309352
1110.685007290197	308.0	0.5657950871161952
1110.601666409271	414.0	0.4569073232419465
1110.4628634807855	156.0	0.7536445726150315
1110.3227865498645	1575.0	-0.1730433360851782
1110.6187181221255	260.0	0.620609296280115
1110.4335927176105	152.0	0.7591952545039724
1110.3430618622854	330.0	0.541775832802877
1110.7440572585522	283.0	0.5938996137401992
1110.67022151327	379.0	0.49116254788929625
1110.480003053425	273.0	0.6053430488370308
1110.2391637776377	298.0	0.5767764344792011
1110.0446998596508	544.0	0.3422185022615658
1109.9101259915913	944.0	0.08077769513478239
1109.7707579514763	331.0	0.5405237118073883
1110.2858731686663	298.0	0.576790471767646
1110.1382584908606	199.0	0.6959832184120845
1110.050833106609	364.0	0.5061228665596851
1110.4270644032504	409.0	0.461639180212137
1110.3251086880482	773.0	0.17911145937146974
1110.7806265652441	462.0	0.41250547953537536
1110.7110056875194	397.0	0.4733738780145507
1111.1533219455434	204.0	0.6897700114565851
1110.6387569741437	669.0	0.24816202459258996
1110.4977845972326	224.0	0.6642931856681862
1110.3542249644506	639.0	0.26944470035737283
1110.23665674691	348.0	0.5227112164683452
1111.0435076700637	175.0	0.7278474655697317
1112.1043501521212	801.0	0.16261755409598208
1111.9495590679583	229.0	0.6584509857937252
1111.792331029193	188.0	0.7107230201133145
1111.7251321938782	376.0	0.49453028403770993
1112.0797279816006	326.0	0.5466176267465318
1111.9279529556468	287.0	0.5896858027697165
1111.7529059461867	396.0	0.47471499018403
1111.6297727175233	1424.0	-0.12319236453344627
1111.4538811884463	1285.0	-0.07241788384656454
1111.309531484237	463.0	0.41180563194140085
1111.7222891625502	315.0	0.558428430826721
1111.495466830551	374.0	0.4964642998231892
1111.3706526215065	522.0	0.3608309306130766
1111.6444442804195	1202.0	-0.03905334544508307
1112.075800872222	658.0	0.25652901454755317
1111.9985476776071	653.0	0.26005604836420937
1111.8365786129423	291.0	0.5851263013290873
1111.6803118323905	917.0	0.09596401695077673
1111.5857226232322	332.0	0.5400342427927294
1112.0142247821032	177.0	0.7253715333825422
1111.8532348983185	261.0	0.6197699894419797
1112.0862648874006	297.0	0.5784502235230671
1111.9768801689547	202.0	0.6925364471039608
1111.8979813704182	328.0	0.5444121677456245
1111.8295836006919	731.0	0.20665480247858384
1111.6411456101375	460.0	0.41462464089228174
1111.5596220943698	297.0	0.5782926113437863
1111.4188640944444	235.0	0.6509258652461721
1111.64717028776	171.0	0.7333639305318291
1111.5217383136855	896.0	0.107357113101412
1111.358587616441	216.0	0.6745416016211947
1111.801581301157	570.0	0.32215547144508105
1111.6497679858198	261.0	0.6197136282141619
1111.4939988366161	349.0	0.5220795151804766
1111.3395528006831	972.0	0.06688278567618304
1111.6951325189868	246.0	0.6376211505692206
1112.1000965360186	552.0	0.33657836911488664
1111.9100754477834	1123.0	-0.0049621345726828334
1111.7181795152248	221.0	0.6683469867869761
1112.676069771332	426.0	0.4462772140684435
1112.5479550818511	521.0	0.36212463383250404
1112.357260751542	1099.0	0.006040299769112175
1112.2902934482547	985.0	0.06069273950577948
1112.6754659545918	524.0	0.3596775770150905
1112.6061119732233	367.0	0.5039220275853501
1112.5303251396342	314.0	0.5597710129726622
1112.3649332826835	368.0	0.5028252943225744
1112.1939292921716	486.0	0.3918134825912574
1112.0019845684155	452.0	0.42199561834350374
1111.81328759857	576.0	0.3174600481792202
1111.717210348551	509.0	0.37188301975205823
1111.5861010602341	182.0	0.7186116952697138
1111.4323291627124	270.0	0.6091013735524096
1111.7962037112752	182.0	0.7186573905875902
1111.62380683088	186.0	0.7133221523512916
1111.9229627040684	485.0	0.3925818448013924
1111.8139034912308	254.0	0.6280606027647883
1111.6752583820792	248.0	0.6352070121580309
1111.5515609539373	358.0	0.512776537398103
1111.8789338950703	310.0	0.5639572503535285
1111.7047823898206	356.0	0.5148888192347024
1111.5922747476868	292.0	0.5839247547119898
1111.46269153349	1312.0	-0.08274825486981868
1111.781376983211	555.0	0.33404583508783664
1111.617001734655	443.0	0.4300847096028195
1111.4832754650377	314.0	0.559447654834725
1111.7437705311818	258.0	0.6232872080886361

Average Payoff: 0.4473