16.733333333333334	16.733333333333334	0.0
7.400629109694449	23.533333333333335	-0.5215207800601388
9.464397327006166	20.6	-0.3703916812924427
9.401951944337975	25.933333333333334	-0.46784343918801435
10.710933443353127	24.0	-0.3828495876762895
10.28668945030555	19.2	-0.3022825117318176
11.470298986795562	23.066666666666666	-0.33576683592377493
11.221314750713734	21.133333333333333	-0.3063553204742432
13.005648937525352	15.8	-0.09700705123967628
13.128538659574714	25.133333333333333	-0.3137534586907756
13.654881632079038	17.066666666666666	-0.11105511354474687
13.425983701562748	19.266666666666666	-0.1786543121869333
13.537585099781657	19.4	-0.1779855712693765
13.581942969017751	19.266666666666666	-0.173058274328708
13.65431010156255	16.533333333333335	-0.09537091684482842
13.848302418018125	23.0	-0.24836144357919912
14.285305452867116	23.4	-0.24186335861155753
14.280631237577808	18.466666666666665	-0.1278284224038617
14.432081472215392	19.266666666666666	-0.1434648306378202
14.32296003658738	21.866666666666667	-0.20844941816990287
14.174412508797325	18.533333333333335	-0.13326876286660236
14.235739174437079	20.6	-0.18269343428294757
14.053172592365195	23.066666666666666	-0.24282147375162302
14.289335119592602	18.066666666666666	-0.11674284023182976
14.291558445544013	27.0	-0.30777335690092905
14.150760542088195	18.533333333333335	-0.13408885704311474
14.310650645926795	23.0	-0.23289192773757808
14.177066981889443	13.666666666666666	0.01833088628360889
14.233642289274378	22.066666666666666	-0.21578395894369667
14.224953306583199	14.333333333333334	-0.003795046534712269
14.104212454472831	23.2	-0.243827357476798
14.03730189379302	20.333333333333332	-0.18318053762856537
14.033035093067813	23.8	-0.2581596978118681
14.10888847673	16.8	-0.08706594303111306
14.135440736920952	21.8	-0.21328691414112233
14.293693936261445	17.2	-0.09228215875916258
14.31287679114843	15.066666666666666	-0.02565696354678123
14.219861335180708	18.333333333333332	-0.1263615457726869
14.544049273564617	17.466666666666665	-0.09130121920918623
14.569687356460616	17.666666666666668	-0.09607101683968945
14.60286246541271	19.0	-0.13085604058622227
14.505121953649729	21.133333333333333	-0.18598481124698346
14.512230683458801	17.466666666666665	-0.09238704983667213
14.579023929487136	14.4	0.006177707362495819
14.765276304559798	19.8	-0.1456584246883636
14.865756647924611	18.333333333333332	-0.10444794382515576
14.92379862342381	16.333333333333332	-0.04509481905952059
14.873452638690763	16.333333333333332	-0.046780873107256433
14.890032139620574	18.0	-0.09455654671231048
14.88140413894469	22.333333333333332	-0.20024134793211232
14.813701458193753	19.333333333333332	-0.132357960295312
14.848279421667792	23.6	-0.22762320473045972
14.843110905857937	22.6	-0.20716465342970491
14.85087784073321	27.4	-0.2970144716654487
14.862842057463377	27.2	-0.29330300424499234
14.871297907430272	23.933333333333334	-0.23352973952200706
14.846044371077552	16.4	-0.049732875319118575
14.837209237674113	22.6	-0.20735495301059928
14.797251691540481	15.533333333333333	-0.024268626575755098
14.81780042391936	19.6	-0.13894553159059964
14.820163365074187	26.733333333333334	-0.28669476493697105
14.831156248531	21.666666666666668	-0.18728542888757801
14.780722452625326	16.6	-0.0579743678661698
14.85167042213665	17.0	-0.06744794070110305
14.861651583683164	13.8	0.03704083767062302
14.848070873598873	16.533333333333335	-0.05370258286154653
14.839569968525444	17.0	-0.06785361842544414
14.888850813742895	16.666666666666668	-0.05633930275513575
14.875090398245916	23.133333333333333	-0.21727401781795191
14.907546923693173	15.733333333333333	-0.026950479317603526
14.936661740234953	16.933333333333334	-0.06265051464517925
14.959020479335042	10.066666666666666	0.19549328592362006
14.982120936669507	19.933333333333334	-0.14180575622404537
14.991661891425718	20.466666666666665	-0.15440673595967988
14.99646497666178	16.666666666666668	-0.05274909976748323
15.012362215795074	14.6	0.01392534012619643
15.029255880824353	17.6	-0.07878647703659188
15.043857444812732	27.0	-0.28437311136070337
15.040492065353044	19.733333333333334	-0.13495326482422518
15.211487572252738	16.8	-0.04962319930187096
15.218716030944938	17.933333333333334	-0.08188384592939911
15.392048099532044	18.866666666666667	-0.10142291066221926
15.368455106174247	16.4	-0.03247072891578128
15.397968380665674	16.0	-0.019174222103651998
15.387019528336193	12.6	0.09958257704127453
15.37416950174336	24.066666666666666	-0.22039332857464936
15.339851082114448	31.2	-0.34078641313015945
15.350299471366476	20.133333333333333	-0.13479549538494107
15.434751223019889	23.4	-0.20510621353635936
15.427869027312756	24.333333333333332	-0.2239737175260781
15.43533361439093	21.733333333333334	-0.16944378790340273
15.438864908623577	18.666666666666668	-0.0946415906439547
15.435851940517445	17.666666666666668	-0.06739108744629112
15.41472853889292	14.6	0.027144291438025152
15.479635048161741	20.266666666666666	-0.13391683583645106
15.465316790544996	13.733333333333333	0.059317244114489624
15.444245385994831	23.733333333333334	-0.2115773413850382
15.449539184288009	19.533333333333335	-0.11673695883573496
15.54302281328053	24.133333333333333	-0.21650956273074826
15.536691030199723	26.333333333333332	-0.2578609032894905
15.513423198255405	24.533333333333335	-0.22523447380721226
15.492480799461626	19.066666666666666	-0.10342228119799915
15.477729918747565	23.733333333333334	-0.21054270733522257
15.46289004945435	22.866666666666667	-0.19316102902119828
15.497414219645089	18.533333333333335	-0.08921106152493373
15.509711483129632	13.6	0.0656039302978456
15.499522761518113	21.333333333333332	-0.15838604958551336
15.49124239475489	17.466666666666665	-0.059937791206059306
15.473404290682405	16.066666666666666	-0.018809798392226733
15.525610610915479	22.666666666666668	-0.18697644039002614
15.49788761140954	18.333333333333332	-0.08381151027788725
15.505130512607925	23.8	-0.2110378309195876
15.51539045401992	22.666666666666668	-0.18729415730647658
15.60364532304949	19.266666666666666	-0.10504699082409882
15.586416856783048	15.666666666666666	-0.002567740550253398
15.555218084018712	22.666666666666668	-0.18605698355888733
15.536541741188682	29.6	-0.3115758920887357
15.523065919472543	23.2	-0.1982522276643126
15.504295654039058	20.066666666666666	-0.12826110723385936
15.510479649221669	23.266666666666666	-0.20001954125920351
15.490539179804719	26.866666666666667	-0.2685759662262908
15.4752556527827	18.533333333333335	-0.08992074566219409
15.448990570846302	25.333333333333332	-0.24236830607571186
15.4382406623804	21.133333333333333	-0.15572457099113124
15.438199766450989	22.866666666666667	-0.19393010841549804
15.432866333795408	24.066666666666666	-0.21857980783646883
15.439199688097519	21.933333333333334	-0.17376755387470866
15.429899345351785	14.133333333333333	0.04385738278727777
15.429748270540985	14.2	0.04150383794396417
15.439613633838796	17.933333333333334	-0.07472278974786158
15.425075679209664	20.933333333333334	-0.15149886377655908
15.424381239164546	17.266666666666666	-0.05635443173338915
15.427879134942183	21.733333333333334	-0.16967837644625053
15.438820958628677	18.733333333333334	-0.09640926780784186
15.447905873769308	24.6	-0.22852865653145568
15.455251645904246	18.266666666666666	-0.08337055426987307
15.46012860059556	18.533333333333335	-0.09040575916365867
15.4807058291189	22.866666666666667	-0.19260669915153888
15.466783331553295	14.466666666666667	0.03341133965333435
15.460197265723345	13.266666666666667	0.07635816440733843
15.443252972198085	15.666666666666666	-0.00718142949458078
15.444574676818542	23.333333333333332	-0.20343435376786057
15.46385569862601	17.933333333333334	-0.07394267919806559
15.485941131297718	21.333333333333332	-0.15881334673372435
15.477823419423927	17.866666666666667	-0.0716413188828228
15.481145820529152	24.8	-0.2313453103094581
15.476760511390811	15.666666666666666	-0.006097792455213661
15.467129824174428	17.4	-0.058808608666641345
15.449272283484177	28.8	-0.3017163227224172
15.438464747922474	18.333333333333332	-0.08571852107032413
15.420294064812516	16.266666666666666	-0.026710438057674826
15.416170012528474	16.333333333333332	-0.02888748560296458
15.411192313273295	24.133333333333333	-0.22056506880386606
15.398021947610484	24.533333333333335	-0.22877539020275717
15.393733118177176	16.2	-0.025519835810695793
15.382260053291029	24.933333333333334	-0.23690766965645346
15.409768024061933	22.0	-0.17616340127260974
15.38619832515739	23.133333333333333	-0.20112225342875556
15.380996748351938	25.466666666666665	-0.24690934744155998
15.37735728485292	13.266666666666667	0.07368694502415674
15.384569617662564	8.6	0.28287226853828196
15.387879658809153	20.666666666666668	-0.14641113384715013
15.38956423455484	26.666666666666668	-0.26814344011470337
15.395392002225137	13.466666666666667	0.06682563283807938
15.384754438046569	15.733333333333333	-0.011201809630711324
15.3886311891122	19.8	-0.12536346717154298
15.389945574969055	17.466666666666665	-0.06320557568214537
15.449200850489065	14.866666666666667	0.01921548784618294
15.44917209535153	13.266666666666667	0.0760035409995272
15.445760669475614	14.6	0.028149084950105735
15.434253121851862	15.466666666666667	-0.001048950809122787
15.434497507570002	21.533333333333335	-0.16497683761891782
15.427775824090714	21.666666666666668	-0.16818936810090795
15.417462884672256	17.8	-0.07172543922453313
15.414102307043212	20.533333333333335	-0.14240879592924696
15.408825596967441	18.466666666666665	-0.09026705932128597
15.3947373332759	18.466666666666665	-0.09072067222599438
15.391331918005562	23.0	-0.1981871350086181
15.405408856871086	18.266666666666666	-0.0849742038561145
15.401592411123701	21.2	-0.15841954425769972
15.388832082835632	25.6	-0.24912073358246203
15.387254894936506	18.333333333333332	-0.08736735013201713
15.374080365195024	18.866666666666667	-0.10200087919290204
15.368947341136607	17.866666666666667	-0.07515189353636219
15.367696714888831	11.133333333333333	0.15978108676721278
15.419030942367975	19.466666666666665	-0.11602564952722746
15.417080716923598	18.8	-0.09886639105957475
15.420729232046243	14.266666666666667	0.03887382272655345
15.410660359147554	17.866666666666667	-0.0738041942375334
15.454041124945311	16.2	-0.0235659918463563
15.44363005743586	17.466666666666665	-0.061471235771301744
15.440970957865725	16.8	-0.04215223678934266
15.423315616160947	28.733333333333334	-0.30142726030673633
15.418888472148167	19.266666666666666	-0.11093315874920644
15.412591462879405	20.133333333333333	-0.13280683784479572
15.412970731871575	17.4	-0.06055621371089093
15.408897085245274	27.733333333333334	-0.28566989069672005
15.407252473275726	21.266666666666666	-0.15977060349160557
15.402550544759201	18.0	-0.07776200957349749
15.393141778515457	28.866666666666667	-0.304418960711021
15.39714365362342	17.8	-0.07238141845719646
15.394113847149736	16.933333333333334	-0.04761339420308031
15.38968189336693	28.4	-0.2971092171510799
15.380039975282696	15.666666666666666	-0.009232112593761856
15.375144324714313	23.866666666666667	-0.2163896651919918
15.39454797982558	18.866666666666667	-0.10134254499341201
15.395566354456955	14.4	0.033413238151388025
15.39665195348528	19.733333333333334	-0.12344671779510401
15.39260154304344	20.533333333333335	-0.14309249871936391
15.390459723591524	14.866666666666667	0.01731139468332001
15.382515484726385	15.533333333333333	-0.004878334393938649
15.379768268748823	20.933333333333334	-0.152935574753165
15.376870281913096	19.466666666666665	-0.11737603994649204
15.373537644285992	22.2	-0.1816827156479407
15.414670398257652	18.266666666666666	-0.0846758625677921
15.408283683417825	23.333333333333332	-0.2045616641785722
15.409952428853263	20.866666666666667	-0.1504195918435876
15.406210898669405	16.0	-0.018906741193530988
15.395629650128516	24.2	-0.22235712445206454
15.391710314537411	18.733333333333334	-0.0979228936167068
15.388594801545368	17.0	-0.04975224174831278
15.380704294285309	21.666666666666668	-0.16967364240250082
15.382356484273949	23.533333333333335	-0.2094522000576616
15.378606128687263	22.133333333333333	-0.18006872749101585
15.43271197771375	23.466666666666665	-0.206531697135824
15.45608469008892	16.4	-0.02963061277284807
15.472909140109731	18.866666666666667	-0.09882933748666835
15.485253049276023	20.4	-0.13695728838738477
15.480279891917299	19.2	-0.10725749964173822
15.479256061468089	17.733333333333334	-0.06786815821768065
15.479331906271158	17.6	-0.06410855272826138
15.475846426985811	22.466666666666665	-0.184247686030327
15.476983306123465	17.266666666666666	-0.05465741791249363
15.487558538664958	24.4	-0.22343913209668564
15.498516221791572	17.866666666666667	-0.07097669606044003
15.489333724362183	23.6	-0.2074905224230746
15.502329302029864	16.8	-0.04017266636832261
15.540412878116861	17.0	-0.04485459749235998
15.531367921372393	17.133333333333333	-0.04904270819651713
15.543219058472888	17.666666666666668	-0.06394022628588425
15.539762668336023	17.8	-0.06779404383134999
15.535727782942729	16.266666666666666	-0.022983768875708487
15.528365010119693	21.666666666666668	-0.16503014999118623
15.515306149606245	28.533333333333335	-0.29553755431581685
15.51293268648271	22.733333333333334	-0.18878707383119728
15.503749008976804	21.333333333333332	-0.1582531501866752
15.501902249690044	15.533333333333333	-0.0010127547947624514
15.49794013440281	21.6	-0.16448513970020776
15.494750791318868	21.733333333333334	-0.16757731934648007
15.487197924901949	23.666666666666668	-0.20890578304564303
15.495183411792544	23.8	-0.21134439051161596
15.48582673218032	16.733333333333334	-0.03871940170433883
15.523568400814575	21.133333333333333	-0.15303434461546309
15.520457616862085	21.466666666666665	-0.1607642974410035
15.514727136129519	20.8	-0.1455407566208081
15.508746567941797	17.266666666666666	-0.053635329816944376
15.508858087121942	13.266666666666667	0.07792008797893653
15.506493284437525	18.066666666666666	-0.07625655094598684
15.505223922863555	18.0	-0.07445931663909997
15.499898892795335	14.066666666666666	0.04847476191464517
15.499051875664705	15.8	-0.009615247309433219
15.496681607726845	19.266666666666666	-0.10844712164037348
15.489128992421968	18.266666666666666	-0.08228328261896133
15.489118382904918	16.533333333333335	-0.032608838313866725
15.486170571179809	15.8	-0.010030931337735699
15.518399945168149	24.533333333333335	-0.22508222866359992
15.509788545832201	15.2	0.010087615724538911
15.508351881756218	15.933333333333334	-0.013516497244656533
15.507825970825316	24.266666666666666	-0.220212505931129
15.503844055438519	21.933333333333334	-0.17174075948960688
15.501909432599744	13.6	0.06535342421446888
15.49852766811528	15.4	0.0031887496120713787
15.497198886067086	22.066666666666666	-0.1748879590514209
15.489603501155122	15.133333333333333	0.011634095375873512
15.481492467506076	13.133333333333333	0.08206092710527213
15.474298251446546	18.8	-0.09703194283235524
15.472307746250411	19.866666666666667	-0.12434879600835366
15.495601354366244	16.866666666666667	-0.042366168879428956
15.487397522867159	22.066666666666666	-0.17519459706396104
15.486016030028676	24.133333333333333	-0.21825995232777004
15.48345446904936	21.133333333333333	-0.15429750132031872
15.480287046805394	18.266666666666666	-0.08256684865599961
15.476211198627622	21.866666666666667	-0.17112916393565383
15.473841077602321	16.333333333333332	-0.02702196192050018
15.498671915738877	17.266666666666666	-0.05395930051146103
15.525628069374118	16.4	-0.02738777538615302
15.526563835786268	14.933333333333334	0.019475788088160542
15.523708797678044	15.266666666666667	0.008348132399652977
15.520912727581084	24.666666666666668	-0.22757663131098316
15.517557424669402	24.066666666666666	-0.215972636529926
15.514998266773585	14.266666666666667	0.04191611190633039
15.511194005645375	17.8	-0.0687098155042636
15.508527230312339	22.733333333333334	-0.18892402191040886
15.505635052565289	24.866666666666667	-0.2318676720292643
15.499609003800261	21.4	-0.15990388937704086
15.496899807641649	19.466666666666665	-0.11354010072004676
15.493670554474138	20.333333333333332	-0.13508421731313716
15.489609946987274	13.533333333333333	0.06740448736570492
15.486110554770528	17.6	-0.06389053925604687
15.496425258330602	19.666666666666668	-0.11859711930996211
15.497260669864774	16.333333333333332	-0.026266323003100587
15.497491278614957	21.466666666666665	-0.161485496217388
15.490373010691966	14.733333333333333	0.02504787694604793
15.486517658727923	22.733333333333334	-0.18960868466260286
15.48370368786593	17.733333333333334	-0.06772517500677983
15.480540808933803	22.2	-0.17832703689520982
15.473939800536915	18.0	-0.07546348635730557
15.471009251508812	17.666666666666668	-0.0662586422952363
15.464381798420787	19.266666666666666	-0.10947797536455123
15.463775390489872	17.4	-0.058916682167637756
15.460257940799917	18.6	-0.09218198125972112
15.454566038134683	23.8	-0.21259778935673287
15.452089373235069	19.466666666666665	-0.11496908105329212
15.445240159076207	20.466666666666665	-0.1398262289985373
15.44343257544836	16.866666666666667	-0.04404920209477949
15.437656991216272	23.866666666666667	-0.2144550240533107
15.4313297736446	20.333333333333332	-0.13706276346085072
15.431653457462504	19.933333333333334	-0.127291999358033
15.428484312731984	21.0	-0.1529439336382364
15.425680799765463	19.733333333333334	-0.1225191502031519
15.434347919813673	16.333333333333332	-0.02829874193070364
15.42851181876282	17.8	-0.07136907587591979
15.437395260610083	16.533333333333335	-0.03427942123692695
15.43726651993361	19.266666666666666	-0.11034484552925679
15.432713226867552	20.333333333333332	-0.1370187811565119
15.429317332165972	23.2	-0.20116023798752233
15.423466123563074	14.8	0.020628544754401987
15.420505885377295	23.066666666666666	-0.19866777095537258
15.414125977622493	14.733333333333333	0.022582090161135257
15.422582971163523	19.0	-0.10392645525274352
15.419346177940197	17.2	-0.05458888759898022
15.427150697984894	15.266666666666667	0.005228545847250902
15.42369177286553	18.666666666666668	-0.09512880011377316
15.422153831347375	16.133333333333333	-0.02253742742979941
15.41573130352187	22.866666666666667	-0.19463084232463773
15.409205342930461	12.266666666666667	0.11354795524325517
15.403400478584446	13.933333333333334	0.050110116370688525
15.397483674855037	13.066666666666666	0.08188605597646532
15.397628705677638	23.933333333333334	-0.21702252335423264
15.396544591529404	14.533333333333333	0.02884112191713957
15.401135367514364	18.4	-0.08872082549534083
15.397915852469987	21.866666666666667	-0.17358978356660115
15.395617046071683	18.666666666666668	-0.09603142432201935
15.423273419456697	19.133333333333333	-0.10736181189367192
15.416821549616026	16.8	-0.042933423716358506
15.413969812728398	21.266666666666666	-0.15955821424270963
15.413790260699205	22.0	-0.17603695571627737
15.421245518129936	20.8	-0.1484972260044956
15.417920399138485	15.133333333333333	0.009315069957429421
15.414658768377823	18.533333333333335	-0.09186624515558063
15.408639317887474	24.266666666666666	-0.22326298761823488
15.405551677728193	21.0	-0.15367019766093315
15.4045620036472	21.4	-0.16289931655099366
15.400493092381689	22.333333333333332	-0.1837301142676328
15.399272419702406	15.333333333333334	0.002145574211928277
15.398977914369729	19.333333333333332	-0.11327652199430849
15.39752583773915	20.133333333333333	-0.13328716518765885
15.39454246004024	15.0	0.012980700747805161
15.394294906052549	12.533333333333333	0.10244198140264729
15.394461164361244	21.933333333333334	-0.17517435082793173
15.41714880211438	20.533333333333335	-0.14231198658040586
15.416834832865787	18.8	-0.0988742875739235
15.416343189860092	17.333333333333332	-0.058534628337950825
15.414693251649828	16.6	-0.037023835869147065
15.412989848004466	19.8	-0.12458499465486733
15.411136409811071	14.733333333333333	0.022485155063372373
15.408369316683162	24.8	-0.23357402558029344
15.406629290514127	19.2	-0.10961398978332906
15.403503268746201	18.333333333333332	-0.08684365102585039
15.401586296351004	17.066666666666666	-0.05128333736380087
15.39604504293597	22.333333333333332	-0.1838696683844841
15.394152995311863	19.933333333333334	-0.1284886305182967
15.388595680142558	13.933333333333334	0.04963051189914582
15.38304590691404	22.133333333333333	-0.17992907532978608
15.407549483764972	16.8	-0.04323366845828889
15.427126932134374	18.466666666666665	-0.08967835735684103
15.444603573566196	18.466666666666665	-0.0891167765669552
15.440490497984898	16.2	-0.024004352968658063
15.43995524310068	11.466666666666667	0.14766954357030135
15.437992707763183	16.2	-0.024085197163909798
15.434835851076967	24.0	-0.21719791560103877
15.434052601684332	17.866666666666667	-0.07304989557070292
15.42967853384033	14.6	0.027628618564976247
15.446217325830759	20.133333333333333	-0.13173623389466083
15.446002568292101	16.666666666666668	-0.03801191640107315
15.440493805328966	29.266666666666666	-0.3092608144952161
15.447418541483062	16.8	-0.04194386774795566
15.443266927681446	20.6	-0.14307063459772437
15.441036046233306	23.133333333333333	-0.19941472565394006
15.463118070996282	18.133333333333333	-0.07947908635353484
15.458932190210193	20.6	-0.1425740446963535
15.455640915342471	16.4	-0.029644956356935225
15.45132758244407	20.066666666666666	-0.12994368577944543
15.452217410021424	14.0	0.04930757469986935
15.446968295865151	18.933333333333334	-0.10140588861231177
15.449600811191623	18.333333333333332	-0.08536062941735517
15.447848161986368	21.2	-0.15695742387352918
15.447516258478016	22.4	-0.18369722583749717
15.45417682335395	17.866666666666667	-0.07240182392247188
15.46052134508405	26.4	-0.26133163905758766
15.456325073869689	23.666666666666668	-0.20985975835508586
15.481191707229854	18.333333333333332	-0.084346641648289
15.480411932519212	17.8	-0.0696982979713137
15.478664101689397	22.4	-0.18272386480498687
15.476060499835068	15.733333333333333	-0.00824344217877256
15.473854582533464	20.866666666666667	-0.14839666297444484
15.487022917260491	17.8	-0.06948585004098247
15.507950420867342	19.8	-0.12156042840130464
15.505644682879243	18.2	-0.07993780693028406
15.50160867129567	14.2	0.043822834167011854
15.49734099210492	23.666666666666668	-0.208592689127719
15.51691205817249	19.733333333333334	-0.11961395525992183
15.515689209197943	20.133333333333333	-0.12953073590240188
15.508384857476258	23.333333333333332	-0.20145732064212726
15.507725989338478	23.266666666666666	-0.2001047636300379
15.50464780115089	19.333333333333332	-0.10989975330093496
15.512151302047831	18.466666666666665	-0.08695168170179318
15.509580971560545	20.066666666666666	-0.12809348926977515
15.510131714431065	15.333333333333334	0.005732117997246411
15.516966118995839	19.466666666666665	-0.1129013836804721
15.509712972514748	21.333333333333332	-0.158065658102061
15.502304774524395	18.733333333333334	-0.09437617457661338
15.499028932699725	15.133333333333333	0.011938210843500512
15.495093188936272	17.866666666666667	-0.07108658200272075
15.501398759603827	19.666666666666668	-0.11843892624106049
15.506508563590584	22.466666666666665	-0.18329144352222057
15.511363578148112	17.0	-0.045788187821578986
15.511667709440793	18.933333333333334	-0.09933707418511858
15.507721052302635	19.266666666666666	-0.10809523505466466
15.508333171588747	21.466666666666665	-0.16114492281655812
15.505578603295824	15.866666666666667	-0.01150979345799546
15.524247173194329	17.333333333333332	-0.055058410639200916
15.516763823878582	13.066666666666666	0.08571739343961365
15.512297629134629	16.2	-0.021685668408761603
15.50935198090688	19.8	-0.12151590947954068
15.5072382083585	15.6	-0.0029820002348062897
15.504477530375143	18.666666666666668	-0.09253974985611618
15.501538676587607	17.533333333333335	-0.061504541508002344
15.516428444419795	18.6	-0.09038377392298715
15.516399897422495	23.4	-0.2025778366795858
15.513432833443787	16.466666666666665	-0.029807094040454313
15.509503873653628	13.866666666666667	0.05592414452837149
15.503700029190002	24.866666666666667	-0.23192671763463607
15.502696896674161	25.4	-0.24197189560208676
15.499808368599728	21.733333333333334	-0.16741872105866304
15.518697032391271	22.4	-0.18147519577823348
15.512896068372344	18.533333333333335	-0.08871576436037497
15.510815296551185	20.066666666666666	-0.12805435119960418
15.503401548765126	16.4	-0.028103537795629727
15.49751332525057	20.133333333333333	-0.13010692820474806
15.49761755384385	20.4	-0.13656567706207595
15.496869883031408	12.266666666666667	0.1163469650410898
15.495076212771494	19.4	-0.11190472155493715
15.49222543422795	15.6	-0.0034662866445515
15.484776622111696	12.066666666666666	0.12406282747580115
15.50420536674503	17.133333333333333	-0.049915772802573234
15.499518789170393	18.733333333333334	-0.0944652386132069
15.500329360986306	14.4	0.03679990771011394
15.49835650797959	24.066666666666666	-0.2165627483867557
15.49265693191364	19.666666666666668	-0.11871700896207144
15.498562563972568	17.133333333333333	-0.050097327305329266
15.498652648839968	14.266666666666667	0.0413899803699227
15.498066660010007	15.333333333333334	0.005343037510857115
15.493347483172972	26.533333333333335	-0.26268993019844483
15.509075006018232	20.666666666666668	-0.14257044699494748
15.50646198408146	17.6	-0.06323653723328017
15.503770963785591	17.533333333333335	-0.06143281660810497
15.50100334755524	21.933333333333334	-0.17182967713868968
15.499733685344603	18.533333333333335	-0.08913682820075662
15.512217398199237	18.666666666666668	-0.09229234232694095
15.507862019029707	23.266666666666666	-0.20010055339496938
15.504653398368834	19.0	-0.10130073069496198
15.504414116668155	16.333333333333332	-0.02603573691784965
15.502233691387348	21.733333333333334	-0.16734268173784386
15.500158172440528	18.2	-0.0801136248009471
15.496773351453285	14.666666666666666	0.027520292257380223
15.49109665384286	18.133333333333333	-0.0785808616086036
15.492080592171591	12.066666666666666	0.12429497949716758
15.490525771920183	21.466666666666665	-0.16170440719157064
15.489568162947473	15.4	0.0028996249631909944
15.48745897418783	20.533333333333335	-0.14008227015295063
15.48182178245483	20.2	-0.132229185110306
15.476146544393632	21.733333333333334	-0.16816109253612976
15.473953901677621	19.8	-0.12264137188535118
15.468239706629777	14.533333333333333	0.031161911812127893
15.466036773871865	19.933333333333334	-0.12619706356165342
15.460285293711824	19.466666666666665	-0.11470744362404495
15.458637233522285	18.0	-0.07595535791671508
15.455514920988144	19.6	-0.1182263358091627
15.456417521629326	13.933333333333334	0.05182365089831341
15.453813902346928	19.8	-0.12328272083389358
15.460322762081937	19.666666666666668	-0.11974678083690767
15.466609302166662	23.6	-0.2081929003595983
15.481093214325016	17.2	-0.05259636739818543
15.487713435073749	26.933333333333334	-0.2698099356375069
15.49315315737817	20.4	-0.1367070432933859
15.48754007317082	15.133333333333333	0.01156749303441652
15.485255515624349	22.666666666666668	-0.1882319615963076
15.489049564925427	18.666666666666668	-0.0930332445730453
15.485728357305858	17.533333333333335	-0.06201281536137556
15.482920244380432	22.466666666666665	-0.18402694181246196
15.480792200601956	21.733333333333334	-0.16801526417783838
15.478400976867844	19.733333333333334	-0.12083847728093289
15.475941506344384	25.0	-0.2353017160122828
15.470285782012574	24.2	-0.22005675144255402
15.468074673438025	21.466666666666665	-0.16241055915329275
15.46554431530194	20.0	-0.12785524012785632
15.482110310974033	19.933333333333334	-0.12568593145591683
15.479782575679579	21.266666666666666	-0.15748144950882326
15.477906789174108	16.6	-0.034980250369846005
15.472507427220746	22.866666666666667	-0.19286172470326648
15.466994705768974	26.2	-0.2575900990705479
15.464967879867526	22.066666666666666	-0.17589691646959632
15.458996025792587	20.666666666666668	-0.14415432832907205
15.46007588263655	14.866666666666667	0.019567192717950422
15.456900889096156	17.066666666666666	-0.049495362856811734
15.456031789966424	18.933333333333334	-0.1011156074239632
15.452344572527	16.0	-0.017412229037811255
15.446286032124323	11.466666666666667	0.14787003901048856
15.447697806170039	23.8	-0.21280999041214888
15.445029272679577	19.933333333333334	-0.12686579394974384
15.450479451171752	13.666666666666666	0.061263311221708146
15.450404017295583	21.666666666666668	-0.16747718865802202
15.449997782034261	18.933333333333334	-0.10130884467276642
15.4472930895022	15.4	0.0015331358043307142
15.444131317036767	19.0	-0.10323583574321203
15.442211505000019	19.266666666666666	-0.11018665434103832
15.438456770761276	16.866666666666667	-0.04421001203328329
15.43575827559537	22.6	-0.18835543312939224
15.433507123334953	20.8	-0.14810856863505054
15.42829697626045	24.066666666666666	-0.21872079104833417
15.426302688611814	17.733333333333334	-0.0695734610354203
15.423951031158396	21.266666666666666	-0.1592427710982531
15.418354195511426	22.866666666666667	-0.19454899862712247
15.412731834190504	22.0	-0.17607022644065692
15.410441651057823	19.733333333333334	-0.12300590031080869
15.408382495362472	16.8	-0.043206687105069634
15.405030455483397	17.866666666666667	-0.07398589263859576
15.399500299164579	23.2	-0.20208810063285326
15.3938755927853	22.0	-0.17666327179227373
15.406696807602282	22.2	-0.1806407839314522
15.400922433831632	24.0	-0.21824559007747402
15.395193865789068	22.866666666666667	-0.1952720724215672
15.389308282497273	15.733333333333333	-0.011053851247031357
15.38917217952429	21.733333333333334	-0.17089797862947856
15.389068628493188	20.133333333333333	-0.13355697933767202
15.3888865310044	19.466666666666665	-0.11699083106030658
15.386535663023789	11.133333333333333	0.16037795398893914
15.380971162103222	23.333333333333332	-0.20541146934894555
15.381846578780301	14.0	0.04703062399686877
15.382671446244341	21.933333333333334	-0.1755456385479413
15.38241109384974	15.733333333333333	-0.011277963807191545
15.3829581607607	23.133333333333333	-0.2012232972575008
15.380895706260263	23.466666666666665	-0.2081410123699658
15.378289981433173	18.666666666666668	-0.09658924577943409
15.374859014295778	13.333333333333334	0.07111299994933484
15.371386086837216	20.933333333333334	-0.1532017692279961
15.383458044761554	21.266666666666666	-0.1605235635138402
15.381003517711436	20.2	-0.13543734031812152
15.378337538315174	18.266666666666666	-0.08584719177784543
15.37282795673096	22.466666666666665	-0.18747181431829454
15.37074956310586	18.533333333333335	-0.09328032201571887
15.365223847897404	25.533333333333335	-0.24861780430000846
15.3596774923868	15.133333333333333	0.007422820932544665
15.357030538049967	17.6	-0.06805738943502367
15.35119286158521	22.933333333333334	-0.1980471283135402
15.345277823982107	20.266666666666666	-0.1381948925585024
15.341746918401775	19.333333333333332	-0.11511397770252664
15.336160129148734	22.666666666666668	-0.1928937175359049
15.349057693308563	13.6	0.0604184672205358
15.361551815107207	14.4	0.03230852413479041
15.358002784422732	14.666666666666666	0.023025602959002165
15.375339610711228	20.133333333333333	-0.13399525603561327
15.374114581027444	24.933333333333334	-0.23715762835235524
15.371421541982816	17.333333333333332	-0.05998857960654723
15.370082454050413	12.6	0.09903733600360808
15.366389521603509	17.6	-0.06775417359346449
15.362661154431507	24.466666666666665	-0.22857542444923296
15.358897901796837	23.066666666666666	-0.2005896035993632
15.355100304535235	17.2	-0.056670066386118705
15.351268895213732	18.266666666666666	-0.08672149918565264
15.349183214469017	19.6	-0.12162850157170883
15.346494631713089	17.4	-0.06270916601553463
15.344358554646865	21.066666666666666	-0.15715866491642194
15.34283200709692	18.533333333333335	-0.09418130104674631
15.34655145661035	20.333333333333332	-0.13976451734867987
15.348153987603446	18.133333333333333	-0.083185651791169
15.348065570811602	14.933333333333334	0.013695940494397044
15.349450279706122	18.8	-0.10104261392296628
15.344657909768483	19.066666666666666	-0.1081623216400979
15.351371116715882	20.533333333333335	-0.14440587698947446
15.352464896849552	16.2	-0.02686113766138986
15.34991959813895	22.666666666666668	-0.19246196956146214
15.347376329031727	26.6	-0.26825572075601656
15.345072554711503	14.733333333333333	0.02033815301432969
15.34248687819202	19.466666666666665	-0.1184797493900505
15.339903606863508	16.666666666666668	-0.04145283447943839
15.337557149631081	19.933333333333334	-0.13029940896791303
15.33226390726578	21.2	-0.16061791592300428
15.329878502487713	18.066666666666666	-0.081948241960869
15.327263792115367	15.333333333333334	-1.9795900233556592E-4
15.324606830382333	21.0	-0.1562410075384684
15.318538901795083	25.666666666666668	-0.25248446656162443
15.316097172246426	22.666666666666668	-0.1935238184770965
15.31244388082016	19.133333333333333	-0.11092475657489882
15.309737311974816	22.6	-0.19230580861140284
15.30744680306005	23.066666666666666	-0.20219932558775214
15.30483590437469	22.266666666666666	-0.18529551084970136
15.303422613507172	19.0	-0.1077611825543402
15.304503062278084	18.666666666666668	-0.09897108728416527
15.301772463729359	18.733333333333334	-0.10082415756439715
15.302800628240448	17.266666666666666	-0.06029776356622535
15.30161861535591	22.8	-0.19679954965540636
15.300122785548758	20.666666666666668	-0.14920831030102827
15.306536341242076	21.866666666666667	-0.17647471282011665
15.311721470079409	22.266666666666666	-0.18507832670412908
15.312815055361897	18.466666666666665	-0.0933658970039215
15.319191509004433	20.533333333333335	-0.14543304403966525
15.317480674050765	14.933333333333334	0.012698743928796852
15.318658217105614	22.333333333333332	-0.186302897333619
15.31870901450262	23.0	-0.2004579794843875
15.330588035499291	25.2	-0.24350527448198983
15.327801303466517	18.133333333333333	-0.08384449781273559
15.326058180060855	17.933333333333334	-0.07839214834169408
15.320274267391847	25.933333333333334	-0.25726378087124974
15.32294343477764	21.533333333333335	-0.16850291030832198
15.320429118640678	18.2	-0.0859049528025879
15.31808747565762	19.6	-0.12262734971746155
15.312192891975432	27.2	-0.2796328841053151
15.306243498669037	14.2	0.0374918446910715
15.3036646140125	22.6	-0.19249683270176834
15.301130620609966	18.066666666666666	-0.08288038980359122
15.311568033457467	21.0	-0.15665619180370324
15.308938177042448	17.6	-0.06961822379780754
15.311396958770825	18.666666666666668	-0.09874811422108053
15.308726219738743	22.533333333333335	-0.19091474404193964
15.306019330419009	20.733333333333334	-0.15059410343885032
15.303603833333433	17.733333333333334	-0.07354584620669442
15.301026033922374	21.733333333333334	-0.17368485399259118
15.297482582837713	24.6	-0.23316051076274813
15.298120952614767	18.666666666666668	-0.09917758803059952
15.295334350311931	13.133333333333333	0.07605002953488306
15.290340611861572	22.4	-0.18863346079448637
15.291601557239181	8.866666666666667	0.26595179882201614
15.292686191741057	13.733333333333333	0.053722586972721594
15.29134620799498	19.066666666666666	-0.10988180464464259
15.28992109405766	13.4	0.06587404293869273
15.288531900301603	13.6	0.05844990344711753
15.303972550649773	17.066666666666666	-0.05445348496775909
15.301190850010226	19.866666666666667	-0.12981956078761564
15.301871643323642	14.4	0.030364135100771104
15.301928568836258	20.666666666666668	-0.14915061493797585
15.314674378731828	16.133333333333333	-0.02603214048079181
15.314408275359257	20.4	-0.14239607962788192
15.3134683048861	22.466666666666665	-0.18933755443612613
15.314056929059804	18.0	-0.08062491688297656
15.310601631265959	21.4	-0.16587574428493637
15.308502894397765	22.333333333333332	-0.18662294784015632
15.305672502077355	20.933333333333334	-0.15529291440321327
15.302810830661288	22.6	-0.19252369440199113
15.30028597668895	21.2	-0.16163473423410776
15.297727097279443	18.266666666666666	-0.08845503333882261
15.294843445153505	22.666666666666668	-0.19419204346187952
15.292484499596071	19.6	-0.12345109734028242
15.303402003583209	20.533333333333335	-0.14593771671948616
15.310965952791294	17.466666666666665	-0.06576743167826192
15.320825928760213	13.2	0.07436060701950384
15.317352283030267	27.066666666666666	-0.2772109553268405
15.317285274796518	18.6	-0.09678589246182462
15.324335466231728	18.6	-0.09655795725251179
15.325310226703454	15.8	-0.01525092504585847
15.335741966782763	16.666666666666668	-0.041588266531063574
15.333342303462903	18.066666666666666	-0.08183603680011707
15.339919918110969	18.666666666666668	-0.09782654134551835
15.336425335909135	19.4	-0.11698309842752017
15.345944866915332	19.933333333333334	-0.13003067807622173
15.342414386309983	18.4	-0.09061549593589674
15.33996809652016	20.2	-0.13674834738964503
15.337833035355787	15.866666666666667	-0.016947351707632233
15.3348970770714	18.2	-0.08543646090053272
15.334863997372379	17.333333333333332	-0.06117476626365725
15.332706486010885	19.666666666666668	-0.12382965151260782
15.330516784474584	21.666666666666668	-0.1712603309535616
15.328295290534276	12.4	0.10560675511609689
15.327833340387507	17.6	-0.06900443877142616
15.323188654553869	15.8	-0.015320131582223529
15.324284308137036	23.733333333333334	-0.21529856486351043
15.321904893462307	21.466666666666665	-0.16702909389023357
15.319386217157925	20.8	-0.15173607186709612
15.315852701413723	19.666666666666668	-0.12437108715568443
15.313308835397146	17.466666666666665	-0.06569125810157925
15.315704495470412	23.2	-0.2047033958695163
15.313303359416688	16.0	-0.02192986899853239
15.310730558282515	20.933333333333334	-0.15513168699472096
15.31698793305841	19.6	-0.12266270146648467
15.312390066608645	21.6	-0.17033873780715159
15.307779474897497	15.933333333333334	-0.02002341793250805
15.305357238276022	16.4	-0.03452548266519699
15.303342338760674	18.066666666666666	-0.08280861798558586
15.300522346346744	22.133333333333333	-0.18253024869932352
15.297940073901122	21.333333333333332	-0.16476067300025274
15.30685374422807	19.466666666666665	-0.11962587834895495
15.300747108916726	26.466666666666665	-0.2673356702846028
15.29460479929888	25.133333333333333	-0.24336458866035832
15.29107872088245	14.666666666666666	0.020843092366867443
15.290183910362833	16.733333333333334	-0.045065300353745036
15.287100122057153	11.333333333333334	0.14852375696095976
15.283597788301599	15.333333333333334	-0.001624445795502692
15.28308729422693	14.4	0.029750520404886613
15.282150656850607	20.066666666666666	-0.1353515158945066
15.283268108626036	17.733333333333334	-0.07420706910171611
15.287028047149157	18.466666666666665	-0.09420120216398241
15.287902702632824	16.933333333333334	-0.0510666514737001
15.287893932568462	17.866666666666667	-0.07778033210181338
15.289508097848652	18.733333333333334	-0.10122097657394398
15.28498666496428	17.333333333333332	-0.06279743004777558
15.28607367353379	13.666666666666666	0.05593277140052272
15.291565585982852	19.733333333333334	-0.12681743229531073
15.288122351286624	15.2	0.0028903830242896574
15.2888889993601	17.4	-0.0645819134654966
15.294866349667156	18.866666666666667	-0.10455620698555033
15.291415117705872	17.533333333333335	-0.06829963126667876
15.285451251103106	24.466666666666665	-0.23096166686151387
15.282964982887972	19.133333333333333	-0.111876306831946
15.278498326104295	22.066666666666666	-0.18176833177404308
15.276567429353136	20.866666666666667	-0.1546651642313638
15.272096142915858	26.666666666666668	-0.27169543783364253
15.269601259170583	18.4	-0.09297403663124133
15.26764852591832	21.066666666666666	-0.1596016908537138
15.26421306551829	18.4	-0.09314897479940339
15.261515945955303	16.533333333333335	-0.04000073647798362
15.255476925681116	20.2	-0.13945724336703158
15.253028222080127	16.866666666666667	-0.05023828682606452
15.250552624314274	18.866666666666667	-0.10599087843329398
15.248050476511706	18.8	-0.10432167110239199
15.24461722759687	20.133333333333333	-0.13818539593798118
15.255551702518998	17.466666666666665	-0.06757228190341343
15.255625308465195	17.333333333333332	-0.063754968291723
15.25479958408066	19.6	-0.1246657696434995
15.258557543265232	17.6	-0.07125822409129695
15.258458675761478	19.2	-0.11438530554505191
15.257568231733282	11.466666666666667	0.1418525761159803
15.257442154825428	10.4	0.18931903365557748
15.254626246212336	24.066666666666666	-0.22410352680870524
15.2560487233741	14.2	0.03585167628189385
15.256837802607395	20.333333333333332	-0.14263757011270561
15.257669554270539	16.933333333333334	-0.052053792325558776
15.254983010917034	16.333333333333332	-0.03413763211259525
15.25161226238905	24.733333333333334	-0.23713227390157168
15.249774401215575	23.333333333333332	-0.20951031181138904
15.260957461497606	18.533333333333335	-0.09683221026009105
15.259771955826587	20.333333333333332	-0.14254337564224628
15.257050035224687	18.2	-0.08796202778418534
15.255252859105045	21.533333333333335	-0.17065294223018285
15.2528566631348	25.6	-0.2532783306241191
15.250435360153999	16.666666666666668	-0.0443721771896013
15.247989261298073	17.2	-0.060158141787545576
15.246172704228663	20.066666666666666	-0.1365082516250741
15.243451727500286	20.933333333333334	-0.1572799129680855
15.240708803017046	15.933333333333334	-0.02221798916184356
15.236448736609375	15.2	0.001197535787594535
15.258282854886732	20.2	-0.1393670744107175
15.266293651530312	19.266666666666666	-0.11584216870710551
15.274116493306206	17.733333333333334	-0.07450490277023315
15.282669797924257	19.333333333333332	-0.11701707791190381
15.280835881458282	19.466666666666665	-0.12046421982158426
15.278972375379393	20.933333333333334	-0.15614473719063668
15.280189880689498	17.066666666666666	-0.05522876027726978

Average Payoff: -0.1081