197.0	197.0	0.0
694.0796458817798	242.0	0.4829499795991443
829.4165009999998	624.0	0.14133354125171024
997.456797974153	507.0	0.32600258022336326
1074.4020199082508	976.0	0.047991573824461044
1167.0047908464692	163.0	0.7548881009725383
1154.7647957089116	182.0	0.7277007883746939
1182.2659011641597	169.0	0.7498641831272425
1200.3496183993086	1320.0	-0.04747372377514917
1189.6296521190986	714.0	0.2498540887875082
1181.8567082425952	404.0	0.4904962120471752
1159.9766950433377	352.0	0.5343843577034623
1182.3734890946928	924.0	0.12266271410667073
1224.168313894304	341.0	0.5642641152738954
1222.9771417143536	325.0	0.5800971587473585
1244.7718798650442	1291.0	-0.018230393870215217
1242.3093707042879	333.0	0.5772259009020906
1249.4389223332553	228.0	0.6913577995631394
1258.6724391617572	392.0	0.5250420486828203
1259.3364359132224	595.0	0.35826100541784933
1259.535292017144	239.0	0.6810218601147691
1264.7234125127266	394.0	0.5249358669108711
1268.3501098540437	528.0	0.412141322447548
1263.276833693797	521.0	0.4160099036634023
1255.2251621187863	513.0	0.4197571542469233
1264.3923134988456	211.0	0.7139743808213014
1269.3315704274123	618.0	0.3451071240650678
1269.210765620943	225.0	0.6988376671125138
1268.8728057780916	220.0	0.7044744196465769
1263.9823007157588	363.0	0.5537751088745031
1266.2000807171648	316.0	0.6005562079648403
1272.5389399600333	302.0	0.6163956414978652
1266.5539782277463	526.0	0.41312785401302876
1271.0806828783861	1594.0	-0.11270862948166434
1273.024539871411	687.0	0.29898836874249424
1276.0010587500487	978.0	0.1322098131201875
1274.2377697257164	431.0	0.49449864687277556
1272.918854449434	654.0	0.3211961173249684
1269.4742012210095	548.0	0.3969653053321533
1271.7321131570607	463.0	0.4662000011547829
1278.7100466288941	268.0	0.6534579954606038
1279.360732087411	458.0	0.47276349517843613
1276.5485317821908	395.0	0.5273843475201353
1273.236489230312	434.0	0.4915760028118144
1270.408830887768	947.0	0.14584988856488282
1273.4748602011882	1222.0	0.020627280611850467
1270.5247717069228	685.0	0.2994207898454974
1271.7301438269976	337.0	0.5810360099322651
1270.3902923802898	368.0	0.5507785883357971
1272.342857841702	480.0	0.45216200374029675
1270.362756726551	146.0	0.7938381261345361
1267.9947591062553	868.0	0.18726392347218182
1269.2852984405401	215.0	0.7102982826470233
1269.267377905987	196.0	0.7324720348580973
1265.6175376201982	334.0	0.5824001773612679
1271.6414601426306	433.0	0.4919752802870698
1271.953873832086	679.0	0.3039302372984345
1269.6779999010255	912.0	0.1639462835107894
1268.4322418387208	791.0	0.23182711824131458
1265.8682948161747	1276.0	-0.003985928462339145
1271.6525986866486	372.0	0.5473496038064923
1276.4425497571176	1542.0	-0.09422134585136997
1275.6309370648135	817.0	0.21916475043043324
1279.6725039490009	399.0	0.5246243694808004
1278.01296973156	351.0	0.5690642044945287
1276.2486257786063	308.0	0.6111721418112286
1275.8322746048032	907.0	0.16896959005775164
1279.7860087211934	641.0	0.3325649009420261
1277.5126888497775	1356.0	-0.029803278139701263
1274.5446905468787	249.0	0.6731306911507517
1271.9874948735132	216.0	0.7096749794683441
1274.0716140805382	315.0	0.6035420968962888
1273.8657484257021	663.0	0.31538879187791824
1273.6108901207035	550.0	0.39680114548603523
1275.4465308520794	325.0	0.5938633453415408
1273.718224155466	1081.0	0.08184343340043822
1274.0473759785182	278.0	0.6417635127603891
1275.2636140712232	541.0	0.40427149912745525
1273.4553282649056	314.0	0.6043983167158434
1274.4517663845118	588.0	0.3685742518406732
1275.1412787089735	328.0	0.5908033754028942
1275.231461377449	623.0	0.3435995423361902
1272.5728348005978	309.0	0.609249737728382
1273.0152919935579	589.0	0.36735213450434134
1272.595611828609	269.0	0.6510109422523359
1271.136569809222	208.0	0.7187548408368706
1270.5008567601574	341.0	0.5767920338738589
1270.9503658714953	401.0	0.520320688717358
1269.440571073656	300.0	0.6176981715277442
1272.389544669956	390.0	0.5307958940785699
1272.013655078864	611.0	0.35104028762403194
1270.6295282669905	318.0	0.5996549298099716
1271.0009161114822	514.0	0.4240899314273538
1268.4708230964538	845.0	0.20036748010366434
1269.0422991308985	643.0	0.32742073719575154
1272.4807076651664	290.0	0.6287954167020079
1272.992783267563	142.0	0.7992922625766509
1273.3124299979502	591.0	0.3659860970828266
1271.91705733982	246.0	0.6758716178720333
1271.2271896717245	959.0	0.13999792986008855
1270.6319955534161	164.0	0.7713699394572108
1269.450867865005	215.0	0.7103305947616557
1268.996610353216	213.0	0.7125499498285168
1267.8020655087623	212.0	0.7134751938231503
1266.5211096734124	701.0	0.2874282298131393
1267.7902013705918	319.0	0.5979304639964838
1268.8585821271017	589.0	0.36593666959770277
1267.5257795304599	432.0	0.491622892452562
1266.9032103942013	946.0	0.14501457130474152
1267.7891274872304	818.0	0.21564458341438167
1267.308993173004	424.0	0.4986132023048623
1270.407450168083	475.0	0.4557144809319366
1270.022701442505	296.0	0.6219722744410454
1269.3039779057092	360.0	0.558093511239394
1270.0915603034773	841.0	0.2032557793191091
1270.4566416723515	425.0	0.49866013727040315
1272.9943252277776	409.0	0.5136725566007926
1273.3369165399208	348.0	0.5707246329249526
1272.3782593997962	222.0	0.702886469869865
1271.7590395705724	885.0	0.17932417691295693
1271.6933342831644	963.0	0.1381367767771079
1271.5915605165267	197.0	0.7317157400377379
1274.248673048053	319.0	0.5995603129676935
1273.931994905981	463.0	0.4668760764867344
1272.8196427766602	213.0	0.71328956238329
1274.0952570749075	439.0	0.4874774205497621
1273.0481474116955	978.0	0.13107145120416386
1272.655447304354	221.0	0.7040816871135234
1273.2042058542515	247.0	0.6750436565708582
1273.5639492761659	299.0	0.619729296048499
1273.5593366172943	294.0	0.6248945821286286
1273.4646903684732	274.0	0.6458723721382531
1273.3432977942184	741.0	0.2642763516909726
1273.5089436987118	493.0	0.4418369612465614
1273.405322913254	914.0	0.16430668753909167
1273.4519026404835	388.0	0.5329386311052807
1273.2390467958194	576.0	0.3770410580524606
1273.45632557278	1248.0	0.01009588201651574
1272.9349757509453	572.0	0.3799239458104171
1272.1297473399059	461.0	0.468014439533375
1273.9046719595872	1564.0	-0.10222166054651179
1273.3493038393576	504.0	0.4328633106488638
1273.4567448417438	373.0	0.5469058009952731
1272.9723984381415	358.0	0.5609980888176532
1272.433942542393	211.0	0.7155249129079839
1272.4776590393374	288.0	0.6308822515571305
1272.2129607331344	551.0	0.395572528424286
1271.7353281395162	600.0	0.35888371504277455
1271.1458866192422	535.0	0.40757830919027577
1270.606282652137	228.0	0.695717277260442
1269.8712726139524	386.0	0.5337801840228054
1269.7182789411531	509.0	0.4276777767157137
1270.2645266005593	195.0	0.7338364555205557
1269.813225441021	184.0	0.7468725737528179
1269.224832146783	336.0	0.5813670542952628
1271.6672030018062	167.0	0.7678406796908258
1271.4366536908674	155.0	0.7826752423965809
1271.441219437861	751.0	0.2573331745990215
1271.3838106338574	225.0	0.6992750143364734
1270.7718206036666	663.0	0.31429345185821256
1270.118360699076	425.0	0.4985600889548176
1270.4967914418935	465.0	0.46413038353857566
1269.370014862376	355.0	0.5629074696628438
1268.5616368311366	916.0	0.16138781844697803
1268.2373298993625	759.0	0.2511976878033528
1268.0529684550688	1201.0	0.027157363293435165
1269.6893132383832	554.0	0.3924403724050512
1269.782247391419	285.0	0.6333891765510353
1269.1206267508169	353.0	0.5647672630770063
1268.8887875121206	248.0	0.6730149210124367
1267.774486628398	568.0	0.381187608677148
1267.6644984528946	803.0	0.22440356648798998
1267.4043921304735	317.0	0.5998496323609087
1266.5987556863588	363.0	0.5544915596758533
1267.1046530741746	534.0	0.4070305697244697
1266.8536163234603	582.0	0.3704206813762393
1266.8277120609994	511.0	0.42514114665519737
1266.6474930117301	264.0	0.6550479438207568
1266.5259038483784	495.0	0.4379872598880537
1267.801182069899	429.0	0.4943426436364569
1267.780207945387	423.0	0.49963928130667695
1268.246114207602	305.0	0.6122666412513346
1267.913434277881	284.0	0.6340002042289843
1267.4261042416765	408.0	0.5129597193608643
1269.0064498219372	270.0	0.6491242775087278
1268.4451080965057	617.0	0.34551263534486404
1268.6264922945456	559.0	0.38827763511111335
1267.950891859972	257.0	0.6629399656450066
1267.976911228389	428.0	0.49527614772774076
1268.0312469400099	863.0	0.1900634950902772
1269.6812858984279	473.0	0.457158341198175
1269.1553247786433	281.0	0.6374556852357672
1268.3895614328312	238.0	0.6840126802609787
1268.070544962706	425.0	0.4979535834883222
1267.976668933669	854.0	0.195090113380794
1268.4233161871384	261.0	0.6586948855328365
1267.6756683588355	537.0	0.40487921523500614
1269.70807089743	179.0	0.7528832708316244
1270.006750348875	183.0	0.748108534311956
1269.782047446824	250.0	0.6710054571048651
1269.7402627963463	578.0	0.3743709420227037
1269.0068429729015	526.0	0.41392981084257535
1268.4652457493394	443.0	0.4823149332418502
1268.1374299474917	449.0	0.477036616674613
1267.9063892505399	354.0	0.5634766564258022
1267.8499229819417	749.0	0.25725757631723767
1269.0119349067747	437.0	0.48769408811447745
1268.938665494797	328.0	0.5892140292083514
1268.6345251232412	146.0	0.7935862621657976
1269.0035230427134	263.0	0.656658753006448
1268.2264475982902	239.0	0.6828611913215328
1267.4919308702695	391.0	0.5284873049761195
1266.7402727664876	1281.0	-0.005597009783900917
1266.744461422924	336.0	0.5807191875095327
1266.8812476289463	619.0	0.3435429714588366
1266.546454984127	259.0	0.6604495403547775
1266.149623346676	205.0	0.721306389578986
1267.4485622379495	183.0	0.747664267779834
1266.6980601779997	212.0	0.7132612725893746
1265.932405640885	179.0	0.7522375450904136
1265.8795789566145	523.0	0.415276460023043
1265.5067517388475	482.0	0.44835692391987797
1265.4173572760112	278.0	0.6397604333144934
1265.1807315795525	198.0	0.7293567421623269
1264.761061272589	294.0	0.6227773360466481
1264.6520535728855	286.0	0.6311229210434124
1264.2060223795359	395.0	0.5238686520272942
1265.4556383384993	912.0	0.16232506973515315
1265.2152912318234	555.0	0.39018202662784357
1264.4853455408354	614.0	0.3462818313089123
1264.285599013224	368.0	0.5490985153303204
1265.7570983330381	522.0	0.4160280493510785
1265.3249374276172	719.0	0.2753203001801945
1264.9360979867515	358.0	0.5588242809509282
1264.1435433537831	595.0	0.35992032231502064
1264.2204154448518	347.0	0.5692706017454544
1263.7854249865766	398.0	0.520997122714306
1264.335695937433	300.0	0.6164506112350469
1264.434936139098	745.0	0.25849801195212296
1263.6317821758055	398.0	0.5209528317051768
1262.9062936063185	302.0	0.6140343977989345
1262.9744193954764	262.0	0.656387678812526
1264.1067873062102	180.0	0.750710956305709
1263.7415533328926	706.0	0.2831546871665313
1263.35810881644	183.0	0.7469506356904245
1263.123174879268	191.0	0.7372987332852896
1262.9222416665118	180.0	0.7505063061581089
1262.5462713764764	185.0	0.7443950446929991
1262.5145402189578	148.0	0.7901475018087717
1262.0814798855963	377.0	0.5399862610535827
1262.4246276852296	208.0	0.7170885252004551
1262.1838466275997	182.0	0.7479545275000837
1262.0022146815456	455.0	0.4700065077267365
1261.6258251657564	169.0	0.7637397605618937
1262.3850572850813	134.0	0.8080758608796212
1261.6256714926394	440.0	0.4828474824148147
1262.0063445469027	349.0	0.5667304462439512
1263.0246910189835	234.0	0.6873799057506224
1262.6498792119244	820.0	0.21254166801163105
1262.752785458932	364.0	0.552482708800391
1262.8946155923184	333.0	0.5826792110876235
1262.6079203959384	508.0	0.4261857815632018
1262.948575397216	630.0	0.33437177513625704
1262.8577864744525	245.0	0.6750356668942387
1262.559101727933	513.0	0.4221538449486021
1261.9121901085714	415.0	0.5050426582287163
1261.8395114475045	822.0	0.2110716823590591
1262.1112651337853	851.0	0.19455258789118093
1262.0418524900983	723.0	0.2715518828048423
1261.714083428464	1080.0	0.07759874901654067
1262.8345668928255	257.0	0.6618052969733212
1262.7228261278478	454.0	0.4710852642135374
1264.204569347407	284.0	0.6331234184127095
1265.228601423892	408.0	0.5123200743128605
1265.2869410947308	181.0	0.7497038867501679
1265.1341095076555	319.0	0.5972563205533851
1265.1532282829376	417.0	0.5042068784356181
1266.0229295584152	216.0	0.7085065342891024
1266.0659155724593	491.0	0.4411137389344552
1266.3548528092292	412.0	0.5090430378171878
1266.37892485385	288.0	0.6294339875624869
1265.8112964259976	293.0	0.6240725215787404
1265.422483484501	432.0	0.49099295643453217
1265.0214004820298	544.0	0.3985698567689178
1265.0298290675637	546.0	0.39702815355491256
1264.614038092804	479.0	0.4505664791229386
1265.4118699009805	381.0	0.537175348446784
1264.838714092958	612.0	0.34783953953574703
1264.9447168824436	456.0	0.4700585143419816
1264.5283433716722	252.0	0.6676619977444898
1264.744060324368	222.0	0.701360838190851
1264.6148532503394	193.0	0.735183818181286
1264.2426138302587	257.0	0.6621183266054941
1263.8091794850936	1035.0	0.09953378537332283
1263.9926048915127	171.0	0.7616712456676
1264.9096454578819	202.0	0.7245910808133685
1264.3099544248282	328.0	0.5880199089523627
1264.2035225540697	417.0	0.5039268067122566
1264.0815328847498	499.0	0.4339456336048879
1263.6920587810719	378.0	0.5394995084758362
1263.824785597689	316.0	0.5999556370038226
1263.4330188312395	279.0	0.638233885564238
1263.031048593908	745.0	0.2579796009412559
1263.462828666957	261.0	0.6575843043306902
1263.3316542591922	201.0	0.7254720275760395
1262.9253936496036	176.0	0.7553730015791795
1262.4045207804154	370.0	0.5466809907839371
1262.5380170699357	300.0	0.6160093428477873
1262.5875899845892	219.0	0.7043711738942442
1262.5489643855617	185.0	0.7443955202185142
1262.6057020327157	235.0	0.686165724821918
1262.372956110661	422.0	0.4989233251827689
1262.1282874917392	244.0	0.6759904159208772
1261.9912348128196	522.0	0.41479533103785743
1262.144054653823	278.0	0.638994808102563
1261.9909612717845	188.0	0.7406880387239028
1261.8251570003292	521.0	0.4155343860229096
1261.783295460014	271.0	0.646394893782205
1261.540993051016	233.0	0.6881985825971297
1261.6385427968428	430.0	0.4916171639254961
1261.1673403721054	1681.0	-0.1426950309273697
1260.9022806925389	529.0	0.40890627862061574
1260.7214957233548	1396.0	-0.050919339680282324
1260.3454373749094	378.0	0.5385588516599253
1260.4173088140474	268.0	0.6493104357631875
1260.0398052142923	425.0	0.4955608779272116
1259.9268888518595	832.0	0.20456111116135822
1259.7464638853387	655.0	0.3158363132099524
1259.3432214969596	359.0	0.5563363874470005
1259.0774881104178	625.0	0.336545334314433
1258.9581363713614	295.0	0.6203243921501608
1260.0421487093108	1229.0	0.012471523925542074
1259.9936289065201	427.0	0.4937740218061476
1260.0827181206264	417.0	0.5027078921100578
1259.673244536154	372.0	0.5440263530143858
1259.4047569695633	427.0	0.49359725387953635
1259.0498928843863	278.0	0.6382680857830676
1260.2302063204331	130.0	0.8129806137012731
1259.7405461960514	535.0	0.4038135471626455
1259.8854138206339	197.0	0.7295600626773056
1260.0143018143203	402.0	0.5162496501249587
1260.1586755525414	236.0	0.6845254399065077
1260.5764601015974	222.0	0.7005213478368774
1260.8391479536408	264.0	0.6537339687870785
1260.6507000546007	198.0	0.728516223942321
1261.654277541336	245.0	0.6747760867877292
1261.898215191455	588.0	0.36428934827731047
1261.9958035850543	190.0	0.7382912546566871
1261.6434528423906	916.0	0.15872362043071656
1261.427595880023	365.0	0.551163542816664
1261.3698862759704	221.0	0.7018288052853
1261.0383866301352	378.0	0.5387539387931378
1261.1298996871665	293.0	0.6229401415428936
1261.2002277090962	222.0	0.7006472951492273
1261.140602419292	384.0	0.533170600208515
1260.7346052171174	584.0	0.36684659316480306
1260.3574288821294	294.0	0.6217086307987213
1261.3043711768144	590.0	0.36261156275998413
1261.2215238154997	1187.0	0.030316506530759974
1262.309897368599	228.0	0.6940233700352207
1262.1038172807919	1106.0	0.06591933011621097
1262.1719687823802	280.0	0.636875775636003
1261.955756165765	305.0	0.610710131667898
1261.7719042066326	373.0	0.5436672247177874
1261.5452758110441	726.0	0.26945060438560714
1261.1929941319788	603.0	0.353071273309045
1261.2566665368001	253.0	0.6658426466384634
1261.0669506904837	835.0	0.2032697240658889
1260.6739192288487	270.0	0.6472142151137904
1260.353465360981	476.0	0.45172453708779686
1261.569069308154	182.0	0.7478471880985571
1261.9593288436918	307.0	0.6086577971064985
1261.5618466298706	485.0	0.4446231595682158
1261.37549120626	156.0	0.7798748447847988
1261.1679448932862	160.0	0.7748330863006987
1261.088702308848	339.0	0.5762734909497955
1261.3551868220502	753.0	0.2523662113552364
1261.4349243870993	278.0	0.6388285135070829
1261.104420496917	288.0	0.6281722572225102
1261.1894362622734	971.0	0.130002154632622
1261.1551670909328	382.0	0.53504086814114
1260.8228710736792	315.0	0.6002088740019667
1260.89722052015	416.0	0.5038455608257701
1260.9841612367397	458.0	0.4671271436608381
1260.787109914146	197.0	0.7297273399384057
1260.8487969655987	219.0	0.7040238158803045
1260.9109939143918	188.0	0.7404947566971006
1261.151259203252	199.0	0.7274254995902457
1260.9484034446643	150.0	0.7873770583902393
1260.9058457385129	159.0	0.7760414882758626
1260.9634615765656	378.0	0.5387328529747807
1260.7628635971894	201.0	0.7249895930378643
1260.4411296817975	317.0	0.5980832577074424
1260.3975502112487	493.0	0.43766318147233235
1260.075176661032	272.0	0.6449260399965616
1259.877559854925	288.0	0.6278775434576456
1259.5550592603706	625.0	0.33671346249199735
1260.8184964846037	592.0	0.3609735641961524
1261.5778619820017	348.0	0.5675884861245795
1261.6282816688065	282.0	0.6346270622936091
1261.289620128139	351.0	0.5645943562272593
1260.9624221713202	1018.0	0.10661098217663179
1260.6463329854405	241.0	0.6790189611146785
1260.4454169678265	418.0	0.5019200555772229
1260.118266163094	217.0	0.7061846637863725
1259.9375911398076	208.0	0.7166092056563597
1259.7337874368866	170.0	0.7621934915523504
1259.395900737776	275.0	0.6415527441545261
1259.2121703069076	217.0	0.7060043205647258
1258.8587572708116	407.0	0.5113631354115626
1258.4902905535132	378.0	0.5380357559321072
1258.2996470446485	513.0	0.4207642948995981
1258.2532354984432	365.0	0.550285818604364
1257.9059099212388	535.0	0.4032034843105602
1258.010015502959	372.0	0.543561086788519
1257.8152159898807	316.0	0.598428078735729
1258.1813601304063	323.0	0.5914447157745891
1257.958477986743	1180.0	0.0319769506702677
1257.5799740953403	310.0	0.6044858889207195
1257.2578832921786	708.0	0.27948387230080346
1256.931036455194	450.0	0.472737925095649
1257.1296054749096	328.0	0.586153714034342
1257.9844317200818	339.0	0.575449837497953
1257.7955168345502	1060.0	0.08533777695138639
1257.6256271435193	685.0	0.2947689040762429
1257.6658418929098	286.0	0.6294534837289728
1257.3632470407126	845.0	0.19614272063648147
1257.729985602221	1222.0	0.014408821044902457
1257.350176123654	487.0	0.4416258768841636
1257.4473324384483	300.0	0.6147542279580022
1257.261979008836	1278.0	-0.008179833548906642
1257.033318242083	343.0	0.571258928061766
1256.8701928478981	638.0	0.3266029489427802
1256.9640869814273	252.0	0.665996027110085
1256.6682052468425	1101.0	0.06602634115369274
1257.4903241845082	246.0	0.6727614457599783
1257.3263854051659	252.0	0.6660762013613739
1257.4961053525537	218.0	0.7045061668286664
1257.2204548199625	176.0	0.7543992629911095
1256.917530230328	219.0	0.7032354511490579
1257.6907893483278	307.0	0.6075901998146723
1257.9928529805181	526.0	0.4103115389490362
1257.825570406068	351.0	0.563656860685764
1258.9693312190336	213.0	0.7105917963336902
1258.6956560004585	184.0	0.744921946309733
1258.6061672195774	249.0	0.669675004767032
1258.668907840833	252.0	0.6663729574468065
1258.394109081392	155.0	0.7806698089314391
1258.5516042090119	1135.0	0.051618525371146744
1258.2936910936369	313.0	0.6016021679789871
1257.982739796175	263.0	0.6541709604998617
1257.6854039709522	865.0	0.18499463144013112
1257.7547176189819	305.0	0.6096636323521084
1257.8068746358117	249.0	0.6694997823656967
1258.579988104894	332.0	0.5825422141824337
1258.3768107953517	467.0	0.45866897355050723
1258.3713623834883	456.0	0.46802657813179543
1258.0957441677167	351.0	0.5637301244848546
1257.8031575182367	414.0	0.5047263810476637
1257.5068516804556	320.0	0.5942965323299653
1257.193969890808	641.0	0.32462118185227085
1256.8773353342785	246.0	0.6726279727343373
1256.61071689259	395.0	0.521679054319568
1256.3233503343272	304.0	0.6103371779511438
1256.0156949627706	237.0	0.682521756737581
1255.69631462931	302.0	0.612247911016124
1255.7680821000058	208.0	0.7158019736274188
1255.5839233049664	207.0	0.7169393199232671
1255.2926918523046	208.0	0.7157096442042585
1255.4730334025144	326.0	0.5877261349204088
1255.8443282130545	413.0	0.5050467044553792
1255.5712151925352	425.0	0.49421958896123336
1255.7160404750098	454.0	0.4689176573744195
1255.7720486971689	330.0	0.5837989447838737
1255.593346475703	428.0	0.4915636832422267
1255.6124469023143	342.0	0.5718611223102076
1255.4477184767816	880.0	0.17581686277226635
1255.1495382049495	425.0	0.4940926502838972
1254.870890986772	296.0	0.6182789918615802
1254.5657133510388	525.0	0.4099684028960182
1254.268522760473	258.0	0.6587907555874395
1254.087725797561	178.0	0.7514118768096166
1254.1161026597606	282.0	0.6328402527494875
1253.833874187395	295.0	0.6190682488078025
1253.5370255046266	160.0	0.7736175323134805
1253.561439485409	503.0	0.4272901719311843
1253.7460966739916	434.0	0.48570463192861135
1254.2570027600193	128.0	0.8147956570385736
1254.6153698978994	633.0	0.3293125176934337
1254.5710955107832	455.0	0.46770274580004434
1254.5895395297125	821.0	0.20889946266926904
1255.442825861093	353.0	0.5610661512807973
1255.2772974137308	1068.0	0.08060910233238523
1255.3240282279407	353.0	0.5610337297653419
1255.04789321722	311.0	0.6028218532179176
1256.0968673747273	416.0	0.5024211717433092
1256.1189959431144	162.0	0.7715283407620352
1256.1627670923401	331.0	0.5829035221051873
1256.97973284346	388.0	0.5282616651704085
1256.995325015598	336.0	0.5781531876162788
1257.7933425314595	264.0	0.6530409318773289
1257.8070625937353	276.0	0.6401111890392891
1257.5338567009208	196.0	0.7303124394434674
1257.5739020355963	146.0	0.7919596541539324
1258.5607036093306	208.0	0.7163431428537608
1258.5674514162768	297.0	0.6181457773115601
1258.8853273049842	1529.0	-0.09688873141569722
1258.6220935946	390.0	0.5268776252419897
1258.3555658271398	114.0	0.8338622980243601
1258.0789944918556	233.0	0.6874746396928434
1258.0821058628069	194.0	0.7327974785768359
1258.0859180632658	226.0	0.6954354229101098
1257.8190896283375	269.0	0.6476334336827283
1257.539051887515	488.0	0.44086040415732
1258.011844677975	347.0	0.5676044371253582
1258.7913190613372	313.0	0.6017283004375906
1258.5197920225219	397.0	0.5203923240144517
1258.5173306864926	715.0	0.27540540041643763
1258.5254031943691	462.0	0.462954747262389
1258.5555548340665	337.0	0.5775766014802949
1258.4114555247095	610.0	0.34703889959966816
1258.1327237035607	617.0	0.3419132499790544
1257.8510788058334	413.0	0.5056411606770205
1257.8257116752789	436.0	0.4851890640285841
1257.854259561915	400.0	0.517448536030303
1257.9022556104303	299.0	0.6159039542495003
1258.5544156697522	510.0	0.423257779934509
1258.407799003423	303.0	0.6118887068536594
1258.15573774456	182.0	0.747249557488787
1257.894324870219	391.0	0.5257428034015766
1257.932631013552	185.0	0.7435777720681923
1258.0846972933916	276.0	0.6401763207899135
1258.1140710506645	256.0	0.6618484632107565
1257.9670811197168	402.0	0.5156530456871057
1257.9962818369083	156.0	0.7793487832975884
1257.733437970722	199.0	0.7267859790776635
1257.8738740732385	150.0	0.7869127302348152
1257.610715580125	276.0	0.640065112748516
1257.3508121093441	662.0	0.3101834267884882
1257.4895504584345	236.0	0.6839616321017331
1257.5112129139366	202.0	0.7231950008842976
1257.2506921515596	203.0	0.7219655486676796
1257.2724808039798	204.0	0.7207912929589135
1257.8978099133935	191.0	0.7363513165757124
1257.922793032969	502.0	0.42952042897873194
1258.0593793939263	338.0	0.5764568607361599
1257.8054027356725	298.0	0.6169186718647365
1257.664734023576	332.0	0.5823018616514442
1257.6807115528718	236.0	0.6840020786575628
1257.4237016990116	470.0	0.45583703692645827
1257.4398694513297	246.0	0.6727504637883841
1257.5682508494933	892.0	0.1700658961189176
1257.4273594384435	316.0	0.5983290895452835
1257.4532593312479	435.0	0.4859533076004889
1257.2011557592502	242.0	0.6771614014965959
1257.213668208458	287.0	0.6282897815132445
1257.3362596626523	763.0	0.24468018989333717
1257.594383578124	290.0	0.6252247965264595
1257.349473460436	286.0	0.6293775260651208
1257.0962634002083	233.0	0.6872685265738149
1257.132729922752	285.0	0.630382009965801
1256.9958336370885	614.0	0.34366502697504586
1256.7481223286045	175.0	0.7555435941967518
1256.746907895511	177.0	0.753094498024334
1256.7408174326888	285.0	0.6302880525994209
1256.5995744844347	304.0	0.6104061477776187
1256.7106376583088	198.0	0.7277809141222388
1256.6971023786086	174.0	0.7567619313540009
1256.6788793986013	283.0	0.6323908786609584
1256.449084198698	484.0	0.44382170740394467
1256.4448357209367	425.0	0.4944823749537083
1256.212124580092	350.0	0.5641920582668997
1256.2530587942308	299.0	0.6154966572040551
1256.3580389881902	350.0	0.5642316451188462
1256.3540327597	412.0	0.5061000340335533
1256.112406643679	359.0	0.5554488981407454
1255.8656459683104	258.0	0.6591507302023806
1255.6349067148321	310.0	0.6039945217490427
1255.5123372102273	268.0	0.6481813852708972
1255.5025268236213	175.0	0.7553307362712862
1256.114188227788	256.0	0.6614012327997075
1255.871569596259	147.0	0.79042985375731
1255.6316617836312	393.0	0.523240989348926
1255.7940426394543	327.0	0.5868066328393585
1255.6623426873389	277.0	0.6385374752350034
1255.5349886693114	307.0	0.6070487992573557
1255.3024719443852	397.0	0.5194584445149185
1255.067547613087	437.0	0.4834721573421185
1255.1087498806014	304.0	0.6100336169323908
1255.7075965608321	317.0	0.5968735692595245
1255.4587179729695	315.0	0.598843323425173
1255.3312609998247	295.0	0.6194361715834183
1255.3378027446217	860.0	0.1868910971248547
1255.2067428831688	216.0	0.7063634991548527
1255.3639856005814	267.0	0.6492297472543441
1255.1346286488497	180.0	0.7491524538440462
1254.900498062867	207.0	0.7168069916190722
1255.2220443663907	211.0	0.712185475848331
1255.2285917981576	523.0	0.411774164005384
1254.9886974621395	189.0	0.738225097838821
1254.9809322522663	276.0	0.6394468485065073
1255.0887937745454	259.0	0.657880038390184
1255.0748319079646	246.0	0.6722348616193666
1255.6771652369052	573.0	0.3733174877526643
1255.6743409177188	699.0	0.28479134823878666
1255.446977358587	373.0	0.5418948173491992
1255.4397362541038	284.0	0.6310345987416786
1255.2027828354505	589.0	0.36124161021553597
1255.4034451184605	318.0	0.5957807249162874
1255.1756403448262	317.0	0.5967371687167571
1255.0584297796809	273.0	0.6426838206188729
1255.3817005853437	361.0	0.5533233271952159
1255.370043762556	273.0	0.6427566725556515
1255.2601557002472	302.0	0.6121393090363879
1255.5136349139061	386.0	0.5297023530112257
1255.402163535507	512.0	0.42061856597957714
1255.1752084690193	873.0	0.17957882741428557
1255.1700567375522	276.0	0.6394913827036688
1254.9453772091283	486.0	0.4416826554557432
1254.9306264511356	439.0	0.48167889151431703
1255.0842971907405	344.0	0.5697537639456073
1254.9645472352047	430.0	0.4896035044706775
1255.009322874479	400.0	0.5166190371601463
1254.7838863858694	319.0	0.5946076170184071
1255.0856597260943	420.0	0.4985331077711246
1255.1173274860867	278.0	0.6373402152386503
1254.9974814232967	239.0	0.6800530081586078
1254.7847515310282	264.0	0.6523536337405655
1254.675384535748	171.0	0.760113695088193
1254.6658425066987	223.0	0.6981726266045307
1254.5487343747404	254.0	0.6632525098961721
1254.3247415907551	184.0	0.7441467915006452
1255.1156015851843	382.0	0.533325564022336
1255.789738155922	338.0	0.5758537128102237
1255.5632541137427	198.0	0.7275660354791739
1255.4398671125764	190.0	0.7371042485779147
1255.3311520561454	208.0	0.715717116104941
1255.1157854523437	403.0	0.5139060811847235
1255.1073920310605	419.0	0.4994347411707431
1254.8919671355725	191.0	0.7358032213452486
1254.6680500630443	382.0	0.5331979505736849
1255.0559331063155	222.0	0.6994020402015191
1255.0974072116533	208.0	0.7156716989931614
1254.9911671427183	240.0	0.6789278689068153
1254.77363279578	241.0	0.6777587267004538
1254.5373786720313	411.0	0.5064655945125661
1254.3306251445645	292.0	0.6223317377902914
1254.1239674977412	394.0	0.521880625766047
1254.168307656447	263.0	0.6533014845185461
1254.2695337206046	238.0	0.6810227715275994
1254.0602474919133	274.0	0.6413753967492698
1254.058133832981	632.0	0.3298191729481797
1253.8385100046582	307.0	0.6066216997694608
1253.627231117747	308.0	0.6055396654686322
1253.4059027251692	423.0	0.4953489494252314
1253.1827421261987	248.0	0.6695938568428446
1253.170371881715	179.0	0.750029740156105
1253.063233554342	231.0	0.6886925101611023
1252.8421643189145	188.0	0.7390415068969507
1252.829905963239	240.0	0.6784630331408835
1252.6049411807248	341.0	0.5720394795621703
1252.3922274955298	301.0	0.6124610453532526
1252.2802798770406	295.0	0.6186857625776203
1252.0460258833	191.0	0.7352821787051631
1252.0298370352173	1050.0	0.08776160664164603
1251.807422371764	504.0	0.42590514930254564
1251.8520328381549	387.0	0.5277181926793042
1251.6219240365394	405.0	0.5110531930989136
1251.4116786568331	251.0	0.6658705419217776
1251.3971836539808	290.0	0.6237180097701536
1251.3111592315133	831.0	0.2018483920465715
1251.298750331593	549.0	0.390101226367145
1251.4941458227188	197.0	0.7279933777183373
1251.2871200566947	273.0	0.6417997680255332
1251.33091899638	268.0	0.6472131296096679
1251.123812512713	325.0	0.5875958507575958
1250.91494730168	542.0	0.39539797934564064
1250.9166340522277	848.0	0.19196409591282595
1251.4672085978784	244.0	0.673680574743234
1251.364252459837	698.0	0.28386908796627686
1251.4691701967588	620.0	0.3374189541847321
1251.3627844791658	582.0	0.36510110827264497
1251.528578650272	619.0	0.3381549931232215
1251.5303439024367	346.0	0.566831389061702
1251.3066479423203	460.0	0.4623990965580538
1251.0999764932888	453.0	0.4683410524631457
1250.878541902721	351.0	0.5617645273116898
1250.7740920541528	243.0	0.6746495989017453
1250.5696015165086	484.0	0.44193649009316666
1250.5525532229506	428.0	0.4900368187123996
1250.4692322108176	372.0	0.5414396863562049
1250.3633629228714	178.0	0.7507636997412799
1250.4625476001277	250.0	0.6667694233356835
1251.2756880932602	241.0	0.6770033822531342
1251.3710526453156	279.0	0.6353825439683587
1251.2831353941162	688.0	0.2904594615987528
1251.1001140870044	217.0	0.7043798336124373
1251.1526114020528	211.0	0.7113844364061658
1251.135602439783	358.0	0.5550406075694332
1251.0284196617083	324.0	0.5885788523491021
1251.7591059625397	228.0	0.6918417341291605
1252.391602380278	197.0	0.7281618029572204
1252.1917075131653	504.0	0.4260307711921914
1252.1005378956227	194.0	0.7316922372737509
1252.0974504724531	359.0	0.5543410488363401
1252.1834165226355	361.0	0.5524377497282131
1252.350288466702	269.0	0.6463667808271657
1252.1408804279276	501.0	0.42845437512390916
1252.0369166072578	273.0	0.6419758800234925
1251.8208829832195	274.0	0.6408490628804516
1251.7303690563726	358.0	0.5552050121165816
1251.538674217203	273.0	0.6418588723042058
1251.445788111862	318.0	0.5947614088887094
1251.6059536737262	249.0	0.6681340635889019
1251.6762472162522	265.0	0.6505516579607704
1251.7429351631986	302.0	0.6112613056312572
1251.5555061651141	267.0	0.6483500288056394
1251.356298938642	308.0	0.6049652023599268
1251.349342974797	314.0	0.5988115989453536
1251.239632626022	583.0	0.3643142481167113
1251.127794119031	173.0	0.7570442755005449
1251.1909197641053	234.0	0.6848889972513884
1251.0783136241341	136.0	0.8039043669500368
1250.8773851680255	761.0	0.2434926645030669
1250.7726396319242	276.0	0.6384530442377611
1250.5851326118132	184.0	0.7434798454030976
1250.6453298688025	190.0	0.7362293188188059
1250.4626594741524	331.0	0.5814001702575009
1250.2669256420459	514.0	0.41732173002909195
1250.0778418948842	185.0	0.7421742645601369
1250.16525255298	187.0	0.7397654867207327
1250.0622837667872	188.0	0.7385370548658541
1249.9572323165753	206.0	0.7170246550824393
1249.761540467626	242.0	0.675551362017096
1249.6528516657309	218.0	0.7029270242583889
1249.801745125258	349.0	0.5634230434585151
1250.5127725598736	286.0	0.6277284444261196
1250.5068737749455	343.0	0.5695029552179482
1250.7539462308375	304.0	0.6089413366829114
1250.645269393308	756.0	0.2465035933046899
1250.4494513229786	299.0	0.6140564640625062
1250.4405359366228	670.0	0.30224343064781994
1250.3312691352974	334.0	0.5783710054750205
1250.145083965734	643.0	0.3207071075048802
1249.9684423120782	334.0	0.5782744263358318
1249.861931066589	342.0	0.5703144935806699
1250.558207700396	641.0	0.32225189011838434
1250.6194678717266	259.0	0.6568671701549527
1250.433761385085	275.0	0.6394468157695663
1250.4250876503295	270.0	0.6448361682623127
1250.9258671660637	349.0	0.5637297862829345
1251.0961700232585	277.0	0.6374573728618351
1250.9108755962345	294.0	0.6193955202929939
1250.8040922331556	313.0	0.5996941029192124
1251.1443508709433	211.0	0.7113828058436017
1250.9562053305751	320.0	0.5926048111154536
1250.7680613305279	194.0	0.7314447831559345
1250.5710208920225	176.0	0.7532544858650658
1250.5603370285412	173.0	0.7569474289216145
1250.6382008255796	197.0	0.7278325483706467
1250.4440331414426	552.0	0.38749831911515104
1250.4293072001408	475.0	0.44941238911632503
1250.320548016766	594.0	0.35586034581814985
1250.1235743220166	261.0	0.6545616726056296
1249.9447381252678	308.0	0.6046072848891576
1250.022689446094	337.0	0.5753053787559642
1250.097410334284	459.0	0.4628743836078673
1249.8989544790275	317.0	0.5953791415919373

Average Payoff: 0.5317