14.133333333333333	14.133333333333333	0.0
7.400629109694449	18.8	-0.435080044932497
11.10898157360493	20.733333333333334	-0.30225037934133714
13.567820034439826	18.133333333333333	-0.14401726164117196
14.043627915434607	24.2	-0.2655703090466064
14.39815006680247	17.266666666666666	-0.09059002690617897
14.555616858253234	22.6	-0.21650516992991056
14.92162930556096	26.666666666666668	-0.2824120846150792
15.198427932990374	22.4	-0.1915391803041498
15.523753737373498	16.133333333333333	-0.019255707090116172
15.663057689985346	24.866666666666667	-0.22708294030553317
16.39947290144599	21.8	-0.14137700571123804
16.139097119595533	23.533333333333335	-0.18638223394230977
16.113051156890325	16.266666666666666	-0.004744189267288232
16.06708531748768	22.0	-0.15585418828445977
16.110279182947934	16.0	0.0034343887924368406
16.464797982446633	17.466666666666665	-0.02952624340211653
16.699744009477353	19.933333333333334	-0.08826966114793462
16.700397013881094	24.666666666666668	-0.1925751780282049
16.785013661047582	18.333333333333332	-0.04408862616835262
16.878526030799087	20.666666666666668	-0.10089549057297222
16.842230935188766	19.266666666666666	-0.06714233589211878
16.82316378011827	17.666666666666668	-0.024456568084608426
16.89352148878266	22.2	-0.13573805349666337
16.76291284312672	18.933333333333334	-0.060802485490418334
16.79039109840112	21.333333333333332	-0.1191631274920935
16.79267050116755	22.466666666666665	-0.14452603061642896
16.675010501320802	20.0	-0.09066090106666645
16.678422227785138	17.466666666666665	-0.023085148242493175
16.760075286573958	20.133333333333333	-0.09143253965802446
16.91546366885027	20.266666666666666	-0.09012939730931119
16.894968645972703	17.933333333333334	-0.02981381888722558
17.050552483485777	18.4	-0.038065627246369305
16.994526980873196	22.2	-0.13281122187460145
17.04410947268898	19.6	-0.06974901461900548
17.138604901469026	15.8	0.04063939275732122
17.216758844924534	21.666666666666668	-0.11444227876516719
17.20854954799633	14.0	0.10280995414611724
17.309013601880366	22.666666666666668	-0.1340228115893181
17.302899490597234	20.666666666666668	-0.08859114065557783
17.295672724756866	24.533333333333335	-0.17302970571486062
17.334795031920162	18.8	-0.040548312693777004
17.385097172502043	15.933333333333334	0.04357239573197927
17.348312033299848	22.133333333333333	-0.12119609645441506
17.338334547150108	18.066666666666666	-0.020571447381629446
17.338046228608786	24.8	-0.1770835252044759
17.379843851565084	17.533333333333335	-0.00439631950295953
17.373798833704704	16.333333333333332	0.030867814420261947
17.365834693733206	24.8	-0.17630779421927772
17.406342312003368	17.4	1.8221713578854762E-4
17.42153416492031	27.133333333333333	-0.21797392100411214
17.436635315436117	17.466666666666665	-8.604157636990032E-4
17.413380378503003	19.266666666666666	-0.05052573367426251
17.367152415925034	21.866666666666667	-0.1146845847779855
17.354854865202523	18.066666666666666	-0.020095460914171005
17.388686067620938	20.733333333333334	-0.08773531198687426
17.354716947051827	23.066666666666666	-0.14131009898622762
17.369954308449536	19.533333333333335	-0.058622934787912084
17.41572049455089	19.2	-0.048729875620353955
17.38824548262423	15.733333333333333	0.049964772467113894
17.367746002899626	17.8	-0.012291205613937699
17.329400653261363	24.533333333333335	-0.17208462023476104
17.353251431657217	25.0	-0.18054690749497385
17.371153009035794	23.666666666666668	-0.1534076056520688
17.385230440304653	18.933333333333334	-0.04262566390778863
17.384636432276512	16.2	0.03527316529584396
17.40133659941622	11.333333333333334	0.21117358509022036
17.364610691254107	13.733333333333333	0.11676904926736387
17.3906381056219	12.2	0.1754148757148882
17.420744817128888	20.133333333333333	-0.0722315298310966
17.418322142703467	21.4	-0.10257212670499086
17.410019432252117	17.2	0.006068168573647385
17.380335376816557	18.666666666666668	-0.03568483415897996
17.3838147624612	20.0	-0.0699817622723145
17.404242273010734	19.933333333333334	-0.06773581356720115
17.43433467530009	19.066666666666666	-0.04472019756591761
17.42036242538461	29.2	-0.2526715143724713
17.43124801406089	16.733333333333334	0.02042801794147516
17.413933458324067	17.133333333333333	0.008122209107971873
17.434775852611537	19.4	-0.05335241227615967
17.434227997773974	21.266666666666666	-0.09902713366505281
17.442783574069846	22.0	-0.1155399293098097
17.454201480020853	18.0	-0.01539446658491845
17.471440521653296	27.266666666666666	-0.21894592240528823
17.47777201950503	21.333333333333332	-0.09934170332889877
17.47602417022858	26.866666666666667	-0.21177430415712667
17.47563392737858	20.733333333333334	-0.08526007478104382
17.473122206235438	16.266666666666666	0.03575764934728827
17.45326368557733	19.0	-0.042430667601228635
17.447897518697083	19.0	-0.04258414303614407
17.436740787151013	12.066666666666666	0.18201538682913965
17.430509168225743	17.133333333333333	0.008597881872624715
17.428225164978475	20.666666666666668	-0.0850098621095977
17.44155733535775	22.133333333333333	-0.11855436411066049
17.434409976077806	15.333333333333334	0.06412027288254016
17.41652249190898	23.4	-0.14659449514046954
17.438782420016864	23.4	-0.14596952276082753
17.426816843389975	24.333333333333332	-0.16538533651617424
17.425043285460273	16.2	0.03643246716622047
17.4197365253904	18.2	-0.02190536906564178
17.416920703164134	17.2	0.006266320018010945
17.427020327741037	20.733333333333334	-0.08664261958779791
17.428345997589794	16.4	0.030398944059016757
17.410085561623493	17.8	-0.011073941802671641
17.406858480068138	17.866666666666667	-0.013035504239674575
17.429849863786746	15.333333333333334	0.06399001335858288
17.43657930645485	18.666666666666668	-0.03407137854384633
17.41243452561363	21.666666666666668	-0.10886207745979123
17.421373925981268	19.6	-0.05884779096460798
17.434506164566088	16.6	0.024519414518048892
17.443315504502063	21.6	-0.10646340972294306
17.434496675095005	18.0	-0.0159591183159787
17.437679245617588	19.666666666666668	-0.060073486440603764
17.4335134863415	20.933333333333334	-0.09121989783109039
17.442013584708437	22.2	-0.12002383292474612
17.44196235872208	19.6	-0.05825926878222691
17.449849384779306	21.0	-0.09233197716051525
17.45284843094641	19.133333333333333	-0.04593222963833939
17.44073498460479	24.866666666666667	-0.1755232274312621
17.438161960236844	28.933333333333334	-0.24789304938998588
17.43226249494876	23.133333333333333	-0.14053955629094497
17.438097312483617	28.933333333333334	-0.247894789113794
17.44943250492332	16.666666666666668	0.02294417759544138
17.457820908605797	19.266666666666666	-0.049254485970794355
17.44933659509315	21.466666666666665	-0.10323079799721056
17.45095892697064	22.8	-0.13289226432429596
17.453903619988896	33.46666666666667	-0.31446550886084906
17.46980432627306	23.866666666666667	-0.15475105123236554
17.477856378145898	18.133333333333333	-0.018406488536274395
17.48693232630199	18.533333333333335	-0.0290503411862382
17.48518764761177	17.266666666666666	0.006288038012847021
17.478744161792356	24.4	-0.1652689443472419
17.48883437796086	18.066666666666666	-0.016251558035437045
17.503078683031813	21.933333333333334	-0.11233919172117061
17.494556691122416	17.6	-0.003004548819511347
17.500157025019778	23.0	-0.13579806546385945
17.50497491201617	26.6	-0.2062131336913183
17.49478413425637	18.866666666666667	-0.03772903726865242
17.490956415308943	14.666666666666666	0.08782644604803816
17.48205728241603	16.933333333333334	0.015944144153679483
17.481087465361025	23.066666666666666	-0.1377531091640345
17.48635358253143	18.933333333333334	-0.039730702631921494
17.484223182675507	18.6	-0.030921458712742725
17.473339422024146	17.0	0.013730593843245192
17.48125455580638	18.466666666666665	-0.02741221404046721
17.486514979397977	20.666666666666668	-0.08335220157443175
17.48486915195425	16.2	0.03814380712474011
17.483554225779073	24.933333333333334	-0.17563238455844282
17.47858527737335	16.2	0.03796434045085493
17.479907071544947	18.0	-0.014658801879223925
17.48362238500532	26.466666666666665	-0.20439101711253949
17.490251017020142	21.4	-0.1005328811395116
17.494710694029703	19.2	-0.046472346387724774
17.491799155194112	21.733333333333334	-0.10813307461433774
17.49632604574591	20.2	-0.071722479028144
17.501529952773506	21.0	-0.09086574095932717
17.49328657783484	22.466666666666665	-0.12445910680629142
17.493788034149908	20.666666666666668	-0.08314572395409285
17.505396649880446	15.466666666666667	0.06183204137517948
17.497333809620294	19.133333333333333	-0.04466201822992854
17.49350185067999	19.0	-0.041281271265337295
17.48890406656329	26.8	-0.21023541064467863
17.48796487637896	19.666666666666668	-0.05863876722242731
17.47308264754605	22.866666666666667	-0.13370395480420896
17.46386138326792	15.733333333333333	0.05212874354920066
17.47589497097137	20.266666666666666	-0.07394229682895323
17.464710771308116	16.066666666666666	0.04169360794162139
17.465824219501656	23.533333333333335	-0.14799106801188716
17.46885918990458	16.333333333333332	0.033593260430979786
17.477893280015874	22.6	-0.1278037915864748
17.475503289318148	20.133333333333333	-0.07067036055070092
17.473426227213398	22.133333333333333	-0.1176543387498376
17.459609264818013	17.066666666666666	0.01138097253613792
17.47029547717065	16.066666666666666	0.0418531888631992
17.468372762194047	22.933333333333334	-0.13526558898819072
17.46471683796111	15.933333333333334	0.04585248230880248
17.47611205530293	23.066666666666666	-0.13789273423270043
17.486835966098464	19.4	-0.05186576684592475
17.476564141220358	21.866666666666667	-0.11158469793401507
17.473971357145725	17.666666666666668	-0.005483546126577621
17.47601254828753	23.866666666666667	-0.1545776480801358
17.483692025763254	19.466666666666665	-0.05366591045595631
17.475870418541167	12.733333333333333	0.15698980761495765
17.48266255073179	18.666666666666668	-0.032753142079467
17.49023411898604	14.466666666666667	0.0946139136770368
17.493750407146557	14.8	0.08341398484799192
17.504640444937774	23.8	-0.1524128884127298
17.50872094404685	19.266666666666666	-0.04780223504993557
17.505080120896515	21.133333333333333	-0.0939027482775596
17.496267348084476	26.866666666666667	-0.21122136140649383
17.494188941841777	19.666666666666668	-0.058461455993157344
17.5025192103333	16.666666666666668	0.02446217321874395
17.50247728653833	21.4	-0.1001870056951451
17.515843766935355	18.266666666666666	-0.0209829576134558
17.5154597300564	17.6	-0.0024074943228278908
17.502270396476064	20.933333333333334	-0.08926782992603936
17.499795721076946	18.466666666666665	-0.026882570077817882
17.49338954519786	22.8	-0.13169928156204416
17.497979750167424	20.0	-0.06672413464678466
17.506344918538872	23.4	-0.14407679525505848
17.508189848913954	18.466666666666665	-0.026642964297511434
17.5145074201915	17.4	0.003279651601937817
17.51499190989356	19.466666666666665	-0.052774127280762875
17.51192880364708	19.4	-0.051150705410072404
17.513385017073166	21.2	-0.09522843278367374
17.52124261837061	18.2	-0.019001505319423555
17.527366928191363	17.866666666666667	-0.009586354083265526
17.52542099671042	20.4	-0.07579557267245406
17.525022732579636	20.6	-0.08065509334877463
17.52535656271255	19.066666666666666	-0.0421214780689312
17.519739707320326	16.333333333333332	0.03504575116599477
17.525950940519287	17.866666666666667	-0.009626745609180445
17.520891786269605	17.6	-0.0022524545849181357
17.51948773629669	19.666666666666668	-0.05774135467470846
17.528956105346737	17.866666666666667	-0.009541026117696997
17.534426679625536	19.666666666666668	-0.05731659462782026
17.527088117218383	17.4	0.0036386691267209555
17.534855381812267	18.866666666666667	-0.03658669225645883
17.533843304860767	19.933333333333334	-0.06404245645844908
17.532602960528095	21.333333333333332	-0.09779078378733239
17.53462443588722	19.733333333333334	-0.05899730033669883
17.53576174453088	21.6	-0.1038497291045341
17.537141293702227	20.0	-0.06561124852389805
17.53238360010764	32.13333333333333	-0.29398447530301464
17.530182095320697	21.666666666666668	-0.10553104910202586
17.52992397666968	25.666666666666668	-0.18836539108329353
17.52797962104428	17.066666666666666	0.013334807661886309
17.524398850379693	16.0	0.04547132544219889
17.5174737198693	19.666666666666668	-0.05779864545626472
17.511190936360713	14.733333333333333	0.0861497468467299
17.51846449844271	16.4	0.03297509232748623
17.510812208789297	22.6	-0.12687820343103234
17.514295327775322	21.8	-0.1090113567213515
17.520337877365847	23.0	-0.13523238970065507
17.52826228191807	22.533333333333335	-0.12493439101836071
17.532043966809912	25.666666666666668	-0.1883070716826645
17.53542609127029	20.4	-0.07551184219831149
17.530896524965698	19.8	-0.060783524808111694
17.5336897450058	19.066666666666666	-0.04188420747651452
17.527050383908712	19.266666666666666	-0.04728025386417841
17.529879500432013	19.666666666666668	-0.05744584877949498
17.534412552518127	15.133333333333333	0.07349999683402435
17.533083740737457	31.133333333333333	-0.279458616645153
17.53250012445624	21.533333333333335	-0.10241259061322656
17.528841459509984	16.866666666666667	0.019251781087640613
17.535599411770406	22.333333333333332	-0.12033765619552812
17.53627500978307	16.8	0.021443065957891146
17.53707844812698	20.066666666666666	-0.06726958208065621
17.5315643510278	19.6	-0.055705588631224656
17.541488660055364	22.933333333333334	-0.13321478409858584
17.541026250362073	22.466666666666665	-0.12311733212209444
17.53472764254902	18.133333333333333	-0.01678268104310669
17.537263438661142	21.6	-0.10380737446567476
17.533988615754506	23.866666666666667	-0.15296081686902752
17.53938904005921	15.333333333333334	0.06710900550516849
17.537968600400895	19.6	-0.05552353769766631
17.546657355734116	19.8	-0.06033585878388959
17.550538731582122	22.066666666666666	-0.11399410659299487
17.552431681340956	15.266666666666667	0.06964740439961088
17.553755935777243	21.266666666666666	-0.09564323317427459
17.548444678901742	18.133333333333333	-0.016391802399281678
17.54399236710695	20.333333333333332	-0.07364144417920088
17.54647943850736	12.0	0.18772048460293855
17.550010365676922	14.466666666666667	0.09630430090841184
17.559990414771903	17.066666666666666	0.014246935444706274
17.568322874010065	14.266666666666667	0.10371155307353722
17.571526017680267	21.333333333333332	-0.09669247951040487
17.578020428966735	24.8	-0.17041804921347414
17.58382960931042	18.266666666666666	-0.019046795115464126
17.57795996576043	19.6	-0.05438813845896322
17.578947078828012	17.533333333333335	0.0012990823996403952
17.58237656557668	15.0	0.07925685102740371
17.58485073549606	18.333333333333332	-0.02083854229386893
17.587109611815915	16.6	0.028873737002754515
17.589119465972235	18.6	-0.02793327245716141
17.586769066550737	22.266666666666666	-0.11742770764968917
17.587758149259983	14.533333333333333	0.0950909410280117
17.58851377949874	21.0	-0.08840677928139618
17.585109777478525	17.333333333333332	0.007210414374609821
17.590989427464777	23.4	-0.141714329262886
17.588498151550958	19.266666666666666	-0.04553414761249918
17.588537137802074	14.933333333333334	0.08164363752771696
17.589223507927734	19.666666666666668	-0.055761468830922936
17.58945934258767	16.133333333333333	0.04317928302225252
17.59468586835412	14.133333333333333	0.10909450454558142
17.596130491103782	23.533333333333335	-0.14435400538097842
17.595317849052527	14.533333333333333	0.09530386128994703
17.596586981482975	15.8	0.0537955265452457
17.601452088535723	18.8	-0.032925826929902854
17.60087535338718	21.933333333333334	-0.10958757298717398
17.599196690633097	17.2	0.01147143407309023
17.600846723175774	16.0	0.04764304710427459
17.60174375502726	16.4	0.035343591895918014
17.598835623730434	22.8	-0.12874540307826057
17.59367689987365	16.466666666666665	0.033088633736334944
17.59178875446728	18.733333333333334	-0.03142576027981
17.59310413550755	22.866666666666667	-0.13034088989144074
17.592059713865794	21.666666666666668	-0.10378856698778138
17.594186887329634	24.8	-0.16997172588357792
17.59289015629707	19.533333333333335	-0.052266107205281555
17.597368498896493	15.666666666666666	0.05804172051346918
17.59805249082791	21.533333333333335	-0.10056584400534133
17.596351056102183	14.666666666666666	0.09080627282326297
17.59676295623724	17.933333333333334	-0.009472824794873718
17.59824325544549	22.066666666666666	-0.11265431889283448
17.59889122313041	19.4	-0.048680074384056145
17.60072547576084	20.733333333333334	-0.08171865841738969
17.60454543374162	20.4	-0.07355579534906072
17.60468337153208	18.066666666666666	-0.012951102064818717
17.604452493606228	23.133333333333333	-0.13571873697835835
17.60644223890406	23.4	-0.14128408720128896
17.607135669200932	20.266666666666666	-0.07022086068572735
17.605362650841695	18.8	-0.03281487292451641
17.608056608876975	21.8	-0.10637275095110266
17.607523323609435	20.933333333333334	-0.08629310031500781
17.605588618723132	20.2	-0.06862507571147802
17.607440877461315	16.133333333333333	0.04368920330394708
17.607885593704935	17.4	0.005938250487836333
17.609406779092392	21.6	-0.10177642430018888
17.61006744250993	24.4	-0.1616263189003916
17.608302386594293	19.466666666666665	-0.05012449983175154
17.6110105957708	18.4	-0.021909671269316137
17.611910581092967	13.533333333333333	0.13095345340578501
17.615957699212927	19.066666666666666	-0.039547578520666544
17.615520980799072	20.2	-0.06834439807171248
17.616877386405115	20.533333333333335	-0.07644665368569725
17.61964046578097	23.2	-0.13670770909648342
17.61544814724673	16.533333333333335	0.03168824089752015
17.61504052524815	17.533333333333335	0.002324636475176999
17.61602707339722	18.466666666666665	-0.023574725307300162
17.616077238259525	18.4	-0.0217659118330555
17.61659958705313	16.533333333333335	0.031720889649921355
17.61883598042028	22.8	-0.1281868686690924
17.62166928830785	22.4	-0.11939358844005332
17.625740154736835	20.733333333333334	-0.08101324917461768
17.62431862189412	23.2	-0.13657745104692665
17.623485952087286	18.4	-0.021555771946821255
17.623263295443028	16.866666666666667	0.02193674007478561
17.62274031152321	17.466666666666665	0.004447884940134589
17.623338626354172	21.8	-0.1059438778950539
17.624181206476514	20.6	-0.0778517341535436
17.62276514003048	19.333333333333332	-0.04628649300022152
17.62197799253098	18.066666666666666	-0.012460228691287165
17.622259544333215	20.2	-0.06815405760317668
17.621759742570134	17.266666666666666	0.010177961933228858
17.619457645242285	17.533333333333335	0.0024499992606971037
17.62303347175095	18.6	-0.0269708645194211
17.622974719322446	14.866666666666667	0.08483651819697874
17.625011899760572	21.266666666666666	-0.09363583422315196
17.627221181345814	25.066666666666666	-0.17425083215201212
17.628830816687046	18.4	-0.021404224501112023
17.631273147622153	16.466666666666665	0.034154746219226324
17.632783019434143	14.666666666666666	0.09183179223155201
17.633259342982967	19.0	-0.03730873751147206
17.633783659758866	20.933333333333334	-0.08555344373201279
17.63240761107405	21.866666666666667	-0.1071989441023125
17.634468453540592	17.0	0.018318989199781748
17.635152548646214	11.2	0.2231704007041343
17.634713936712597	14.866666666666667	0.085167067326307
17.636854364993003	19.733333333333334	-0.05610030608527623
17.63785645520295	22.2	-0.11451779665723502
17.63580776686104	18.466666666666665	-0.023013904527109733
17.63501283630766	15.0	0.08074189673295026
17.6342591158541	14.933333333333334	0.08293292747183574
17.634495779251353	19.8	-0.057847826601391344
17.63208169474578	12.266666666666667	0.17945283070791543
17.63211082498	21.866666666666667	-0.10720726337877687
17.631565651320905	19.466666666666665	-0.04946599610504857
17.632999776963537	20.4	-0.07275261586682481
17.633648544682814	25.933333333333334	-0.19050401085594895
17.63223266131087	21.733333333333334	-0.10417989855856338
17.630210889632565	18.133333333333333	-0.014068025265171653
17.632393992398722	15.8	0.054808937487855015
17.635603557744464	17.2	0.012504550323705338
17.636022495806557	18.933333333333334	-0.03547535383418016
17.636337014457197	17.733333333333334	-0.002742358577910695
17.637690975140586	19.266666666666666	-0.04414047000456899
17.63984663686185	18.8	-0.03183749302513697
17.640298025575856	16.866666666666667	0.022419571405627222
17.640496728564273	14.933333333333334	0.08310853805299283
17.640172916181	23.6	-0.14451508474351235
17.63726967334565	18.2	-0.01570237721186909
17.637185397943032	19.8	-0.05777182710364234
17.635124357172845	17.466666666666665	0.0047991195204760825
17.635808241757225	15.6	0.06125345973080476
17.639185621077424	18.6	-0.02651313384823276
17.636204859660292	15.533333333333333	0.06339767271077494
17.63773896461984	19.4	-0.04758014621420474
17.634632594354237	15.533333333333333	0.0633532748315689
17.633311692310635	19.933333333333334	-0.06122510113566555
17.634541316792475	16.333333333333332	0.038307017935675404
17.63461515560982	18.266666666666666	-0.017605263070709185
17.63631553480771	22.4	-0.11898408736065445
17.639816992120046	21.266666666666666	-0.09321967275054745
17.642138082016093	23.8	-0.14858938758896045
17.64253015942441	13.0	0.15150609741658538
17.64328394537465	17.066666666666666	0.01661244883788309
17.642827983762952	25.4	-0.1802198503119564
17.644336525122156	19.066666666666666	-0.03874397368314478
17.645063463561925	15.6	0.06151480101108564
17.644618355884663	19.866666666666667	-0.059236795258976994
17.644327653906576	14.466666666666667	0.09895866056081634
17.64689405303594	16.4	0.03662284292639482
17.647060381940733	23.066666666666666	-0.133114963369862
17.64640229858417	17.933333333333334	-0.00806445100428924
17.64774827090213	15.2	0.07451799285342327
17.64962200137496	18.066666666666666	-0.011676595773089661
17.650896313891277	21.6	-0.1006118090788948
17.65029051358493	23.0	-0.13160322887796455
17.650863403537944	19.933333333333334	-0.0607295120812364
17.6490115380911	16.266666666666666	0.040758284799108466
17.648026830572306	21.8	-0.10525173254571778
17.646169270682176	21.0	-0.08678300573149207
17.646900059888566	22.933333333333334	-0.13027114019328825
17.646358508501677	20.6	-0.07722673756880062
17.6465230419752	15.4	0.06798061748044416
17.64800834060185	19.2	-0.04211873936448416
17.64929463653034	21.466666666666665	-0.09759115979655923
17.649914655100567	20.4	-0.07227572965215008
17.64801052609678	22.0	-0.10976564564415382
17.648046442002347	16.4	0.03665544935531847
17.646750452932988	18.333333333333332	-0.0190823035454524
17.64607643299105	22.066666666666666	-0.11131414978266047
17.64620042891156	19.733333333333334	-0.05583624765619412
17.646248625435298	12.533333333333333	0.16941637227073703
17.646803415719646	13.533333333333333	0.13192597952641275
17.647896238652574	12.133333333333333	0.1851690808127877
17.646392422294277	24.333333333333332	-0.15928977120920412
17.6475476343543	21.8	-0.10526515879099642
17.64943702388621	14.2	0.10830448969315307
17.65017091319188	17.266666666666666	0.010983361412616412
17.651309491264367	20.333333333333332	-0.07060811008421981
17.65175789028566	20.2	-0.06732163185394162
17.652011096565047	20.866666666666667	-0.08345705919246774
17.65259660143173	16.933333333333334	0.020796412571674305
17.653983575565366	23.266666666666666	-0.1371601638262519
17.653564213387572	20.933333333333334	-0.08499696343751469
17.652484015933023	18.533333333333335	-0.024342391078204302
17.651122365050917	23.4	-0.14004191124974985
17.651147390390207	18.866666666666667	-0.033285652705753
17.65123516036079	19.333333333333332	-0.045481081474813986
17.65236318355247	21.266666666666666	-0.09286725535101809
17.65133760409455	12.4	0.17474555286946847
17.651915688388637	18.266666666666666	-0.017115123648289144
17.652564659765783	22.0	-0.10963818803491979
17.651911962230738	17.533333333333335	0.003370123695353419
17.651683998305554	15.0	0.08121124773972337
17.652104955821706	15.2	0.07464072573490213
17.653125845421023	18.6	-0.026118414136655027
17.65220097381335	20.0	-0.06235489467984927
17.65240773974616	15.4	0.06814655553935925
17.651685570780412	23.333333333333332	-0.13862742813039527
17.648471579038187	18.4	-0.020847719418950833
17.6492102510728	18.2	-0.015364069252005766
17.64874768241275	15.266666666666667	0.0723697715144426
17.646962304064616	21.066666666666666	-0.08833334547860276
17.648851303374414	17.8	-0.004263853159360304
17.649941113088392	19.333333333333332	-0.04551766292851375
17.64859587837973	17.8	-0.004271089386437805
17.647162301473948	13.466666666666667	0.13436133621123747
17.647504410904396	21.866666666666667	-0.10677592723581493
17.64931324074162	16.2	0.042816621726824336
17.65092493046077	14.4	0.10142998798050708
17.649890162249083	19.533333333333335	-0.05065303634333952
17.649856161840038	24.333333333333332	-0.15919412631242952
17.650481470662793	16.666666666666668	0.028668314746293055
17.64905921601503	20.066666666666666	-0.06410078008764386
17.648599933363883	18.8	-0.03158969257368273
17.649294385092706	19.266666666666666	-0.04381227619419861
17.647803908097337	18.333333333333332	-0.019052466869964247
17.64943491568188	22.0	-0.10972577777136021
17.649627948324174	22.066666666666666	-0.11121477371343925
17.65014523919044	17.266666666666666	0.010982634198039368
17.648523320722692	19.2	-0.042104175132705944
17.649864196281936	14.333333333333334	0.10369603789232192
17.650317459735582	13.733333333333333	0.12480970274074411
17.651457814962853	21.2	-0.0913361398673307
17.651645169694568	16.0	0.04908066637948444
17.650118842341943	22.0	-0.1097066360621564
17.651242571061665	19.333333333333332	-0.045480871988903306
17.651333362529105	23.933333333333334	-0.15106529569537877
17.649742904293632	15.666666666666666	0.05952250747197806
17.647755647817508	13.466666666666667	0.13437784378225429
17.647073385367776	15.2	0.07449897763061783
17.6478695282748	15.066666666666666	0.07890079340349186
17.647078520300347	18.2	-0.015424450262704961
17.64745409904655	20.8	-0.08199621990137525
17.648494741313858	14.333333333333334	0.10365765835032228
17.64962980731431	20.333333333333332	-0.07065545455423002
17.65064633073222	17.466666666666665	0.005239001744785565
17.650242481692175	18.066666666666666	-0.011659020752461337
17.65057143228624	20.6	-0.07710809165125908
17.651213035173683	17.133333333333333	0.014888212033985996
17.649785513926172	22.533333333333335	-0.12153232400825008
17.650204226862606	20.0	-0.06241123577919044
17.64946423232026	16.733333333333334	0.026645036583703884
17.650389774331668	20.2	-0.06736021057826347
17.650451989542212	19.0	-0.03682213826020116
17.64955570668356	20.2	-0.06738373134631208
17.649846954640086	29.066666666666666	-0.2443850969824839
17.651025277888404	17.066666666666666	0.01683172407183553
17.651197219617536	19.333333333333332	-0.045482153986177436
17.651059708803604	24.733333333333334	-0.1670962615293041
17.651631603377627	20.4	-0.07222734691824395
17.652096718202763	17.066666666666666	0.01686206519069828
17.652043924799937	19.0	-0.0367771051995273
17.652019085229878	13.133333333333333	0.1467803808272089
17.6524638721691	19.066666666666666	-0.038514059939459694
17.652086781620277	17.733333333333334	-0.002296045983038179
17.65198113579792	20.8	-0.08186883409425542
17.651742130898043	19.066666666666666	-0.038534473091395675
17.65113533955484	17.866666666666667	-0.006068261968296131
17.652336639151883	14.666666666666666	0.09238125149570106
17.652616186101017	27.666666666666668	-0.22096665812429298
17.654015943546028	17.2	0.013026216097491047
17.653377117261236	17.133333333333333	0.014949495861831764
17.654834765287568	22.933333333333334	-0.1300501800234024
17.65597672536244	14.333333333333334	0.10386730398162805
17.655635156480173	20.0	-0.062258008231110246
17.65555200112027	21.466666666666665	-0.09741560666354666
17.656288797684663	18.8	-0.03137212371402913
17.657148686251606	17.533333333333335	0.0035184329913231296
17.657931807023886	19.8	-0.05718597075811985
17.65910799891379	20.066666666666666	-0.06381734209819794
17.658478772130817	16.666666666666668	0.028894622084925246
17.65750812787579	22.133333333333333	-0.11248380383764661
17.656028986124944	24.8	-0.1682675272388234
17.655628714684813	19.666666666666668	-0.05388301902210156
17.657331457389848	18.466666666666665	-0.0224043641708044
17.65795952906193	15.6	0.0618787068780818
17.657487290809875	17.2	0.013124505704990734
17.657061035355813	19.8	-0.0572105473683977
17.656516594547035	16.066666666666666	0.0471441238380635
17.656827280533122	24.933333333333334	-0.17084946259702843
17.657519897124203	21.866666666666667	-0.106495468610063
17.657103682523708	19.8	-0.05720934367053318
17.656717623382328	21.866666666666667	-0.10651792904142321
17.65766571209706	21.733333333333334	-0.10346697773609978
17.658708195681378	18.4	-0.020557913508598816
17.65954111840965	19.933333333333334	-0.060484659608631246
17.660323820168003	18.0	-0.009525325163757778
17.660766804261442	17.866666666666667	-0.0057955174998416846
17.662420545067437	25.866666666666667	-0.18847732969203215
17.6621931740309	19.133333333333333	-0.03998149500613885
17.662959392712505	17.733333333333334	-0.0019881726361994294
17.66284984159109	20.266666666666666	-0.06864882721372656
17.662742270832027	14.333333333333334	0.10405679054794015
17.663640592697465	14.533333333333333	0.09722364799113381
17.66414487452453	15.866666666666667	0.05360676122168226
17.664369576828243	16.066666666666666	0.04736595990197888
17.664098496589215	15.733333333333333	0.05781178544171791
17.664271619406662	16.0	0.04943732744977167
17.66351599017942	13.266666666666667	0.14215400446526474
17.66366275162501	22.333333333333332	-0.11675053225970744
17.66508394902541	16.733333333333334	0.02708701996501227
17.66479571453679	24.2	-0.15610261972910996
17.66331426791253	20.066666666666666	-0.06369874405506222
17.66294247498694	21.066666666666666	-0.08788428974923547
17.663382731879988	17.6	0.0017974092945622394
17.66384415442981	14.2	0.10870766683524144
17.66363164652211	17.333333333333332	0.00943791306985905
17.66241299765009	16.266666666666666	0.04113717037987718
17.663262629932472	14.2	0.10869140019199008
17.662640249371538	22.666666666666668	-0.12407915731636644
17.660715030724237	14.333333333333334	0.10400002086415912
17.65983255780246	17.6	0.0016969041955707904
17.659223407186456	20.666666666666668	-0.07847027828146813
17.658268002390702	19.6	-0.052115465954689744
17.65960502660169	15.266666666666667	0.07267565493679165
17.65974299687566	16.666666666666668	0.028930387417234825
17.658836985144415	19.6	-0.0520993990131671
17.65907255970176	17.4	0.007389601058630061
17.65849654101761	14.2	0.10855805880747756
17.65756236727187	17.333333333333332	0.00926609700742609
17.657729204299148	17.466666666666665	0.005439596408558227
17.65878223753152	18.0	-0.009568968457631277
17.660199650579333	18.6	-0.025918234275515165
17.659818415950905	18.333333333333332	-0.018712307332069647
17.659879153819137	21.8	-0.10491975482342958
17.659826748295952	23.2	-0.13558973917908496
17.659774684951977	15.466666666666667	0.0662041538059188
17.660366484613903	18.2	-0.015048187408169114
17.658726766626305	17.866666666666667	-0.005853275078594596
17.659110066326797	15.466666666666667	0.06618541860413023
17.660262604155314	17.066666666666666	0.01709324578799987
17.66073223563715	16.4	0.037014243467087524
17.661779417294152	15.333333333333334	0.0705694234645868
17.662978920874735	18.066666666666666	-0.011298397707384292
17.663279911727336	11.533333333333333	0.20995402880952418
17.662708751484054	24.266666666666666	-0.15750193866049905
17.662894268429913	19.2	-0.04169791227940812
17.662594353316507	18.933333333333334	-0.03472350778746321
17.662197863778303	17.866666666666667	-0.005755005277839745
17.662179435771712	18.066666666666666	-0.011321026985737144
17.66172941514316	18.2	-0.015009610346051696
17.66057203696776	16.8	0.024972656752319047
17.66091203893936	15.533333333333333	0.06409480564312525
17.661173258120918	16.733333333333334	0.026976398754855736
17.661382136050086	22.533333333333335	-0.12120874946842813
17.661275858056012	17.666666666666668	-1.525933361922642E-4
17.661223023890656	16.666666666666668	0.028972254519262334
17.662217748853614	19.466666666666665	-0.04859959964374184
17.66254805937723	14.666666666666666	0.09266792955218704
17.6616982689663	19.133333333333333	-0.039995483093295044
17.661947269068182	21.866666666666667	-0.10637153643774272
17.66307730858956	16.0	0.04940360304389656
17.66218137456447	13.733333333333333	0.1251404246047542
17.661705734400844	20.0	-0.06208678603378601
17.6618029781688	20.6	-0.076791912380806
17.66131884146934	17.333333333333332	0.00937244658119982
17.660565612249457	21.733333333333334	-0.10338574830355943
17.660640391260273	18.4	-0.020503230134507493
17.65947509111278	18.266666666666666	-0.016901107267451178
17.660373221939317	17.2	0.013206204621170902
17.65954212314438	18.133333333333333	-0.013237025641179859
17.660414020016407	15.2	0.07487471151512837
17.659829497928616	18.0	-0.009539319364697011
17.660921890512796	18.133333333333333	-0.013197968217699257
17.66039892740185	14.2	0.10861128686074614
17.659123679987896	18.866666666666667	-0.03306000979632111
17.659903484234984	21.266666666666666	-0.09265556067359143
17.65915634758998	22.2	-0.11392222185567089
17.658225945654845	13.066666666666666	0.1494410195968216
17.657317728834965	16.4	0.036917696773590775
17.656941787515386	16.533333333333335	0.03286339317863199
17.65617784181841	15.733333333333333	0.0575882796965307
17.65694768830446	19.4	-0.04703712584093006
17.657675915397345	24.0	-0.15224862993997296
17.657016858399935	12.066666666666666	0.18807730162443728
17.657020655222414	19.4	-0.04703506417837041
17.65797297836593	21.2	-0.09115315983173089
17.658017578575297	16.466666666666665	0.03491170506800347
17.658600994152945	16.2	0.0430791867155064
17.657315322425546	20.666666666666668	-0.07852397345081845
17.657196119638083	12.533333333333333	0.16971755312494025
17.656997169454108	18.733333333333334	-0.02957753197093883
17.65776070999104	16.266666666666666	0.041005674992808945
17.659002653104	19.066666666666666	-0.03832915885905647
17.65895784716456	14.933333333333334	0.08362788914521443
17.65759894888314	20.333333333333332	-0.07043086925515382
17.658150925874388	15.2	0.0748109938206748
17.658159626744975	17.866666666666667	-0.005869333130570747
17.658028346208514	15.6	0.061880648028346946
17.65665715510171	19.666666666666668	-0.05385397938199292
17.65635033200786	20.666666666666668	-0.07855113115866957
17.655427178818805	17.666666666666668	-3.181999316640098E-4
17.65568746091787	20.2	-0.06721083963166355
17.655859719378114	15.6	0.06181947292074273
17.655133060805092	23.8	-0.14822933821444523
17.653794722343445	14.8	0.08793408434233714
17.65225192673154	21.266666666666666	-0.0928703795112189
17.6516168786036	17.933333333333334	-0.00791673033267954
17.650905974187978	19.866666666666667	-0.05905927640067639
17.651679041931256	20.0	-0.06236962116492884
17.65138868654421	19.733333333333334	-0.05568971853481084
17.651435007054207	16.466666666666665	0.034725505882998706
17.651936176665657	20.8	-0.08187009904704691
17.652034878605956	19.866666666666667	-0.05902741024735052
17.651873029012414	17.533333333333335	0.003369020902089604
17.651476120442492	15.0	0.08120539820809054
17.650090512130475	20.133333333333333	-0.06572307558360649
17.65072467780366	19.0	-0.03681442410914965
17.650978631836256	15.8	0.05533406517663511
17.650337614110136	18.666666666666668	-0.027984936331725253
17.651497011287653	20.133333333333333	-0.06568340520282347
17.650777648561448	21.2	-0.09135524605309853
17.650189108432322	14.4	0.10140935822363698
17.651336020460544	19.333333333333332	-0.04547823036574611
17.6501114358279	22.8	-0.12731457050105152
17.6497588505994	19.2	-0.04206923458266761
17.649676444319763	19.2	-0.042071564943664874
17.649687900208466	19.333333333333332	-0.04552482130902495
17.649903642079224	15.733333333333333	0.057411158485244695
17.65021255644182	16.2	0.04284205170126291
17.649409220858015	21.066666666666666	-0.08826456110211779
17.649397346635553	19.133333333333333	-0.04034327955716189
17.648625183924544	19.733333333333334	-0.055767761564615645
17.647870100773634	24.533333333333335	-0.16323534351777735
17.64761368350003	16.933333333333334	0.020655314899820344
17.646160935435276	17.6	0.001309672719245458
17.646228353611328	19.466666666666665	-0.04905136912818777
17.647260851111508	15.333333333333334	0.0701602737912323
17.647362321453787	16.333333333333332	0.03866986719370879
17.647302149709464	17.933333333333334	-0.00803895657682077
17.64768116983891	19.8	-0.05747535662888009
17.647397088044393	17.533333333333335	0.003242222470791753
17.64653871481005	15.533333333333333	0.06368937705397097
17.64687129386753	18.066666666666666	-0.011754516543923416
17.646715764778513	17.333333333333332	0.008958890554047179
17.64657565863431	21.666666666666668	-0.10225793575527943
17.64628291500066	17.866666666666667	-0.0062057292976805695
17.645303225741745	20.466666666666665	-0.07402827638901215
17.64562637776434	15.666666666666666	0.059406289097487026
17.64707091077549	21.133333333333333	-0.08989752661197298
17.646494231984086	14.266666666666667	0.10590701360015746
17.646231009243294	18.533333333333335	-0.024519430794971903
17.647081544061415	21.0	-0.08675735196501018
17.647171701486435	15.466666666666667	0.06584875515116505
17.646861138296366	16.533333333333335	0.03257815884831442
17.64695083285559	17.0	0.018672662883860176
17.64583916601623	14.666666666666666	0.09219874542618241
17.64577002291582	21.8	-0.10531496722388237
17.644279923454167	15.6	0.061492681693246974
17.6443432263555	18.8	-0.03171018246828397
17.644635703135016	17.866666666666667	-0.00625240272011153
17.643515346986483	15.466666666666667	0.06574559691101008
17.644354833863265	15.733333333333333	0.05725445965452075
17.64493400006871	19.866666666666667	-0.05922788223132668
17.64442916762931	19.333333333333332	-0.045673508927427844
17.644259043008145	19.533333333333335	-0.050812173935376494
17.644020765276732	18.466666666666665	-0.022781230707400575
17.644013382196952	15.2	0.07441275077307474
17.64344362287505	17.2	0.012726745027690846
17.644467715856834	17.4	0.006975928920906943
17.644073781843947	16.933333333333334	0.020555053366006822
17.643788846063345	13.333333333333334	0.1391496436553088
17.644052639874186	22.666666666666668	-0.12459747960829634
17.64471864382147	17.733333333333334	-0.0025047927898655
17.644597713772466	16.066666666666666	0.04680723420214965
17.645472052828588	15.733333333333333	0.057286014204929674
17.644447651680817	18.666666666666668	-0.028151683972676596
17.64456356412634	13.666666666666666	0.12704377528889343
17.64456163650852	20.933333333333334	-0.08525015943445853
17.644222976450575	13.066666666666666	0.14905319783889118
17.644261219079766	13.266666666666667	0.14161964236705052
17.642781537490247	14.333333333333334	0.10349750798451754
17.642838629215447	15.933333333333334	0.05091424054501847
17.642537217838825	15.466666666666667	0.06571799668642672
17.64339480012643	18.666666666666668	-0.02818149640082703
17.64417659652228	25.733333333333334	-0.18648273609738716
17.644752073179774	19.133333333333333	-0.040474680606672996
17.643605361329026	19.8	-0.05759046485673235
17.643086674019298	19.466666666666665	-0.04914018090893781
17.642413076641848	18.933333333333334	-0.03529443369990714
17.64307954198021	19.266666666666666	-0.04398803274095925
17.64299150454071	18.4	-0.0210029318838288
17.643226858463915	17.733333333333334	-0.002547067164837351
17.643852490699608	13.933333333333334	0.11750632808267074
17.644236891379574	14.466666666666667	0.09895611373777997
17.64390293303854	11.8	0.1984758252439824
17.64446172587622	14.6	0.09441812835203992
17.644312404599624	14.933333333333334	0.08321592950805726
17.64512975591161	14.4	0.1012674868421451
17.643487393128062	9.666666666666666	0.29208259715402546
17.64378674646427	19.533333333333335	-0.05082552340830359
17.64280208087577	23.133333333333333	-0.1346506037584007
17.64194880255352	19.066666666666666	-0.03881153908699598
17.642854366745773	14.4	0.10120366711497533
17.64416714812872	16.0	0.04886930744606552
17.64418531523971	19.466666666666665	-0.049109121836262794
17.64396188196305	21.4	-0.09620023012500958
17.64474654913317	14.4	0.10125673935845007
17.644588865942396	18.666666666666668	-0.0281476854967574
17.64372751058122	19.266666666666666	-0.04396970534348429
17.642813026996834	17.466666666666665	0.005017059833044438
17.64191125366144	17.866666666666667	-0.006329608961235181
17.64210101967613	21.2	-0.09159903524584202
17.641904139195876	13.466666666666667	0.13421502063162505
17.64048708509876	16.2	0.042566972557941105
17.6392122444879	14.133333333333333	0.11034302878148486
17.637889214714157	13.4	0.1365392209952569
17.638159827995473	19.133333333333333	-0.040661212716547435
17.637669165444684	16.333333333333332	0.03839556492800796
17.636656638649242	17.133333333333333	0.014475796677579832
17.63665327846518	14.0	0.11495063167571584
17.638013401573705	23.533333333333335	-0.14318987352340593
17.636464806017944	12.8	0.15890363210190134
17.63535136590583	23.6	-0.14464891013456616

Average Payoff: -0.0328