933.0	933.0	0.0
385.21183440052096	984.0	-0.43732324725461136
578.2361346394539	1243.0	-0.36500696022712503
706.2216964009552	224.0	0.5183943765950416
750.3741876119868	334.0	0.38397648373475923
835.0440242398014	429.0	0.32122617286529803
831.0114170071953	1345.0	-0.23620674918136478
866.7266274011721	691.0	0.11280967039405689
928.1985896341548	560.0	0.24741226889932036
981.5012882522994	681.0	0.18075251452478616
1028.4863638900563	1077.0	-0.023041534223147784
1049.0505989067576	603.0	0.26999814606279676
1068.8288328862016	798.0	0.14507427146788168
1087.8193066075426	1084.0	0.0017585747561607449
1075.998887536698	2187.0	-0.34048467399325977
1063.2667210566872	1483.0	-0.16484262055984683
1083.6081532863254	914.0	0.08490561725396342
1079.7517147700262	604.0	0.28255455397413287
1085.7996928943753	467.0	0.3985058058202922
1100.2121797366594	686.0	0.23189416377046906
1114.1345487760584	431.0	0.44211978129489576
1110.9316011764652	576.0	0.3171033139715944
1128.891456989574	213.0	0.6825376614620553
1146.026057219328	360.0	0.521920622456306
1141.86292950743	1324.0	-0.07386342051419419
1158.3446405593436	581.0	0.33193228477921394
1157.4419428354527	724.0	0.2303775274522838
1173.1892288498914	447.0	0.44821260129311224
1173.9384106337775	1018.0	0.07114178476788928
1170.2723428163968	601.0	0.32139176401932074
1193.6035256960165	493.0	0.4153931347955033
1215.8500577814914	848.0	0.17823487534598664
1226.3798741592109	433.0	0.4781182937759852
1247.024621252109	1287.0	-0.015775450014427414
1266.801054144388	480.0	0.4504239634374254
1285.7728803623359	988.0	0.13095981702221923
1290.4624512663306	1089.0	0.08466721177260601
1285.0435451488888	671.0	0.3139212041939227
1290.0181368291899	1143.0	0.060426239576162805
1293.5421747721703	792.0	0.24048527085143218
1304.475333114811	526.0	0.42528589106422204
1301.2558213472146	992.0	0.1348544800228771
1309.6622129205127	1475.0	-0.05937444991077875
1316.4517259502159	967.0	0.15303661644294145
1332.3862900152265	529.0	0.43160642921070114
1342.2242647905746	1273.0	0.02646972411603791
1340.4998374952318	1248.0	0.03573492111351239
1340.4348286820941	1053.0	0.12009302498550396
1342.7698787494537	1150.0	0.0773315982324692
1342.2216752307716	1327.0	0.00570266432796577
1346.6242870017977	453.0	0.49656158424633723
1349.1332319633616	485.0	0.4711398370108281
1350.494264450924	518.0	0.4455428524933476
1364.4064444576882	545.0	0.4291419707082936
1365.0742647166587	502.0	0.46226027589086616
1364.3895516941554	914.0	0.1976789049788508
1365.8647045274859	710.0	0.3159477123422529
1362.2017761165416	1339.0	0.008589427240011039
1361.4462260680764	324.0	0.6155320828528013
1364.4042200343963	623.0	0.3730515476220357
1368.8188088591085	647.0	0.3580772268255775
1377.3310215585898	512.0	0.45800921685218576
1374.2758758231084	879.0	0.21980259103523533
1374.5968361531657	569.0	0.4144876247831474
1375.768119707683	765.0	0.28530325824876446
1387.9039116543076	1921.0	-0.16110957059468298
1390.6485974257014	1116.0	0.10956804942972952
1391.9684314874212	658.0	0.3580388947525726
1398.4556193725016	880.0	0.22754694669685377
1399.064709915158	970.0	0.18111143529318108
1405.4193908394864	548.0	0.4389325686334098
1409.1967890955318	897.0	0.22209587296165234
1409.6725339562759	882.0	0.2302565162071029
1413.0696446026657	1214.0	0.07577631031276835
1412.15211330818	1379.0	0.011877573117606606
1415.5580809708392	1590.0	-0.05803977641743443
1422.8552409219255	1169.0	0.09794344873660034
1424.2491763718842	955.0	0.19722573870444374
1424.074359348035	1203.0	0.08415230370673608
1425.9610039716936	853.0	0.25141325497591105
1433.0025037900004	455.0	0.5180091137732845
1434.8465144455429	1035.0	0.16189123984301695
1432.2236358068508	1549.0	-0.03917061531063046
1436.0432471929457	1148.0	0.11146997926828353
1436.8036074279637	1415.0	0.007645550125251553
1438.179803166207	668.0	0.36567618871304364
1438.274220355024	522.0	0.4674214509585695
1438.174424344337	850.0	0.25704964537958025
1443.7510611123973	577.0	0.42892520399581635
1446.3966067126264	661.0	0.37268571288903396
1445.551908024178	1011.0	0.17689506442128922
1445.5573607369174	618.0	0.4010343383143894
1449.4096384098352	417.0	0.553152757660124
1448.6883825732255	1154.0	0.11322461211505964
1449.4802684042793	793.0	0.29274740012380235
1453.6830281691207	1006.0	0.18200842264718803
1452.1131267498909	782.0	0.2999459242803644
1450.8951282465864	724.0	0.33422077175399884
1451.4988786770396	349.0	0.6123296669238292
1451.754972693419	277.0	0.6795381596867588
1449.4796694771212	929.0	0.21882872330438802
1452.2148334817296	217.0	0.7399975178181578
1453.991080064398	159.0	0.8028507386492776
1458.5638286298224	222.0	0.7358029534873443
1457.7656292344589	1523.0	-0.021885105667396966
1455.9855438482318	1213.0	0.09104041211773939
1461.0986709077533	1470.0	-0.0030368575376174393
1460.9996042969178	724.0	0.3372996511521416
1466.9254231554537	840.0	0.2717579930685119
1466.3427929726024	1121.0	0.13347392309614975
1468.1145892490842	343.0	0.6212277212760866
1468.760498052771	888.0	0.2464232146340765
1469.820274046564	398.0	0.5738348003496636
1466.3607746757966	1404.0	0.021725761871463765
1471.2613353263655	1104.0	0.14261128775104376
1479.154646337178	272.0	0.6893478247978477
1479.417444713155	301.0	0.6618770492349401
1478.30518475723	648.0	0.3904920096651271
1479.152665354197	542.0	0.4636723793400167
1480.8197210837388	1139.0	0.1304745201865793
1482.5907148862354	409.0	0.5675597297224012
1482.3821985341715	364.0	0.6057154360684621
1482.453951186434	386.0	0.5868241764749974
1480.9432094398758	619.0	0.41046024747963755
1481.073326686762	320.0	0.6446563332447224
1480.9787184428233	214.0	0.7474894549748663
1481.4467042379704	679.0	0.3714262900648634
1485.5512011420215	194.0	0.7689859054393954
1484.9232341020559	700.0	0.35924522283028304
1488.2365814301668	367.0	0.6043631268664542
1491.002263711309	759.0	0.3253340121106785
1490.3306397882438	1104.0	0.14891341676471015
1490.5056243384975	1195.0	0.11003723904368562
1491.4967347131526	1110.0	0.1466450945806078
1490.7015783210738	750.0	0.33056681241598945
1492.061350524064	1357.0	0.047405560606555715
1491.9275211519443	630.0	0.40620026488182037
1492.2324303337123	928.0	0.23313150557854206
1492.8206167641722	545.0	0.46511484326289904
1492.330674029881	942.0	0.22607063202257696
1492.462956239027	994.0	0.20047069472251133
1495.7647279116065	707.0	0.3580794253317363
1498.271058659509	447.0	0.540423944508763
1499.0350825787748	1163.0	0.12623240196115293
1497.3691669870918	846.0	0.27796267705637173
1495.9560333496527	731.0	0.3434984893702872
1500.8690200172018	144.0	0.8249100709569033
1499.6540353015553	1630.0	-0.041648681684359194
1502.4860899410678	440.0	0.5469723028870195
1502.2070137801172	591.0	0.435316243344021
1501.3196837553176	979.0	0.21058563022186785
1503.9808944645395	477.0	0.5184203933183985
1504.944766459736	274.0	0.6919522121585762
1504.6507190414022	1359.0	0.0508619008850906
1507.0989432657318	702.0	0.364446755868502
1506.6553788033352	666.0	0.386925320510957
1507.0213665919298	723.0	0.3515757195591917
1505.2507487182413	220.0	0.7449646085782639
1505.7627815047963	245.0	0.7201219918675443
1505.3695664894149	865.0	0.2701560024826932
1506.3945789053928	875.0	0.2651364811603851
1507.3215123766665	391.0	0.5880571363167301
1509.7479423260836	569.0	0.45255508047474124
1508.342781293599	420.0	0.5643927997923176
1510.37958198972	898.0	0.25427037605251296
1509.7082151831764	1756.0	-0.07541757211245795
1510.0479152160558	619.0	0.4185194277910989
1510.0044473232936	887.0	0.25990959174856565
1510.1141300831714	699.0	0.36716714588785576
1513.6564959436528	546.0	0.46981450443284284
1515.3946509630373	348.0	0.6264881410707634
1514.6119563392112	1757.0	-0.07408826196246399
1516.1338590752468	947.0	0.23106087270828277
1518.5436325247385	788.0	0.31672656099944957
1518.6558818282606	512.0	0.4957294295092175
1518.1246359471165	1213.0	0.11172124183973885
1518.636209667278	511.0	0.49646148648109784
1516.9016503076118	1431.0	0.02913993087206557
1518.3588801347407	354.0	0.6218673634036173
1518.5456131952596	203.0	0.7641654122388036
1518.1630191597656	413.0	0.572278470639218
1518.3876214371226	222.0	0.7448844185450092
1519.2500001114242	270.0	0.6981975688325434
1519.117017248709	1149.0	0.1387184350821179
1519.5783907930984	340.0	0.6343257141690143
1522.4236967436098	277.0	0.6921236499204909
1523.6256154696932	723.0	0.3563680614859853
1524.7394354621797	392.0	0.5909720510284406
1525.1022596126004	1180.0	0.12757457075283457
1525.528250685843	291.0	0.6796086161719412
1525.2337246707525	1875.0	-0.10286536269300595
1526.038645781161	1342.0	0.06416881657151967
1525.9917384101193	921.0	0.2472389787483303
1525.538763765435	759.0	0.33553327083932094
1524.693756742487	865.0	0.27605786510558955
1524.555612467341	414.0	0.5728778711970279
1523.1495489179088	940.0	0.2367495506613041
1522.7883112092459	729.0	0.3525146246020653
1522.4179935829338	489.0	0.5137758521002932
1521.9899121234128	810.0	0.30531431908086787
1520.0397387191445	1072.0	0.172852187420762
1520.7214839760632	576.0	0.4505708036074325
1520.0901477570558	1039.0	0.1879926536307104
1521.2826600814203	498.0	0.5067555326999936
1521.6824783625414	938.0	0.23729992935962618
1524.668799057162	324.0	0.6494775049319349
1526.964825647861	625.0	0.41913548720589305
1527.0505033015481	1229.0	0.10814406446634607
1526.6586388286883	634.0	0.41314191089093383
1526.8883331367515	921.0	0.24751469457773811
1525.4833826959887	1938.0	-0.11910454641272361
1524.3912249176722	1456.0	0.022947062904321008
1526.3390295193017	254.0	0.7146610889403677
1527.605088556396	249.0	0.71969009702395
1527.6254405371592	301.0	0.6707909741083103
1527.1876609282276	1298.0	0.0811229866595577
1527.7784607614785	312.0	0.6608287283993267
1526.8088668761386	657.0	0.39829899038754685
1527.0004656879664	244.0	0.72444953603644
1527.8544767568608	923.0	0.2467933051485153
1527.6942212609597	954.0	0.23117039010932747
1527.5991025546473	727.0	0.3550959909668651
1528.2175788289167	235.0	0.7334418589949847
1527.748826956787	1232.0	0.10716512461857385
1527.7677157343558	826.0	0.2981465465106059
1527.6286765992402	910.0	0.25337274808438015
1527.517470152766	588.0	0.44410763957667604
1527.2979296638684	488.0	0.5157043603162005
1529.2412351444405	824.0	0.2996893070765663
1529.3001247845655	638.0	0.4112490534153237
1528.6906775501566	675.0	0.38739133683644056
1528.4976998440904	1268.0	0.09315140858460697
1529.1118263383667	702.0	0.37071733320323863
1529.026994064945	899.0	0.2594810500892203
1528.5898246673894	645.0	0.4065117597808958
1528.5148359030095	932.0	0.24243496816148577
1529.651402183613	603.0	0.4345067371230097
1529.6106598551062	1038.0	0.1914662014539418
1530.0011073889682	836.0	0.29332239330810894
1529.7139659564634	565.0	0.46054687257310906
1530.4625759054024	228.0	0.7406825676883039
1530.2583181780835	1113.0	0.1578575636397455
1530.3325609762023	283.0	0.6878675141115342
1530.0478833140378	462.0	0.5361557281129193
1532.5828783812988	367.0	0.6135993810254453
1531.9444816083287	915.0	0.2521285162967094
1531.3493862841922	1654.0	-0.03850460305671006
1530.3620379357274	1086.0	0.16983965960854666
1530.2809626743024	703.0	0.3704329981318842
1530.109206730453	276.0	0.6943706405221921
1529.198213237921	1369.0	0.05527510592829486
1528.4475521063375	1095.0	0.1652205898907059
1527.8843345388902	665.0	0.39349286277806966
1528.2011728530117	706.0	0.3680067770276408
1528.8132665759401	595.0	0.43968708608806034
1528.15646168559	672.0	0.3891343532130751
1527.6914199012779	749.0	0.34202765165910953
1527.3874367223943	949.0	0.23356096390470915
1527.065836246723	436.0	0.5557968643236044
1527.4712886514073	414.0	0.5735193176226939
1527.4877979204864	1147.0	0.14226566979155028
1527.1323068923646	1047.0	0.186522000289879
1526.9983298933719	646.0	0.4054298237480017
1526.8205401279888	847.0	0.28638244915149946
1527.0838279489333	1169.0	0.1328162812435058
1527.9592441020257	830.0	0.2960014028435115
1527.512005891688	761.0	0.3349390363337975
1527.8347731755068	1113.0	0.1570847132843087
1527.4494092655125	878.0	0.26999088268658183
1526.9734248325572	1053.0	0.18371252210216799
1526.6525059092746	896.0	0.2603148839427043
1530.0351725759895	314.0	0.6594425044926191
1529.68834510142	558.0	0.465437452568724
1529.509010609595	519.0	0.49329000037392456
1529.3358973731472	335.0	0.6406227005852158
1529.8175643685017	763.0	0.3344433400568885
1529.913639266062	754.0	0.33972985051895516
1530.3310125152482	539.0	0.479058694099547
1529.5571759295956	1155.0	0.1395228901391887
1530.0560064108383	434.0	0.5580574091742916
1529.345848608877	1635.0	-0.033388939277156145
1529.293554338929	1014.0	0.2026087603846689
1529.367146386697	1154.0	0.1398866148048916
1529.5649697956076	642.0	0.40872135171675156
1530.8775268645709	321.0	0.6533248064806016
1531.062406033823	1199.0	0.12163180054049981
1530.6163283428853	1600.0	-0.022162943133258776
1531.7064913238703	553.0	0.4694696809344866
1531.647287768849	468.0	0.5319174507798509
1532.1180551184489	318.0	0.656238152889502
1531.8898299004343	1130.0	0.1509791372227703
1530.8533829576256	2226.0	-0.1850342683576095
1530.917927587482	813.0	0.3062897037211586
1530.424713170635	1318.0	0.07457620775034668
1530.6252742289569	630.0	0.4168354804376501
1531.205339919357	308.0	0.6650727427601915
1533.234857435579	337.0	0.6396174537543522
1533.429940281329	1970.0	-0.12461218496169328
1533.5540248674433	574.0	0.45529272965033263
1534.3268704592494	668.0	0.39336888727993186
1535.2219534472702	819.0	0.3042287293254196
1534.9452721429404	1108.0	0.16154147293287183
1535.3362944746452	461.0	0.5381539660668079
1534.9713547792192	1061.0	0.182579578124632
1534.8038117471253	915.0	0.25300140720456316
1534.5635159285735	777.0	0.32772775253993147
1534.7506978066328	639.0	0.4120760944253943
1534.0574724080288	2171.0	-0.17191164572624104
1533.6711271871063	1069.0	0.17853624391234932
1534.084771300579	547.0	0.47431262047230205
1533.7402379603382	1348.0	0.06445419178093682
1534.6549936620654	542.0	0.47800669667886125
1535.440764704661	1149.0	0.1439557802077919
1534.8893851917503	861.0	0.2812689890263097
1534.8898737630532	1062.0	0.1820985473973167
1534.5535587450902	758.0	0.3387286442154765
1534.5039770044598	306.0	0.6674823811051634
1533.8648544545902	486.0	0.5187796857515686
1533.5362010188492	770.0	0.3314626445554182
1533.0334352836533	709.0	0.3675384239661884
1533.3072731253671	1245.0	0.10377083770185189
1533.4119495324067	467.0	0.5330961704071399
1534.077637490623	814.0	0.3066668776166046
1534.4626912275103	832.0	0.2968408054061208
1534.6648779576137	574.0	0.4555796836186144
1534.3217803850323	598.0	0.4391090448909457
1534.8700817408287	612.0	0.42986768952153015
1534.9895059999249	1782.0	-0.07446827719933122
1534.8233886061932	1200.0	0.12242962013603242
1534.868059255006	1244.0	0.10467141766096863
1534.32896364713	1167.0	0.1359808333566269
1534.8832794642715	823.0	0.30191625075945944
1535.549631025924	499.0	0.5094737504649827
1534.7091561021716	1760.0	-0.06837958472922091
1534.5390871722154	1122.0	0.15529193195924232
1534.5642900852808	1581.0	-0.014904430013687213
1534.817514960663	575.0	0.4549291624297462
1534.2341376242323	1420.0	0.03866793635933621
1533.6209950769312	1478.0	0.018468789787245577
1533.4621437346643	499.0	0.5089699441259125
1532.8068374919346	685.0	0.3822726231878243
1532.5414136959162	299.0	0.6734990562985524
1533.2959488909423	182.0	0.7877917217519512
1533.0327539031937	1079.0	0.17382353005517515
1532.9271916380264	485.0	0.5193087223267877
1532.415942387064	1512.0	0.006706029259279288
1532.424899638786	574.0	0.45500074548261304
1533.1843584986873	183.0	0.7867361987145859
1533.3492213056356	464.0	0.535384203172352
1532.902900607758	292.0	0.6799829734472409
1532.2377055907223	1008.0	0.20637348403928713
1532.2162694045721	623.0	0.42186776441501345
1533.076827221518	1624.0	-0.02879979732976651
1533.7027092159658	825.0	0.300462922456022
1533.508265673801	1308.0	0.07936217127995107
1533.254366031097	468.0	0.5322933376748692
1533.5433757485487	992.0	0.21442647984140836
1533.490974803149	676.0	0.3880943550265218
1533.2250071329815	805.0	0.3114435116002355
1532.6687340880492	1645.0	-0.03535021278553395
1532.8104564284106	713.0	0.3650399142464513
1533.177100394587	486.0	0.5186157767884491
1533.1820134433979	1138.0	0.14794275023362116
1533.104366094565	877.0	0.2722306864900395
1534.2057461795034	482.0	0.5218741927371857
1533.763985430366	1657.0	-0.03862272958211674
1533.8277361985881	695.0	0.37635377672985343
1534.019147509539	1013.0	0.20456035755325536
1533.7741245567704	670.0	0.39195220369079126
1533.9341038749612	1056.0	0.18453523707799915
1533.925163697184	799.0	0.31502303422904737
1534.8673182714535	270.0	0.7008090320361247
1536.317990373763	339.0	0.6384613151048211
1536.211304251396	993.0	0.2147749788000325
1535.748109244912	1567.0	-0.010072326097619785
1535.5338152760391	415.0	0.5744754623069488
1535.3642671365121	1328.0	0.07241979985448563
1535.238873400528	692.0	0.37860279984835155
1535.437222007573	1472.0	0.021093448449516192
1536.0527767177537	413.0	0.5762043953519814
1536.1716575497096	429.0	0.5633969191934081
1535.803138842373	1121.0	0.1561286693688234
1536.085096954337	1163.0	0.1382265040014219
1536.4570893536015	1398.0	0.04718320463977229
1536.2536318592058	621.0	0.42426797588487747
1537.8694013351776	317.0	0.658196960096688
1538.3426033693665	303.0	0.6708923158074355
1538.2628712352828	920.0	0.2515039699251546
1537.7963050723718	592.0	0.44407829181590813
1537.7022374151977	1377.0	0.05513504444890086
1537.5920550655421	406.0	0.5822168557009163
1537.809739690265	512.0	0.5004414408945433
1537.5201984002438	1139.0	0.14889489667906833
1537.5527139058406	553.0	0.470953306920624
1537.5874453958122	648.0	0.4070244122557663
1537.4152069964903	417.0	0.5732738892869771
1537.8345839955111	702.0	0.3731679964082501
1538.3792520806833	1536.0	7.738967399916711E-4
1539.356356343049	570.0	0.45955077880894607
1539.5379237008726	667.0	0.39543300585444974
1539.2894177442142	980.0	0.22200284485178567
1539.1073934831063	582.0	0.4512300491826696
1539.407857640866	776.0	0.3297077251947701
1539.130905428191	576.0	0.4553528592279791
1538.8766823786482	654.0	0.4035232302341819
1539.4408202203676	366.0	0.6158369274804647
1539.1177625164178	596.0	0.44171697649354635
1539.071692975101	667.0	0.39530523679356405
1538.7904385524646	1381.0	0.05404169986620406
1538.956508708683	244.0	0.7262973058420606
1539.2797729952736	439.0	0.55618006513273
1539.3628635649359	1317.0	0.07784825464626433
1539.2342482040328	1215.0	0.11772210312737845
1539.496873710324	267.0	0.7044002634207558
1539.9469675591083	288.0	0.6848923900844106
1539.7285741102767	395.0	0.5916739895345283
1539.0542384457285	1580.0	-0.013127620882500387
1539.5668912324309	627.0	0.4212041155642907
1539.4917315218186	1226.0	0.11335840492616756
1539.1754000642622	862.0	0.28201829822433594
1538.8701780490724	1287.0	0.08913013060740066
1539.175056905663	1427.0	0.0378180838128566
1539.0182833510494	1157.0	0.14169721537504376
1538.618024174591	1506.0	0.01071333872282186
1538.1935334120358	1142.0	0.14782273312467079
1538.209218820523	558.0	0.46761039404838545
1537.930998231882	1014.0	0.20530766646703624
1538.086407289353	370.0	0.6121768924232045
1537.6142639669165	1729.0	-0.05858841006855464
1539.643033312682	258.0	0.7129574724025607
1540.224617454613	489.0	0.5180425116137373
1540.719416061259	646.0	0.40916059439982316
1540.5421242490168	814.0	0.3085704506054433
1540.329980392985	624.0	0.42337813027318677
1540.6831834463408	327.0	0.6498335446843789
1540.4463933873972	346.0	0.6331727196565547
1539.9411030438591	1524.0	0.005202809880393102
1539.9540666843952	525.0	0.4915141131027974
1539.7423003508245	799.0	0.3167267724364967
1539.692412149571	1350.0	0.06564449951559499
1540.748152730395	309.0	0.6659004637535244
1540.2186814398187	1071.0	0.17969336876109238
1540.0287631578026	883.0	0.27116011710134735
1539.4046185435132	907.0	0.25850368894415365
1539.5931330287658	547.0	0.4757003736459061
1539.5920038136903	334.0	0.6434656004934435
1539.146968192153	1357.0	0.06289286082254787
1539.3226093152227	1083.0	0.17401467222005307
1539.698574848707	1232.0	0.1110144435043781
1540.1701750994052	661.0	0.3994103613818508
1540.4997655055206	410.0	0.5795949251050145
1541.8136691491723	308.0	0.6669934868178744
1542.7706511971962	374.0	0.6097603020304978
1543.116706266968	609.0	0.4340455624673227
1543.2600094396491	444.0	0.5531535904803968
1543.5173024900203	472.0	0.5316338893078423
1543.570082285578	789.0	0.32349299513702484
1543.870164292731	727.0	0.3597168068598707
1543.6429272954745	1031.0	0.19911224265726765
1544.0253582296182	773.0	0.3327651790650835
1544.465045011928	459.0	0.541793852462979
1544.2398673794187	1062.0	0.18503280278047168
1544.283331331889	1160.0	0.14210172687143152
1544.8439857938158	655.0	0.40450322456513427
1544.7832497278384	212.0	0.7586497935555304
1545.013289817749	248.0	0.7233707062760165
1545.8367956220081	316.0	0.6605502686991104
1545.706615724928	533.0	0.48718111929025476
1545.8999621718524	374.0	0.6103963671347551
1545.5306485832307	713.0	0.36861605092916255
1545.2076952330058	1469.0	0.02528282817190364
1545.1320369493433	584.0	0.451419649072807
1546.7027171159828	735.0	0.3557442917638085
1546.178532463493	1552.0	-0.0018789967961846757
1545.8614747828997	1350.0	0.0676349599207204
1545.7969413202945	819.0	0.30734010545299295
1546.212302092202	613.0	0.4322003450924912
1545.994779567179	866.0	0.28192216058162484
1545.8409890235364	1055.0	0.18872395163528183
1546.4206922805577	797.0	0.31979776177159225
1546.228181952285	578.0	0.4558023427890072
1546.2943480416898	658.0	0.4029835438406203
1546.2884987733996	394.0	0.5938748281515077
1546.5668436742344	442.0	0.555458745170139
1546.4122509934193	649.0	0.40876707806806767
1546.3034541252155	388.0	0.5988219954087068
1546.1595405934886	542.0	0.48088257677288887
1546.0435203441548	436.0	0.5600500235995882
1545.4971016014388	1600.0	-0.017327276623721147
1545.8461888721963	1020.0	0.20494065121780708
1545.9310565108506	764.0	0.33850839587046244
1545.440927385549	1037.0	0.19688385588757384
1545.3815719238214	1270.0	0.09781323237675603
1545.4893015018836	615.0	0.4306845217215589
1545.5189565664086	1116.0	0.16138113745412713
1545.6720666475285	860.0	0.28502308197104365
1545.681685702956	890.0	0.26919842997206805
1545.7593188066696	671.0	0.3946117701571553
1545.9440934537101	238.0	0.7331754948225617
1545.6156798312677	1562.0	-0.005272312234446542
1545.4730608986201	1605.0	-0.018894603429619804
1545.478315308697	311.0	0.6649570345794352
1545.6133797300747	532.0	0.487873918034627
1545.245943304783	910.0	0.2587300653268716
1544.8930855014185	1680.0	-0.0418950057929051
1544.752280297988	964.0	0.23149048427731037
1544.35877532726	1353.0	0.06604593706405787
1544.2886840926576	1242.0	0.10849151626623232
1544.697234581425	1591.0	-0.014766338059661517
1544.746816291969	938.0	0.24438529628170352
1544.9619642936825	538.0	0.4834279173384408
1544.7325250335227	1319.0	0.07882458402112129
1545.734525217038	442.0	0.5552726036674956
1545.8355661309433	571.0	0.4605154891235618
1545.7734151084185	1014.0	0.2077423774970705
1545.514591643649	1080.0	0.17730413425439137
1545.7316122471652	999.0	0.21484843808906248
1545.5116858920278	1410.0	0.04585049909932191
1545.5806501958432	941.0	0.2431373581823
1545.286796398444	1619.0	-0.023295361117536977
1545.4052013738658	877.0	0.2759262575042277
1545.7218939345635	766.0	0.3372905261573106
1545.4968798464733	961.0	0.23319274184864522
1545.2832066038363	1440.0	0.03526740992979699
1545.17279282447	674.0	0.392566453428657
1544.9315265322325	1324.0	0.07700829541905428
1545.4061242961602	390.0	0.5969838111969089
1544.9753189330668	1117.0	0.1607735863999676
1544.846727529955	586.0	0.4499839031789187
1545.2560704042746	399.0	0.5895602373847445
1545.1972434112224	268.0	0.704389579265184
1544.739361449557	855.0	0.28742261452632156
1545.1694717602074	510.0	0.503690564687888
1544.7581827425759	648.0	0.40896355548926167
1544.503694514214	1085.0	0.17474921045855565
1544.129515776403	1114.0	0.16181661323254523
1543.8917560287873	971.0	0.2277997669901422
1544.6748845646475	300.0	0.6747394323951004
1544.5330011173176	810.0	0.31196547288517645
1544.2471130357862	593.0	0.44508054648141127
1543.6968360821202	1704.0	-0.049359029493424814
1543.5613401124044	841.0	0.2946291748902072
1543.461817637957	649.0	0.4079714458159198
1543.1049435362863	1363.0	0.06197468674931129
1543.0869586486685	1129.0	0.15496762083599297
1543.1731956741048	674.0	0.3920186286619089
1543.4030769086564	1298.0	0.08636686533599663
1543.297931085809	1470.0	0.02432482043333729
1543.3948913033955	947.0	0.23947804156924724
1542.914412412155	1765.0	-0.06713764623247877
1542.598858090352	979.0	0.22350853161361858
1542.8009635393937	637.0	0.41554296868858315
1542.544559104607	1798.0	-0.07647119694875877
1542.2693490447261	687.0	0.3836545590200759
1542.346971251529	458.0	0.542079442634445
1541.986782217484	1123.0	0.1572190845422705
1542.69568899982	489.0	0.5186286975479788
1543.140654338243	379.0	0.6056480058890564
1543.3743195934796	1025.0	0.201829739395435
1544.169902563779	576.0	0.4566473193459808
1544.1910344605467	998.0	0.21485050771428296
1544.7476762519223	254.0	0.717581289078562
1544.818909028733	687.0	0.38435865273766673
1545.1020794555752	672.0	0.3938032838208205
1545.7390163878829	310.0	0.6659012961818286
1545.6738689189906	1134.0	0.15362834772317435
1545.6584311722295	1291.0	0.08977409066025395
1545.6529275917217	735.0	0.3554477394540425
1545.8344322433043	830.0	0.30129811342425955
1545.9130106396133	1070.0	0.1819299834145664
1546.312882769086	984.0	0.22223057338020202
1547.223527316672	311.0	0.6652717012478118
1546.999359782514	613.0	0.43240723917462476
1547.1966259732558	612.0	0.43312249321050916
1547.4944570711696	668.0	0.3969743432505988
1547.5740098316435	822.0	0.30620440924028997
1547.5004432000087	448.0	0.5509898266105301
1547.2949186976482	1305.0	0.08494735839177511
1547.3447158156014	597.0	0.4431865403012583
1547.578778820386	622.0	0.42661681053297784
1547.4651806323716	907.0	0.26093879256716984
1547.4226672655282	740.0	0.3529835910172001
1547.3518285765056	396.0	0.5924567088913922
1547.0277845553521	1656.0	-0.03402162665278769
1547.395503922968	1006.0	0.21202962999315325
1548.0709346056872	422.0	0.5715890300320948
1547.9017908360088	895.0	0.26726485415223056
1549.17506427138	350.0	0.6314189180508456
1549.594841762571	441.0	0.5569163641461897
1549.7231129547931	1156.0	0.1455149313208278
1549.6418461099981	1089.0	0.17457535845158242
1549.7141028096303	652.0	0.4077341838634035
1549.6921266341105	789.0	0.32526390197794564
1549.5166490014155	769.0	0.3366448325215107
1549.7826817971904	383.0	0.6036802237446903
1550.325541051133	187.0	0.7847265862598676
1549.9218268923432	821.0	0.30744237056848417
1549.8327310670036	360.0	0.6230036336230642
1549.570274096346	1203.0	0.12590787503513357
1549.6353888684498	231.0	0.7405420543205143
1549.6185728491225	956.0	0.23691497951107646
1549.988886793491	141.0	0.8332336763402758
1549.8521134828425	469.0	0.5353795388302117
1549.5179690000516	1035.0	0.19907695561471309
1549.763777898128	231.0	0.7405607606499566
1549.6456519469837	162.0	0.8107084841821948
1549.2520304358457	751.0	0.3470280733909818
1549.1171939633482	1072.0	0.18202818060260295
1549.2532783416239	1139.0	0.15260960775046764
1550.228502897901	300.0	0.6757157296732504
1550.3250767690977	886.0	0.27267505601103287
1550.380748945303	920.0	0.2551755429661747
1550.739522767349	464.0	0.5393945522419971
1550.9328332297487	589.0	0.44951543258389415
1550.9064945579798	968.0	0.23141251801816837
1550.9145838241848	744.0	0.35160985489907154
1550.7696437363838	874.0	0.27910677844578
1550.770788307156	841.0	0.2967553545586684
1551.3220663674203	441.0	0.5573004912764223
1551.1899346134248	731.0	0.3593872368700789
1551.732666832266	341.0	0.6396744178661978
1552.2247430610175	459.0	0.5435617013129849
1552.223271673653	1395.0	0.053346237180181444
1551.9927388542128	964.0	0.23370208100122963
1551.7183208025929	1418.0	0.045027274090579175
1551.877836960666	395.0	0.5942221001224738
1551.7663675995632	330.0	0.6492657051566314
1551.7465862732095	631.0	0.42182935575919467
1551.5233485171125	1363.0	0.06468410987787479
1551.6824463105895	234.0	0.7379153270129647
1551.8337968866028	201.0	0.7706570921247436
1551.5305786123695	1053.0	0.19140899427564964
1551.2735216869746	1279.0	0.09620042713210522
1551.1109798719037	596.0	0.4448354038638867
1551.3168632538461	490.0	0.5199177464110661
1550.974929207258	1116.0	0.16309674472138797
1551.2122418981676	554.0	0.47368727107487735
1550.8498967998414	759.0	0.3428144391100487
1550.8765708287517	716.0	0.36829379313031035
1550.7946080396619	702.0	0.37677407652278894
1550.6743271929956	1147.0	0.14963790221966114
1550.704193566116	690.0	0.38412218624730277
1550.5725505530988	768.0	0.33752342593998835
1551.0127188884708	869.0	0.2818219563745616
1551.090252087726	539.0	0.4842327985965106
1550.8451204003882	1344.0	0.07145291433476733
1550.3780758008227	1332.0	0.07576316154852442
1550.4134456029367	1125.0	0.1590084875674476
1551.0962165118817	399.0	0.5907894219561254
1551.5672480308956	545.0	0.48010253378529477
1551.744532422176	801.0	0.3190930940765066
1551.6168030415338	555.0	0.473088794128395
1551.8846819349042	468.0	0.5366072091287016
1552.145160219838	437.0	0.560615274601977
1552.1835364164247	1079.0	0.17983676542035654
1552.1807262133952	1078.0	0.1802844654314159
1552.0447955360928	1165.0	0.14245064938641397
1552.3736726035302	270.0	0.7036831643707132
1552.6149480892088	1352.0	0.06906765670306238
1552.7124369033754	772.0	0.33583183214837553
1552.7447102857434	661.0	0.40282183674676736
1552.6583357337952	847.0	0.2940661698483051
1552.2578319174738	1882.0	-0.09601555393364827
1552.0479729901276	828.0	0.3042157054004604
1552.0283251556	558.0	0.47109714751449944
1551.799740274757	1257.0	0.10495577027001561
1551.7976434856198	1521.0	0.010022672189596115
1552.018210448011	1065.0	0.18609660739221132
1551.9917189640971	981.0	0.22542186564968805
1552.163951615382	722.0	0.36504138192222285
1552.4488604386595	637.0	0.41811840275421996
1553.0387734281703	444.0	0.5553416329139993
1553.1929708202706	1181.0	0.1361253484272586
1553.1751682936515	554.0	0.4741775545422565
1553.1285631481085	872.0	0.28086286784892
1553.0643392807174	539.0	0.48471948029541373
1552.7184317154483	1488.0	0.021283927850872023
1553.2305338623933	220.0	0.751865314973115
1553.1477049665325	691.0	0.38417600724698725
1553.103006783443	271.0	0.7028676571529022
1552.8204170963365	898.0	0.26718416923919275
1552.8166536392955	1307.0	0.08595538924723668
1552.6735801454543	865.0	0.2844360735017346
1552.5252385992403	772.0	0.335778345461022
1552.7339111799595	749.0	0.34918628399054774
1552.5849497523982	829.0	0.30382495901631634
1552.977798446852	348.0	0.6338726309330651
1553.2812998496372	747.0	0.3505142175012862
1552.9434805311732	1590.0	-0.011790386845443377
1552.7787991558284	600.0	0.44258090962687047
1552.7477594294078	983.0	0.22468629117811467
1552.6364604409578	936.0	0.24778085117811738
1552.4775965808108	725.0	0.3633307294978916
1552.4963505256305	503.0	0.5105804981153355
1552.756509436536	1308.0	0.0855565682116525
1552.3823584081351	1665.0	-0.03500287782008748
1552.5830925399878	296.0	0.6797547254494355
1552.6328855925046	406.0	0.5854251166857323
1552.4751808393619	1537.0	0.0050089998894755705
1552.3296804421416	332.0	0.6476200492452052
1552.1369083943403	804.0	0.31752692542140115
1552.0787401050056	971.0	0.2303054323547676
1552.3148598533728	697.0	0.3802557281416479
1552.1441439075136	516.0	0.5010018991954023
1551.8107008457673	1344.0	0.07176252949996798
1552.1554086054155	478.0	0.5291000896051058
1552.2936104761418	546.0	0.4795771218346297
1552.571167146712	326.0	0.6529277083549104
1552.7610910198698	948.0	0.24183081430351022
1552.746946129792	848.0	0.2935531990432827
1552.7615202669144	615.0	0.4325944120234447
1552.710657113357	665.0	0.40028245085354347
1552.6011988768203	1082.0	0.1786233146320006
1552.3629795203422	939.0	0.2461957509051659
1552.289908002444	1599.0	-0.014822530887729345
1552.0632541340826	1185.0	0.13410842938308687
1552.1348710286916	929.0	0.2511491327234205
1552.4533427653328	432.0	0.5646156140934927
1552.4962099133043	867.0	0.28332187796147323
1552.5335184165374	1640.0	-0.02739720071188009
1552.4107093433686	1379.0	0.05915606052425602
1552.3361550560219	1215.0	0.1218992331089581
1552.699249936471	339.0	0.6415920765297288
1552.4713078447896	590.0	0.4492341644532845
1552.2580532156658	716.0	0.36867853374536413
1552.0400632279782	1189.0	0.1324460988725736
1551.9756894190634	278.0	0.6961708271783078
1551.9454355319365	188.0	0.7839012693607549
1551.8791347044319	784.0	0.3287323917132359
1551.869470182705	635.0	0.41926117799161733
1551.6338602961318	862.0	0.28572430625891193
1551.6458646647702	705.0	0.37517887849476167
1551.5486736290886	1009.0	0.21188766267822182
1551.973703025851	856.0	0.2890287805681984
1551.6679980141084	941.0	0.24498569344197602
1551.3818652257985	907.0	0.2621162620586664
1551.2134140293329	882.0	0.2750327653837541
1551.3681312736576	324.0	0.6544678406367552
1552.0250562111025	245.0	0.7273271186139555
1551.796328810541	1673.0	-0.03758490733402838
1551.8214131868551	959.0	0.23610656260670393
1551.912322635622	500.0	0.5126497419170771
1552.0966980833452	665.0	0.4001163769041874
1551.8053381725215	1807.0	-0.07597780643230916
1551.7098236929148	1121.0	0.16115098611707795
1551.4163627854505	1886.0	-0.09733578999531657
1551.5353795622402	1077.0	0.18053223983664618
1551.5652383093009	1695.0	-0.04418046494127899
1551.7358053660125	1112.0	0.1650823645799176
1551.5461776134823	991.0	0.22046646882914409
1551.6776852341231	517.0	0.5001637967187833
1551.9760695494763	1270.0	0.09992149564701777
1551.9563698989834	382.0	0.6049548935584798
1551.653672740756	1512.0	0.012943262188405826
1551.971369035692	219.0	0.7526781021657654
1552.02825581421	343.0	0.6380001206339501
1551.835182950434	1460.0	0.030491437071424033
1551.8659456854696	556.0	0.47245222008727794
1551.9020280637983	450.0	0.5504275497085824
1551.873479645865	1147.0	0.15001573163740556
1552.022380636643	621.0	0.42844583145244736
1552.171564761469	489.0	0.5208634017423769
1551.9564108740078	1141.0	0.15260418223428673
1552.1173378259346	760.0	0.34259391807976153
1552.3804918942642	396.0	0.5935085558006189
1552.3723657777343	1701.0	-0.04568417552988451
1552.1862405837742	1405.0	0.04977239463778864
1552.1837942697941	836.0	0.29988638059943495

Average Payoff: 0.3287