216.0	216.0	0.0
505.76140158656244	391.0	0.1279731725557378
759.1914157008332	268.0	0.47818878564683354
842.9356693109374	165.0	0.6725981527912388
985.1989657369246	163.0	0.7160770826937907
983.9742608504165	229.0	0.6224157306694239
1024.7227279544245	453.0	0.38689445397232697
1053.669586638672	250.0	0.6164672359281009
1068.8171411025	599.0	0.28169583434784123
1073.6248140164244	472.0	0.38924375990901455
1062.9052206155573	371.0	0.4825320465173641
1063.1466005492086	251.0	0.618003044873225
1103.4937917772136	406.0	0.4620713219072032
1125.7589182749962	684.0	0.24409821320072098
1130.4051381873744	428.0	0.45072049685639637
1131.3335648074142	389.0	0.48827019411457123
1133.9423119438754	171.0	0.7379194491053417
1126.4320616667503	193.0	0.7074498860423385
1127.6043533600334	311.0	0.5676365092686921
1126.8673755258687	429.0	0.44853911490366977
1137.3549705259725	257.0	0.6313707693772475
1129.304344927004	176.0	0.7303310899346737
1133.0806802725747	164.0	0.7471244426128739
1127.6821493718244	187.0	0.715520591666432
1148.4323746396321	232.0	0.6638734294237852
1160.1577110628511	212.0	0.6909976188731421
1159.8432299060678	260.0	0.633762383728518
1156.9912267140685	240.0	0.6564044277292768
1157.5407402805163	372.0	0.5135794814700058
1163.8874197380812	186.0	0.7244214631823302
1173.909989096719	272.0	0.6237663449992177
1179.2934594391081	215.0	0.6916000737943797
1175.5325383420354	368.0	0.5231716975720094
1178.1845024830743	576.0	0.34328458701503356
1185.2109105459067	504.0	0.4032716733553171
1182.039909899819	608.0	0.3206855370794194
1185.428629863559	377.0	0.5174179571544052
1184.6352425791576	357.0	0.536855424500106
1187.3049798143638	407.0	0.4894326930504979
1184.8255880442287	273.0	0.6254696004255929
1183.019933024809	268.0	0.6306046610382191
1177.264567063062	330.0	0.5621206691761989
1174.8416998527323	354.0	0.5369043112388947
1175.2456644637573	515.0	0.3906211258783054
1174.5226106171924	306.0	0.586632452884409
1181.0785110059203	484.0	0.41864603164255343
1182.1075108960363	524.0	0.3857362485617349
1182.0187484338035	471.0	0.43013350520523563
1183.4046302817296	398.0	0.49665001305947143
1184.2363404955377	190.0	0.723482789093632
1183.6198327191714	171.0	0.7475306416313923
1181.1791461055423	223.0	0.68237671009645
1184.3851609882045	530.0	0.3817025344590619
1184.8844927038813	730.0	0.23755192255046625
1182.3167247044976	135.0	0.7950379017160305
1181.7306879785756	159.0	0.7628159011714353
1183.2976484784301	173.0	0.744893755151635
1188.5473224929933	214.0	0.6948409560689613
1189.1537929820502	247.0	0.65602569695948
1190.385502528214	337.0	0.5587230604949717
1191.165482709769	280.0	0.6193494161047575
1189.919446754536	338.0	0.5575682988812688
1188.9129665954256	328.0	0.56754275660763
1189.7437479896564	369.0	0.5265418058922041
1189.8744736483418	398.0	0.4987009280581924
1191.1702583943415	811.0	0.18987908585717506
1193.2406345837683	235.0	0.6709238005002064
1192.4415545678041	282.0	0.6174822947354311
1191.8114040763624	537.0	0.3787639314111321
1192.7701354600104	671.0	0.27995412391948676
1192.0177242929167	450.0	0.45189385797430615
1193.656284766515	517.0	0.39555361927008664
1194.9249418505854	348.0	0.5489087115506623
1194.7276862056426	604.0	0.32841418450158144
1195.5139531520406	416.0	0.48371529866517776
1195.6020162012708	1214.0	-0.0076352790523198455
1195.6941028541294	309.0	0.5892852913906108
1196.9909754513244	362.0	0.5355970551462599
1196.3301966243775	477.0	0.4298794093810583
1194.8046580231198	380.0	0.5174004622554004
1195.4034726086861	263.0	0.639331632240885
1196.6471190671687	1034.0	0.07291476884751984
1198.728655961938	312.0	0.5869542835919296
1198.4966351757305	378.0	0.5204556843752924
1198.02848491942	478.0	0.42960396639919723
1197.7261215416224	385.0	0.5134976358070106
1197.1404743708968	316.0	0.582325626268929
1197.305224906401	406.0	0.4935462147905097
1197.5414282683944	310.0	0.5887343535811485
1197.820213428542	714.0	0.25306784080961686
1197.048178756816	549.0	0.37115137293532496
1197.090364997501	270.0	0.631924513388158
1197.0249379915574	251.0	0.6533208877629655
1197.0165480985418	306.0	0.5928188543404675
1198.023898263379	386.0	0.5126336156630145
1197.5307242627034	307.0	0.591899327744941
1199.5584419231357	236.0	0.6712080914186339
1198.381329760001	198.0	0.716409843385645
1197.9068692703077	319.0	0.5794072708584257
1197.2341817944969	755.0	0.22652721989940494
1197.2672719718216	319.0	0.5792298549250382
1197.4093310275475	341.0	0.5566849561784232
1197.8319699813392	844.0	0.1732914241638468
1198.0079844118923	209.0	0.7029156873088268
1197.7482547983623	486.0	0.4227165508679906
1199.819522898785	711.0	0.2558166886201934
1199.6083992414847	1311.0	-0.04436836935308964
1198.769909587071	1152.0	0.019895570977121458
1200.5249838053353	558.0	0.36537722791686045
1200.6461210816676	425.0	0.4771309764302027
1199.6513382620149	361.0	0.537372645446843
1200.2577170609636	292.0	0.6086466879526671
1200.0328253184646	174.0	0.7467309415120102
1199.7871909062083	199.0	0.7154677976839675
1200.2390467317189	263.0	0.6405235349788744
1200.4857644633214	201.0	0.7131615531222039
1200.466571634783	212.0	0.6998159046629584
1200.192816651295	370.0	0.5287202997284266
1200.215059197516	667.0	0.2855670301988026
1199.9352861218586	356.0	0.5423974207984912
1200.3446917010276	308.0	0.5916052853241991
1201.3516697533857	553.0	0.3695676761572703
1201.7907897682912	594.0	0.33845300534519046
1201.4577545688435	612.0	0.3250463117123946
1201.6707892695522	261.0	0.6431185993256328
1202.570253734661	331.0	0.5683275686993473
1202.8322149134804	322.0	0.577658450745323
1202.9335521411401	510.0	0.4045303165875781
1203.187189827946	1099.0	0.04525574214307587
1202.8734025437684	404.0	0.4971601379916477
1202.5266472071207	1202.0	2.190232359173217E-4
1201.6083693643113	514.0	0.4007956487290235
1200.6053143829336	747.0	0.2329041264331582
1200.097615071184	405.0	0.4953577948191783
1200.7895094094831	421.0	0.4808204177454667
1201.0281150633498	368.0	0.5309198140338716
1201.7356062040724	316.0	0.5835901869755421
1201.774795401673	459.0	0.44724594656557654
1201.8387801202134	460.0	0.44639635865673477
1201.6369644196227	418.0	0.483834946740938
1202.0882017125127	550.0	0.3721777254564888
1201.8703426840975	306.0	0.5941295596340173
1200.8001193147707	452.0	0.4530494102488409
1201.4130206599066	339.0	0.5598583036453771
1201.6254855347424	211.0	0.7012654774239373
1201.999902845963	146.0	0.7833827737053131
1202.4996743583276	180.0	0.7396021086463618
1202.862765107342	256.0	0.6490416972412567
1202.5159312176033	604.0	0.33130952286382537
1202.0786319629801	547.0	0.37452783425053304
1201.430307406624	272.0	0.6307935317568626
1201.326343085315	258.0	0.6464121939243074
1201.1878685861282	359.0	0.5397990110955899
1200.7345563695424	599.0	0.3343462813668324
1201.0080953103393	516.0	0.3989544936807814
1201.2982449189153	201.0	0.7133277450381144
1201.4780088107614	165.0	0.7585032485907349
1201.725213399075	199.0	0.7158614721911146
1201.5487253303943	267.0	0.6363757015417649
1200.979350623971	681.0	0.27629386605733564
1200.2407602359824	222.0	0.6878165691677053
1200.080824020089	288.0	0.612924250684233
1199.8393574127372	424.0	0.47778085552063587
1199.868767927835	294.0	0.6063911284418761
1199.861191113114	388.0	0.5112922940978156
1199.62193913568	309.0	0.5903546249936782
1199.9231228189362	298.0	0.6021157622038775
1200.5708049237633	267.0	0.636133399350541
1200.3443464978768	324.0	0.5748992007686745
1200.7431776808135	304.0	0.5959443385301932
1201.168932152126	320.0	0.5792709235163395
1201.1726772090558	354.0	0.5447450881978
1201.54216255622	554.0	0.36885594454384574
1201.7712143359204	367.0	0.5321178809934303
1201.9110547261835	311.0	0.5888720635248622
1201.4937881802816	481.0	0.4282296869336671
1201.5844148776662	699.0	0.2644367758377182
1201.4532810529618	403.0	0.4976481961063754
1201.9718896033194	193.0	0.7232919151440644
1201.6665488507174	196.0	0.7195325306151625
1201.6819398592204	147.0	0.7820093890849545
1201.9279603800012	189.0	0.7282389809054306
1202.0467423289863	171.0	0.750918894851392
1201.6902300930333	245.0	0.6612958394220377
1201.5079964809493	483.0	0.4265387863886434
1200.981313506192	305.0	0.5949484933648933
1200.3719881012266	536.0	0.38262077058023536
1200.1079654169957	634.0	0.30865574769383197
1200.191217005031	478.0	0.430339051764246
1200.0479002098205	435.0	0.4679054969041851
1199.5215054517969	451.0	0.4535060603447904
1199.1780240279245	383.0	0.5158572623516097
1199.2874239086661	303.0	0.596615141446566
1199.6525059411792	183.0	0.7352914066062739
1199.9005803496264	476.0	0.4319472102567124
1199.8134139081387	663.0	0.28817347454134806
1199.916417662277	173.0	0.7479817448835313
1200.6887822504293	356.0	0.5426189177192526
1200.1931956969925	943.0	0.12000467163360423
1200.3725305842063	227.0	0.6819330691377511
1200.4787967008635	350.0	0.5485265574160237
1200.286751549512	321.0	0.5779888312666309
1200.9149634837092	441.0	0.46282236314563496
1200.891986927742	435.0	0.46818004675608926
1201.4004050278595	369.0	0.5300561578835637
1201.5883408415293	448.0	0.4568341823130794
1201.682841271426	408.0	0.49306783977676416
1201.1367718916758	315.0	0.5844702063297678
1200.9049382359212	290.0	0.6109745261919438
1200.6863957163725	198.0	0.716877206203769
1200.6513446408376	492.0	0.4186635049707805
1200.1178930400931	640.0	0.3043923952691487
1199.7965059200656	281.0	0.620474523168319
1199.92946142077	1008.0	0.08692735197131984
1199.7166080050292	138.0	0.7936782735981683
1199.987938805399	207.0	0.7057544072826195
1200.3691185494083	207.0	0.7058341024089582
1200.794280565049	221.0	0.6891252088703433
1200.4617364677524	330.0	0.5687575949966218
1200.4137795780948	309.0	0.5905695254930422
1200.7695033868995	255.0	0.6496698146145616
1200.9243931472638	341.0	0.5576955633940317
1200.8642694280309	221.0	0.6891405111559614
1200.7345831455816	396.0	0.5039876956633877
1201.143552361419	468.0	0.4392333729020521
1201.5258516507836	286.0	0.6154688677408716
1201.6009694978272	559.0	0.3649895579014222
1201.5791743912594	451.0	0.4541865140396321
1201.4262216194709	337.0	0.5618899427685954
1201.6466156921	296.0	0.6047131587671488
1201.2085659705378	518.0	0.3973971392963883
1201.700297416381	454.0	0.4515915703965999
1201.5963226217423	661.0	0.2902380489299007
1201.4516678077327	344.0	0.5548227004886231
1201.2400662346056	356.0	0.5427808367905596
1201.1576705423872	479.0	0.4298154174478523
1200.9197799418291	699.0	0.26417945917547986
1201.2045046179446	342.0	0.5567664571006811
1200.9663461749708	516.0	0.3989398788746952
1200.3492387482854	335.0	0.5636171998585633
1200.3550368689955	254.0	0.6507042729444892
1200.3187508936026	310.0	0.5894906292905602
1200.1563138476133	252.0	0.6529299255225434
1200.2973519296866	167.0	0.7557224845578608
1200.319933470638	154.0	0.7725795859692428
1200.302742799705	197.0	0.7180281781952549
1200.139731638089	249.0	0.6563478392542125
1199.7744024882836	363.0	0.5354415846304835
1199.6934509665443	407.0	0.4933694417498751
1199.8962141950415	230.0	0.6782983300232343
1199.787353686673	538.0	0.3808218262624063
1199.822584666426	276.0	0.625971301879239
1199.6664944107522	243.0	0.6631238045086064
1199.478434161586	245.0	0.6607772131368586
1199.4993123403929	229.0	0.679383814858383
1199.3545796417613	194.0	0.7215353466597448
1198.8312894888743	220.0	0.6898856098962214
1199.0628819668934	425.0	0.47662125066821937
1199.576257867561	678.0	0.27779231638769025
1199.3824625621144	458.0	0.44732129083592814
1199.0507575224965	896.0	0.14465079494344535
1199.2014334334017	1282.0	-0.03337035254409977
1199.5395261733029	418.0	0.4831656435760995
1199.2520757541024	1197.0	9.398325730792228E-4
1199.5109367803082	452.0	0.4526224562809211
1199.5813568169813	523.0	0.3927717864468133
1199.9193275900739	330.0	0.5686047047724857
1200.1355994605167	401.0	0.4991055096956034
1199.792855845316	608.0	0.3273565629667212
1199.502569835769	302.0	0.5977362862149053
1199.6506656118163	402.0	0.4980178778916942
1199.637933909212	509.0	0.40420379309330545
1199.7786177197536	334.0	0.5644743039949885
1199.8581682060214	314.0	0.5851658938801357
1199.7692547997433	332.0	0.5665143441681049
1199.9621269915992	197.0	0.717959426109503
1199.7697691021776	137.0	0.7950282791149382
1199.4207538336996	161.0	0.7633085212111063
1199.4202286604361	293.0	0.6073491978020287
1199.2659613813782	212.0	0.6995605282047762
1199.1291554960237	267.0	0.635775608173254
1199.106810134197	331.0	0.5673504649378434
1199.390466673909	272.0	0.6302816877496041
1199.8248490447477	395.0	0.504647798488225
1200.241376241427	808.0	0.19531585240790916
1200.123913357115	383.0	0.5161465293164271
1200.3716266531253	425.0	0.47704267377284504
1200.5837538664646	355.0	0.5435797023237952
1200.391777201218	124.0	0.8127442315263478
1200.1789192756694	193.0	0.7229358019566603
1199.9935828691318	442.0	0.4616300518937805
1200.132857020689	186.0	0.7316274568373156
1200.14326947159	222.0	0.687795168369378
1200.4114686245134	195.0	0.7205125450313009
1200.4447378924133	215.0	0.6962085565839421
1200.2937553465042	556.0	0.36684851459794077
1199.8733830810247	249.0	0.6562846651644573
1199.6169767302822	347.0	0.5512786873274907
1200.0087150324614	424.0	0.4778353144594733
1200.3272792433565	797.0	0.20193349554417953
1200.0680204193447	490.0	0.42014168177867806
1199.9570081382235	288.0	0.6128920413361213
1200.0657231153118	398.0	0.5018978328073663
1200.0812883555077	281.0	0.6205474983591166
1199.9576656672912	350.0	0.5483747617721969
1200.0803099455543	293.0	0.6075227862181314
1200.096921489198	252.0	0.6529157299754325
1200.0881506453004	442.0	0.46166105659272333
1200.2245654934025	144.0	0.7857500841801023
1200.5300038978596	190.0	0.7267229049824138
1200.7564890779502	235.0	0.6726464386019692
1200.7500252955572	199.0	0.7156635164796926
1200.7200640088513	312.0	0.5874980342718923
1200.8778738459284	529.0	0.3883961313131225
1200.87375015539	256.0	0.6485625470666967
1200.8023628613819	170.0	0.751970080289115
1200.7091019644308	248.0	0.6576262278414414
1200.821237495775	273.0	0.6295344468453113
1200.8923136276928	290.0	0.6109712319941317
1200.9384758664419	430.0	0.47269623426897084
1200.7514161323777	282.0	0.6196260587825687
1200.5455968871577	338.0	0.5606240066152682
1200.3399537734	392.0	0.5076428258035356
1200.3234735526464	271.0	0.6316241739205785
1200.2849512965442	280.0	0.6216944585503553
1200.3327767672838	386.0	0.513342968571056
1200.3978672393866	504.0	0.4085887929250594
1200.6578306231957	472.0	0.4356287444346664
1200.5226891538098	468.0	0.43902470965217033
1200.3452885971924	428.0	0.4743129691261994
1200.1707338836568	341.0	0.5574792688403826
1200.4512829700902	416.0	0.48529225175826424
1200.4355981440012	304.0	0.5958617299736325
1200.391599706135	403.0	0.4973155652382603
1200.2161494163745	435.0	0.4679602446988357
1200.4915364801905	524.0	0.39228463704783245
1200.3648130635522	506.0	0.40692635463861454
1200.3719838067066	373.0	0.525859105362303
1200.5384869519278	406.0	0.49456548561086705
1200.8598791130232	591.0	0.34035020607465466
1200.6529428547888	183.0	0.7354828016013472
1200.5550248162567	213.0	0.6986321773675741
1200.3607258036234	460.0	0.44590354029560947
1200.3809170789273	1141.0	0.025361493572353035
1200.4659038183336	570.0	0.3561016919098066
1200.3305758754948	232.0	0.6760524366266596
1200.5261049611686	192.0	0.7242421534275596
1200.9990565842324	239.0	0.6680553380820639
1201.1718502925137	237.0	0.6704149091058959
1201.3748812837734	214.0	0.6976066159858684
1201.4300069069	337.0	0.5618910207328087
1201.4528060505936	305.0	0.5950752671773287
1201.1555294204131	462.0	0.44442958962352647
1201.5782744896185	382.0	0.5175483193300094
1201.392010357688	293.0	0.6078672825213118
1201.3749185889699	241.0	0.6658289091219601
1201.0513779450648	260.0	0.6440919136386785
1201.068803644345	265.0	0.6384889995049828
1200.9727996505044	710.0	0.2569229660099285
1200.994862960573	343.0	0.5556980036289684
1201.018297174393	393.0	0.5069065384046794
1201.1579408619614	350.0	0.5487242262312646
1201.2806739512512	330.0	0.5689882258508727
1201.3481885261017	294.0	0.6067805448177488
1201.289313961642	299.0	0.6014102117271435
1201.2743545329513	400.0	0.5003979188604826
1200.9538614385463	545.0	0.3756994247820989
1200.909046418105	960.0	0.11148504691459951
1201.2171236261129	542.0	0.3781612254099808
1201.2511339551459	755.0	0.22811546340316538
1201.0473664328647	718.0	0.25171206030769094
1201.0698020468863	208.0	0.7047697712379491
1200.8880777063878	391.0	0.5087594341891702
1200.7028811976022	528.0	0.38913736334584603
1200.8775711648898	337.0	0.5617336434073436
1200.9127210647516	431.0	0.4717854767149663
1200.9679179473603	621.0	0.3183195007081988
1201.2367024491884	410.0	0.4910741551793447
1201.188859227681	973.0	0.10495355923621952
1201.4875095611887	292.0	0.6089689426518279
1201.2724949749727	583.0	0.3465123722504308
1201.3449624365276	422.0	0.4800858600422089
1200.998965731078	931.0	0.12664122735092107
1200.8794489974116	265.0	0.6384423014030972
1200.5508344439058	146.0	0.7831496646611272
1200.8845416783915	228.0	0.6808699466617681
1200.813209353365	300.0	0.6002167383251419
1200.8628864007474	355.0	0.5436615872736207
1201.0439119091025	202.0	0.7120546288175095
1201.0058559748027	284.0	0.617509925826422
1201.1063459658706	185.0	0.7330652146014269
1201.1035911313018	295.0	0.6056422807234475
1201.1459238629961	490.0	0.4205112721666045
1201.216778006788	687.0	0.2723293130302539
1201.1326320995602	499.0	0.41298697457060696
1201.2002221420496	415.0	0.4864497674057055
1201.0183161975242	829.0	0.1832586007865981
1200.824679572359	702.0	0.26214957422376134
1200.870893850759	716.0	0.25294916595906614
1200.5519577809062	888.0	0.14965007531485772
1200.5989078748912	183.0	0.735472471164241
1200.389820388515	167.0	0.7557390035965743
1200.2534335735268	133.0	0.8004880442819947
1200.3172158107686	261.0	0.6427880309954579
1200.2269515009996	279.0	0.6227759375031756
1199.9181722169894	271.0	0.6315226705078436
1199.7263849346155	234.0	0.6735778842339273
1199.5172700338712	450.0	0.45438582769035246
1199.6322009613093	270.0	0.6325611267589417
1199.668750343954	210.0	0.7020576643289272
1199.655489737226	296.0	0.6041869240195084
1199.706782005241	932.0	0.12558330454501634
1199.7189822339215	394.0	0.5055590045771697
1199.9533653534625	202.0	0.7118306428843709
1199.9261453824913	224.0	0.6853769407544241
1200.0767383939701	242.0	0.6643729233584149
1199.9031198072678	1098.0	0.04434613405973995
1200.0039168513842	1434.0	-0.08883664965400973
1199.8912033661852	332.0	0.5665488524635932
1199.9045663942186	283.0	0.6183166382876096
1199.839582295091	430.0	0.4723407080413559
1199.8735736233725	936.0	0.12354362958652461
1199.8936870941702	374.0	0.524745536414846
1199.7133041676664	354.0	0.5443174760099774
1199.7475215784568	429.0	0.4732148545844034
1199.561495341259	306.0	0.5935071387693263
1199.7173816228294	362.0	0.5364077979028005
1199.6975751660802	341.0	0.5573433677102507
1199.7404111579333	412.0	0.48875141784897713
1199.946080568946	445.0	0.45894883089896105
1199.9317088964285	302.0	0.5978512229135905
1199.88267362477	323.0	0.5758044850149954
1199.9047209903897	319.0	0.5799604865379593
1199.7970168374209	491.0	0.4192088167763638
1200.2775603027283	361.0	0.5375582033856903
1200.357475074987	410.0	0.49079629045605766
1200.1887826398445	153.0	0.7738674722066161
1200.0261033428976	308.0	0.5915190071083718
1200.0493737545037	299.0	0.6010805177802414
1200.0529609213906	434.0	0.46880546667804307
1199.865438949783	169.0	0.7530801856906261
1200.0221006816898	164.0	0.75953468801123
1200.032301315947	174.0	0.7467308449250347
1200.0658631422402	252.0	0.6529083061636374
1200.0944484179809	292.0	0.6086038651110885
1200.0742366832064	261.0	0.6427286260381981
1200.125805125775	272.0	0.6304663649629306
1200.2907949476246	218.0	0.692587724919909
1200.427370982809	428.0	0.4743394668665044
1200.3551666039607	231.0	0.677228957019701
1200.5239852889422	259.0	0.645089765415913
1200.3543948500057	654.0	0.29463321378446594
1200.359106011135	328.0	0.5707815019258827
1200.2646557095793	340.0	0.5585174291448419
1200.1732786435064	482.0	0.4269318076569595
1200.1100591708391	257.0	0.6472469620500122
1200.111570459592	457.0	0.4484378624267849
1200.1017260383678	421.0	0.4806001458911088
1200.1409642733797	794.0	0.20366712862817518
1200.0310076850872	313.0	0.5862609577593721
1200.002382486123	294.0	0.6064263304443147
1199.9258491354049	318.0	0.581007201134193
1199.7502850199148	510.0	0.40342165230981714
1199.6507849601203	393.0	0.5064831490855157
1199.5418143170657	256.0	0.648240954011872
1199.6992549383108	267.0	0.6359171805657868
1199.633143508732	241.0	0.6654248847655514
1199.8016456213975	353.0	0.5453379367604456
1199.6734470650576	237.0	0.6700711626790888
1199.607161090381	211.0	0.7008380421989354
1199.4575170325336	198.0	0.7166282372283516
1199.4167558822749	220.0	0.6900135226834724
1199.4379056983016	454.0	0.45084118558627
1199.3228479675806	909.0	0.13770322142429528
1199.5685485382353	288.0	0.6127909530179241
1199.5572910543924	318.0	0.5809054434062849
1199.3637705497667	280.0	0.6214588925671131
1199.4191406815544	286.0	0.6149235025088277
1199.3737739161536	260.0	0.6436827841543246
1199.2027285718768	274.0	0.6280213243080052
1199.4199174791158	141.0	0.7896181664247811
1199.252846865689	197.0	0.7178161527946375
1199.1648130622227	314.0	0.5849758105800098
1198.9759663766545	400.0	0.4996797845480861
1198.9232433567781	132.0	0.8016414535415624
1198.961995144876	277.0	0.6246515819361453
1198.9246809636006	172.0	0.7490744715762152
1199.1009558383428	260.0	0.6436161610892591
1199.0241909954852	581.0	0.3471998830812815
1198.8311294059488	366.0	0.5322178947974492
1198.682538304315	433.0	0.46925950381256837
1198.8523141591384	470.0	0.4367386544485065
1198.9564630765883	451.0	0.4533189085982988
1199.0750479397398	1447.0	-0.09369535918994326
1199.1248016722823	611.0	0.3249084268272241
1199.077368532036	418.0	0.4830179332984475
1199.0691559869988	295.0	0.6051052940650264
1198.9608858407546	317.0	0.5817834048875328
1198.965785250985	307.0	0.5922882139731545
1198.9661286686642	155.0	0.7710430169292206
1199.1305792356327	355.0	0.543152930978812
1199.2873359951843	386.0	0.5130220355192788
1199.2639652196137	268.0	0.6346942249619183
1199.1330796687264	405.0	0.4950543628417194
1199.0942970046783	252.0	0.6526759142804521
1198.9091505083898	161.0	0.7632194769190109
1198.8833493655973	176.0	0.7439782799301331
1198.684233312753	162.0	0.7618845048191805
1198.4740796594228	209.0	0.7030140689332293
1198.281651661375	516.0	0.39799857333837185
1198.3038317149526	288.0	0.6124614713968747
1198.4219387742332	167.0	0.7553869682950616
1198.4298232963424	448.0	0.45579217084023377
1198.4735148868717	351.0	0.5469428852733546
1198.264490297641	569.0	0.35606695757897616
1198.4263889455972	549.0	0.37164735124405623
1198.4807127347933	614.0	0.3224755489137809
1198.5665073267028	409.0	0.49115635572658806
1198.4308563679392	863.0	0.1627174907815919
1198.5666265724524	363.0	0.5350822772169974
1198.6396187635876	804.0	0.19705972810386857
1198.720726963137	672.0	0.28156032023988803
1198.7381933599077	423.0	0.4783375001810482
1198.7466981844489	273.0	0.6290122473700487
1198.859592572069	349.0	0.5490547053818121
1198.8492207390605	278.0	0.6235228402519245
1198.7291366872216	416.0	0.48474330394078896
1198.6022671489873	268.0	0.6345294071841568
1198.4687339889495	193.0	0.7225952760767779
1198.2792195067052	238.0	0.6685881174528977
1198.3849598551647	304.0	0.5953101127565777
1198.1345663590205	354.0	0.5438539831885721
1198.3663983351144	640.0	0.30372965848417893
1198.5589818135727	376.0	0.5224059506911272
1198.5891880363479	665.0	0.28632339759310765
1198.82461533121	299.0	0.6007543247192757
1198.7720919525211	589.0	0.3410793214064308
1198.7764830149056	938.0	0.12204200349816678
1198.6484386131979	271.0	0.6312043167878661
1198.6394413916664	587.0	0.34253244368021774
1198.7847237587307	192.0	0.7238968810627984
1199.0379782738532	199.0	0.7153153160464156
1199.0224217664356	158.0	0.7671372300623722
1198.9170719720794	187.0	0.730142583879265
1198.7923290250171	273.0	0.6290237493208736
1198.7438243893482	548.0	0.3725468012556704
1198.7644143766133	335.0	0.5631662896075755
1198.7223779247752	348.0	0.5500162085106588
1198.6458497365845	221.0	0.6886547443631712
1198.6395664490738	337.0	0.5610949244043513
1198.7104837671423	438.0	0.46478011310604517
1198.6053916699318	573.0	0.3531290854111876
1198.4230147290616	629.0	0.31159890739007995
1198.2951817599935	262.0	0.6411684387204107
1198.190337687097	313.0	0.5857570126089452
1198.0792590146416	268.0	0.6343990294493028
1197.9416438301992	368.0	0.5299952569114975
1197.9151984025987	592.0	0.33851614810765607
1197.8814714664163	408.0	0.4918678529525179
1197.8727962447547	602.0	0.3310638382267795
1197.6953307541296	221.0	0.6884461445537795
1198.0788524050338	651.0	0.29586561530000033
1197.9607919129255	720.0	0.24920258741901577
1198.1774518429818	383.0	0.5155508958800487
1198.299912424624	1010.0	0.08526917533492008
1198.2189792155377	139.0	0.7921058522792691
1198.343537339031	137.0	0.7948093562904375
1198.2389302450886	128.0	0.8069729411783356
1198.3495018421454	303.0	0.5963631391248725
1198.333771372806	352.0	0.545904234946379
1198.5348954235315	420.0	0.4810121163435328
1198.622423326665	743.0	0.2346606723597823
1198.7290281035127	288.0	0.6125723053011538
1198.6160051046977	424.0	0.47738713452090986
1198.7107557472727	339.0	0.559084829532511
1198.7415010963284	307.0	0.592227484230894
1198.7866650688557	199.0	0.7152641315401344
1199.0205959376078	215.0	0.6959025906444624
1199.1845160854045	208.0	0.7043742343347728
1199.1564804440995	291.0	0.6094369902504795
1199.162271339432	204.0	0.7092282137756377
1199.054668362834	220.0	0.6899344261996412
1198.9633414112425	186.0	0.7314008328762396
1199.0545998211157	291.0	0.6094102859922916
1199.0426725458626	378.0	0.5206217224423174
1199.2299763062308	389.0	0.5101465079953938
1199.1804588445186	438.0	0.46493375530620545
1199.1839177910263	333.0	0.5653263343475222
1199.1657684305667	430.0	0.4721224711046632
1199.2578551003392	292.0	0.608384292493329
1199.3101095286527	383.0	0.5158976768288611
1199.4154407725405	798.0	0.20096742649455288
1199.324292831881	272.0	0.6302650594091975
1199.223961413665	295.0	0.6051462061672408
1199.3142662119064	589.0	0.3412790904501945
1199.3966662360108	973.0	0.10421516003717476
1199.5906618428905	728.0	0.2446529085132743
1199.9237503411537	767.0	0.220101948672929
1199.8968180717152	257.0	0.647195330771394
1200.1202734178237	270.0	0.6326831145967563
1200.1866535852146	196.0	0.719235247670218
1200.1573492377686	345.0	0.5534435374233055
1200.0910999768948	620.0	0.3187154203348716
1199.9179443979763	358.0	0.5404122517654916
1199.7775693355402	211.0	0.7008741780614239
1199.7723441522496	265.0	0.6381690287122793
1199.7607115242538	209.0	0.7032853084412529
1199.8480122363183	405.0	0.495279307558051
1199.8483645912356	544.0	0.37609254216605514
1199.6759192605368	405.0	0.49522517894251045
1199.7580149935457	752.0	0.22941266876008007
1199.579751383	334.0	0.5644178273757268
1199.4899262000656	378.0	0.5207576368990897
1199.3622927344375	453.0	0.4516940963953542
1199.294521207707	420.0	0.4812555782789231
1199.5092898430166	288.0	0.6127755275660915
1199.3272430656925	328.0	0.570491521723099
1199.1963333783383	424.0	0.47757398007727864
1199.1091694776778	435.0	0.4675998297726434
1199.2886713681942	362.0	0.5362805013082291
1199.172550856718	372.0	0.5264683057285358
1199.141888375564	302.0	0.5976396337500056
1199.1526854088709	319.0	0.579752414805252
1199.345426910775	335.0	0.5633317059842472
1199.2989375686993	173.0	0.7478683466643151
1199.296891816536	145.0	0.7842738447396649
1199.2758323318305	163.0	0.7606945728149781
1199.1541972186371	142.0	0.7882420973002392
1199.2053655246957	211.0	0.7007528050051162
1199.361703425569	572.0	0.3541691695221468
1199.3631249313016	218.0	0.6923865223168322
1199.335577584273	728.0	0.24455293777902767
1199.4273347575408	223.0	0.6864514698910629
1199.3249114361695	262.0	0.641421291117921
1199.4139616050606	293.0	0.6073475489536636
1199.3679058844698	172.0	0.7491555704899368
1199.2402174320137	194.0	0.7215124892711235
1199.199125580204	165.0	0.7580998302871301
1199.081612807029	180.0	0.738956711004765
1199.0562560673754	235.0	0.672258324587011
1198.9834264317883	763.0	0.2222156520581322
1199.0647637792486	1024.0	0.07874928640478986
1199.371140852423	246.0	0.6596030001610259
1199.5206850433833	367.0	0.5314457019253004
1199.5855400414832	674.0	0.2805239092685601
1199.5719665236973	276.0	0.6259077750708033
1199.780947784632	303.0	0.5967476158828388
1199.8609519075605	339.0	0.559414384282377
1199.7916720172304	1072.0	0.05625149241953079
1199.7394318297197	398.0	0.5017961100901
1199.6470821361197	584.0	0.3451619371915281
1199.510156647207	687.0	0.2716710296212047
1199.411902253124	1238.0	-0.015831586655995832
1199.631610016794	392.0	0.5074237059216689
1199.4998416547037	410.0	0.49052495764338205
1199.3745862325006	490.0	0.4199036685016598
1199.6207311218564	642.0	0.30278803974050167
1199.6197395624963	338.0	0.5603594421906002
1199.6771982502523	544.0	0.3760312969098938
1199.6432574535795	179.0	0.7403244109275642
1199.5293011681888	307.0	0.5924407181965238
1199.5976767210768	519.0	0.3960191998045717
1199.6769057390543	220.0	0.6900703264092719
1199.7392161385594	194.0	0.7216121958059142
1200.0199073076965	467.0	0.43971874846506953
1200.0573860109055	332.0	0.5665958690170934
1200.084600002893	289.0	0.611842067268121
1200.1365249800901	444.0	0.4598988669686337
1200.3170596164805	1141.0	0.02533491112314234
1200.489842126945	371.0	0.5278365916793109
1200.6355967038642	286.0	0.6152385956126533
1200.704312985773	293.0	0.6076867456928997
1200.5908883913064	214.0	0.6974390238815069
1200.5629510434642	188.0	0.7292164538039511
1200.6647857158432	254.0	0.650778650182274
1200.8033799681534	199.0	0.7156743542017631
1200.7365031353118	277.0	0.625102310984009
1200.8793493478104	258.0	0.6463038562916961
1200.7540839399114	322.0	0.5770820733353472
1200.6200789168952	231.0	0.6772886837759846
1200.6373756096662	297.0	0.6033752831801548
1200.4727202267416	295.0	0.6054759194065773
1200.53119289184	280.0	0.6217573782378858
1200.3475332382595	320.0	0.5790436160100618
1200.4020522024148	306.0	0.5937339576076429
1200.5304017670205	373.0	0.5259068403366928
1200.6926312928306	618.0	0.3203909342716253
1200.7465628820648	667.0	0.2857703360237784
1200.6675725621956	198.0	0.7168733959602893
1200.7264550837303	389.0	0.5106076284306265
1200.775963248355	932.0	0.12602165810186272
1200.939231460731	296.0	0.6045263644922183
1201.0175552393728	174.0	0.7469123221925572
1200.9473332861867	139.0	0.7925291590989535
1200.8694633531293	175.0	0.7456154022438906
1200.9205557328244	310.0	0.5896541365808022
1200.9250587141146	524.0	0.3924373730292631
1200.858378243081	123.0	0.8141795194690904
1200.8391964286166	133.0	0.8005756610600282
1200.8940397134845	315.0	0.5844036697188447
1200.9355856496543	556.0	0.367079812667793
1201.0280524423479	482.0	0.4272228566831795
1201.1019766268976	360.0	0.5387873369068961
1201.0822985177633	319.0	0.5802858827958751
1201.2351172315982	344.0	0.5547603129596211
1201.2187105426015	300.0	0.6003247256469808
1201.3220346042565	463.0	0.44361729235881636
1201.3670395247639	1170.0	0.013227408073888896
1201.381260262234	325.0	0.5741561974572924
1201.3278881606693	319.0	0.5803536822758225
1201.2142904103162	286.0	0.6153883110938991
1201.1616678811608	288.0	0.6132051929462058
1201.284194389072	555.0	0.3679838356763687
1201.3564826574495	542.0	0.37821093345887186
1201.4420060265697	383.0	0.516549045603153
1201.537938583272	687.0	0.27245305909462636
1201.4719467339826	330.0	0.5690420569521263
1201.3507996855155	321.0	0.5782837962625808
1201.51434188165	326.0	0.5731627637637485
1201.6029176745633	457.0	0.448933804311963
1201.5141843151782	759.0	0.22571332962314253
1201.540048941038	264.0	0.6397232539762258
1201.5646953695073	281.0	0.6209271664465679
1201.541839345703	234.0	0.6739906931494892
1201.4717184577528	235.0	0.6728094302443985
1201.4930828414685	287.0	0.6143750974614817
1201.689105578445	308.0	0.5919689704828488
1201.865197766388	185.0	0.7332112734562072
1201.8634653884462	175.0	0.7457990506696635
1201.7998714244895	325.0	0.5742729534070786
1201.7641847030095	675.0	0.28067681011632684
1201.6014567128657	665.0	0.2874751087239774
1201.546702788898	313.0	0.5866750105181446
1201.5809492515018	359.0	0.5399149269735909
1201.435109716676	723.0	0.24861067401078196
1201.3664655802752	180.0	0.7393884903317285
1201.416702255558	308.0	0.5918953334228406
1201.377597174347	410.0	0.49111865435021435
1201.2388282872328	291.0	0.6099820022321695
1201.128699533588	266.0	0.6373869585066892
1201.1404197735715	321.0	0.5782255095127808
1201.215998420501	378.0	0.521281445504519
1201.315282549883	480.0	0.42901845360968593
1201.2576606074754	788.0	0.20774466213757126
1201.110503734437	322.0	0.5771810394446042
1201.2560798239565	262.0	0.6418945342341976
1201.3665182462657	295.0	0.605711573464316
1201.3590787025523	318.0	0.581402442046084
1201.3431234330699	240.0	0.6669772851472662
1201.4433907306507	479.0	0.4299123640318136
1201.5580229252805	555.0	0.36808236021064444
1201.653088324452	492.0	0.41900734761834785
1201.6464728333272	244.0	0.6624347590019244
1201.6551884451555	269.0	0.6341766552574445
1201.6091286605156	660.0	0.29093600816741794
1201.4713280263961	616.0	0.32213511101831976
1201.4638206241293	210.0	0.7024365811840065
1201.4829196482942	349.0	0.5498176786376133
1201.546411839682	932.0	0.12633726191466418
1201.4045659485648	597.0	0.3360781980831843
1201.2599561125758	248.0	0.6577563618535034
1201.2215244936408	283.0	0.6186553080793668
1201.3270090995823	308.0	0.5918710814249017
1201.4796121028262	515.0	0.39993461458119695
1201.4522391982143	327.0	0.5721161687439634
1201.3977168610359	364.0	0.5349424672345895
1201.2617074560712	538.0	0.38134669705698865
1201.2519341284644	432.0	0.47099404449133714

Average Payoff: 0.5279