176.0	176.0	0.0
674.3485354487499	163.0	0.6106758581415672
871.5828382756249	200.0	0.6267204123540518
811.1195892164063	181.0	0.6351246322170556
892.3112481164244	232.0	0.5873028925243378
927.778549563021	192.0	0.6570750527862398
889.6208408711926	202.0	0.6299081284692414
853.2663726819532	224.0	0.5841325679881169
888.0264631376889	272.0	0.5310451810482274
884.0466854196119	333.0	0.4527736626879047
884.9746740013983	835.0	0.029055470848960683
924.0603251121873	306.0	0.5024634259753213
900.7292213920308	325.0	0.46970343151172417
907.0195561641567	293.0	0.5116746248093326
906.3052446061745	285.0	0.5215332068915449
929.193934598672	251.0	0.5746461786632495
920.8884030499266	172.0	0.6852377616598381
918.5104499043405	266.0	0.5508693063510215
963.7696602187375	144.0	0.7400181550890893
971.3954159504713	536.0	0.2888395515492115
955.6442441549275	255.0	0.5787366912597862
940.4495089939574	714.0	0.1368730249928615
925.8412272710801	192.0	0.6564807321184274
943.4205329277376	203.0	0.6458542146282447
963.0368453654972	257.0	0.5787012482840086
967.6884792777357	224.0	0.6240628253186387
963.0811031209863	165.0	0.7074678415523394
978.6969699694098	216.0	0.638402029251768
973.4465148839485	163.0	0.7131409215212469
998.8912457809421	190.0	0.6803744654117704
1003.0590676011	203.0	0.6633664047586406
1010.926774222293	219.0	0.6438812381517948
1009.4670465047052	300.0	0.5417983204682012
1030.6632482910334	302.0	0.5467722241349785
1036.5125765546175	417.0	0.4262175550094654
1032.9361374856146	279.0	0.5746744189321346
1040.6505439106782	271.0	0.5867801812638065
1048.518795213533	546.0	0.3151538863775119
1055.9217867100883	299.0	0.5586461108932234
1067.467014053015	336.0	0.5211857540852644
1079.2625512418047	284.0	0.5833524514536066
1086.1819115214428	339.0	0.5242712565189619
1098.968083685114	483.0	0.3893682116836692
1100.6371899869978	325.0	0.5440635215149457
1107.3747778089858	254.0	0.6268477951254674
1116.3017007274777	260.0	0.62217586469221
1125.223860215394	253.0	0.6328608039619047
1127.5236916476642	406.0	0.47050051823616584
1135.0165535122576	178.0	0.7288686124727699
1138.9374936654076	142.0	0.7782873860711713
1141.4991982886422	206.0	0.694248426623741
1146.968885178495	199.0	0.7043022283927318
1151.6402586348927	141.0	0.7818418557551277
1153.1971382062918	186.0	0.7222216286257501
1153.864018970676	292.0	0.596089264040366
1156.2669847642956	174.0	0.7383983786821104
1157.9221754819396	189.0	0.7193601776845432
1159.4480677192253	156.0	0.7628184588533717
1157.3398821729347	191.0	0.7166886442724049
1156.6601588847611	168.0	0.746350037217938
1159.8803072173496	166.0	0.7496003235037295
1159.4409307344067	197.0	0.7095339789056058
1163.4818563757526	203.0	0.7028866515089982
1166.4576727493081	207.0	0.6985709802244734
1168.547670157099	762.0	0.2105867036808348
1167.876827443544	250.0	0.6473600595465626
1168.737157062282	283.0	0.6101222612877452
1166.4516239660413	311.0	0.5790048283744711
1166.4501340265874	222.0	0.6802189800562921
1168.8016758550452	254.0	0.6429579690404055
1169.3743955360349	275.0	0.6192123027797897
1169.0800320390686	226.0	0.6760042509250523
1170.2586220899232	274.0	0.6205665719294697
1169.4524019306916	347.0	0.5423529290359363
1167.6320591799004	284.0	0.6087162746179003
1166.6397986003406	319.0	0.5705553926321332
1167.2149655802925	257.0	0.6390994250010762
1170.0994600262918	332.0	0.5579520413459321
1168.9798295434769	431.0	0.4612432081434708
1169.0865806858235	294.0	0.5981099083525362
1166.8040243854111	190.0	0.7199300759944843
1165.0229860084899	423.0	0.4672621193434809
1166.8059317126188	169.0	0.7469692325990387
1170.0877358850141	436.0	0.457065775102569
1169.1413191707645	211.0	0.6942342105563858
1169.3160020715575	224.0	0.6784649000413965
1169.791963648935	171.0	0.7449268721232079
1169.2640158144882	131.0	0.798502460413101
1167.7450464897502	284.0	0.6087467276892753
1167.3470119088304	274.0	0.619800092918455
1169.335902655608	263.0	0.6327677055188137
1171.8145174902734	291.0	0.6021368443905467
1173.0252912328428	355.0	0.5353480049880869
1171.8635737605196	297.0	0.5956057386056164
1171.1859680472244	231.0	0.6705144606150842
1170.9372124951108	334.0	0.5561276613710088
1171.920779339824	197.0	0.7121820298541962
1173.7657323473304	259.0	0.6384614816608227
1174.4438557024569	176.0	0.7393449579457703
1174.5338734163754	195.0	0.7152315780060816
1174.4017344133617	126.0	0.8062137312407673
1174.4896051087758	194.0	0.7164757419044046
1174.3222697947667	156.0	0.765470362269337
1174.35422177789	167.0	0.7509979134688959
1176.0762198440061	281.0	0.614296086679551
1175.2579352708553	269.0	0.6274903624475473
1174.3944771826486	238.0	0.6629836722744106
1175.9701720032917	322.0	0.5700848975258602
1175.3005148530353	272.0	0.624127819746378
1175.112126207049	282.0	0.6129330132828377
1175.8225063572195	289.0	0.605412944236231
1176.7570212210278	268.0	0.629003360338749
1177.4313714865227	135.0	0.7942749572541953
1176.52434479238	197.0	0.713146693399485
1175.3377139381946	162.0	0.7577276131352909
1173.9082204115414	344.0	0.5467446643029137
1172.7841151912983	166.0	0.7520137890547345
1171.5653261913428	228.0	0.6741845546853327
1169.7800239501132	295.0	0.5972091437942125
1169.9360420670785	135.0	0.7930933077974399
1169.5417832360365	217.0	0.6869910411303354
1168.2846637412365	157.0	0.7630697701476542
1166.2627912278315	175.0	0.7390518828308063
1168.4120517607828	179.0	0.7343054787641466
1167.0563455760673	126.0	0.8051129010254137
1168.1413858788383	130.0	0.79971364997043
1167.92828187132	150.0	0.7723700112315433
1166.4856396956325	129.0	0.8008468854501423
1164.9825778886395	266.0	0.6282274793415404
1163.4236058751358	260.0	0.6346835911293612
1163.6243303313854	251.0	0.6451354686636819
1162.2022877245315	266.0	0.6275037474925184
1162.7335908973923	331.0	0.5568152152203464
1161.9788243157063	243.0	0.6540873132114956
1161.886512258621	322.0	0.5660045463855798
1161.0374904699183	383.0	0.503898056408674
1159.8032037023038	246.0	0.6500221377328806
1158.5094794154832	299.0	0.589711073275612
1158.054601386619	271.0	0.620728277650067
1156.7745463019974	239.0	0.65753781564048
1157.3686629483202	292.0	0.5970659398610003
1158.5552460045758	300.0	0.5886340255923925
1158.2276154521317	278.0	0.6128747323766168
1157.8718469499534	268.0	0.6240896395096487
1159.5204022610937	270.0	0.6222509317489461
1158.9905666903414	167.0	0.7481128385146355
1159.228223900521	177.0	0.7350751962365716
1159.9222438033016	145.0	0.7777645362571401
1160.4387851395736	157.0	0.7616587551984558
1158.9642572579414	194.0	0.7132222836497091
1158.0528336755544	196.0	0.7104987410750271
1157.8787803328619	152.0	0.7679174557490361
1157.6006093839028	142.0	0.7814713243827772
1156.401649364686	149.0	0.771717769664968
1155.7083916912986	129.0	0.7991762164327836
1155.743917827933	118.0	0.8147194293163403
1154.7879450257562	159.0	0.7579518055375628
1154.4185010720148	152.0	0.7673027442962993
1153.198866898024	126.0	0.8030017016735764
1152.4523424457138	135.0	0.790283499358824
1151.9269541589829	360.0	0.5237865175831172
1151.8488877897755	239.0	0.6563249938966419
1151.0472606705828	338.0	0.5460184388670325
1151.4292240600544	251.0	0.6420496725341317
1151.713362809056	367.0	0.5166961600690914
1152.0420306410751	239.0	0.6563727123473695
1152.7877959066032	209.0	0.6930505609930814
1153.5077067965985	208.0	0.6944563751469472
1154.1119473252495	267.0	0.6242379067989191
1154.8542988753936	262.0	0.6301666301073322
1155.0979934878537	295.0	0.5931309451846766
1152.876975297888	249.0	0.6447619807050623
1151.4374210172202	234.0	0.6622005491548052
1150.723631697671	338.0	0.545919749235712
1151.2837136243181	342.0	0.5419490658343299
1151.915178359205	377.0	0.5068398753100386
1151.5735883828481	229.0	0.668253830252914
1151.5643435359618	144.0	0.7777030516184426
1150.066696985176	160.0	0.7557376271479856
1149.656227101755	146.0	0.7746315775032603
1149.5115076245006	159.0	0.75697577121251
1149.6989968936577	213.0	0.6873851078109774
1151.217817175333	255.0	0.6373250333120967
1152.8638911265755	163.0	0.7522540118333246
1152.6885838389944	268.0	0.6227181620960048
1154.6992660703827	270.0	0.6209726411318843
1155.254856960218	592.0	0.3223655980788854
1156.4646203141083	367.0	0.5182034487622931
1157.4622321327768	506.0	0.3916303114964725
1158.6588227710406	341.0	0.5452298951972199
1160.5471098456246	345.0	0.5416948460212906
1160.8431451598426	416.0	0.472363498833829
1162.5750262754411	211.0	0.6927725155688897
1164.110002915333	196.0	0.7117880177634411
1165.3771172482197	267.0	0.6271931507633391
1166.3579732925698	265.0	0.6297222568433845
1166.7352023855397	166.0	0.7508882489141624
1167.3453963987047	172.0	0.7431581122203701
1168.2898988411202	215.0	0.6891468662062512
1168.3068236346753	200.0	0.7076679052601172
1168.1356145751774	275.0	0.6188854363753569
1169.5723722577522	292.0	0.6004303234756205
1169.3187568932742	276.0	0.6180773290547138
1169.7647394916248	415.0	0.476262956061065
1169.325823097743	273.0	0.6214447586972178
1168.6101658873722	271.0	0.6235091882211651
1169.4185176229635	411.0	0.4798846059863097
1170.101987539131	341.0	0.5486737456346975
1170.6294647067136	196.0	0.713162923730665
1170.3999358102267	127.0	0.8042238225937811
1169.9972494141555	185.0	0.7269367150671541
1169.576061625426	125.0	0.806886588273455
1169.4178031100193	272.0	0.6225938108810232
1168.6274473297412	137.0	0.7901392157767649
1167.8115028274663	137.0	0.7900079824509099
1167.290513472214	197.0	0.7112052043833078
1167.0162423426696	203.0	0.7036531484431474
1167.632878805547	247.0	0.6507927905527605
1167.7400203052377	208.0	0.6976172867983433
1167.845029224672	155.0	0.7656566013770388
1167.2421352116125	177.0	0.7366545872003388
1166.7807084244175	172.0	0.7430497781784993
1166.634500427542	189.0	0.7211637798530608
1167.3342060212467	249.0	0.6483880726153066
1167.891621357637	260.0	0.6358267026557766
1168.3863311294233	308.0	0.5827650344549281
1167.2315124567144	426.0	0.4652377929141999
1166.475958027255	252.0	0.6446890783394469
1165.8942781334254	326.0	0.562971713507913
1165.314736784917	311.0	0.5786806264939299
1165.7602841215564	295.0	0.5961007384898867
1165.7042082130033	259.0	0.6364157577314073
1166.3771726526872	296.0	0.5951796765767765
1166.8122736412467	258.0	0.6378470276078464
1166.4764708789603	265.0	0.6297529084256848
1165.7357431323517	293.0	0.598282277815666
1165.5681911843928	276.0	0.6170836708414906
1165.4534508621095	249.0	0.647920545072396
1164.9237897760247	265.0	0.6293508760470261
1164.699284254652	256.0	0.6396140930917601
1163.9064160983332	194.0	0.7142660234901616
1163.3757514097445	157.0	0.7621889074646008
1163.8464041201667	140.0	0.7852507786843623
1163.9113107692206	133.0	0.7948973088666866
1164.882561069955	553.0	0.35618416237304024
1164.90904476413	155.0	0.7651353316884062
1164.6076227301144	145.0	0.7785596273520137
1164.0978187597505	188.0	0.7219136109953225
1163.729158032863	377.0	0.5106213210356356
1163.3026957073128	125.0	0.8059462261213827
1162.8224649988058	160.0	0.7580930106140216
1161.4051942458834	148.0	0.7739431603748348
1160.5867992894719	167.0	0.7484156966770401
1160.4816335479343	298.0	0.5913558413826869
1160.190735130716	186.0	0.7236647153392579
1159.7142202628409	212.0	0.6908977148908209
1159.318066015475	236.0	0.661725873479255
1159.3431932677993	208.0	0.6957603606408381
1159.395273035298	241.0	0.6558114631769034
1159.7501264606951	356.0	0.5302655843001424
1159.2071735511383	194.0	0.7132737635569907
1158.3157176144596	238.0	0.6591028848309293
1158.539657607418	197.0	0.7093408534462017
1159.4324141302384	230.0	0.6689295605011832
1158.5246626907265	297.0	0.5918997353834501
1158.3565522799804	518.0	0.3819930499922846
1158.4625252705725	254.0	0.6403444403576746
1157.9052820212567	246.0	0.6495490071156022
1157.5543772096157	572.0	0.3385579458648317
1157.3407828774687	253.0	0.6412214649514524
1156.2336814870766	244.0	0.6514867436400087
1155.1220298857118	598.0	0.3177885055280671
1155.185021016992	149.0	0.7715048131992636
1154.8162651196621	155.0	0.7633255837056818
1153.7060049193885	160.0	0.7564142975660404
1153.391540035691	350.0	0.5343860987914154
1152.2808198567343	215.0	0.6855071805621789
1151.921258955068	207.0	0.6953465866607001
1151.5391997195097	196.0	0.7090993715940919
1151.1355474731952	241.0	0.6537693467601935
1150.8703955683584	246.0	0.6477840739120145
1149.7686110893296	260.0	0.6311451426073421
1149.3788330118707	299.0	0.5871245931173458
1149.9862529855764	309.0	0.576418215911655
1149.6486588598732	565.0	0.3409728610225173
1149.437421615523	240.0	0.6545364386098831
1148.3509351035345	304.0	0.5813683970557315
1148.9525196872391	332.0	0.5516399133847792
1148.701772368731	181.0	0.7277585038071107
1148.3160770308655	187.0	0.7199165003452923
1147.8136332367708	129.0	0.7979344884139745
1147.655797127229	171.0	0.7406449804831045
1146.809998212045	167.0	0.7457775473968548
1145.732106887607	288.0	0.598251307037826
1144.6516027540401	121.0	0.8087941425006602
1144.2534784861177	116.0	0.8159100498744979
1143.9987673781588	265.0	0.623846370720242
1144.3035419315593	282.0	0.6045722502825676
1144.895009077805	302.0	0.5825543690381749
1145.6308817095698	304.0	0.5805828865324826
1145.33861812961	288.0	0.5981410165647857
1145.3740755214858	257.0	0.6334786780703542
1145.0471057235698	354.0	0.5276999653334723
1144.55698714106	264.0	0.6251482866364686
1144.1026323635683	137.0	0.7861217414763374
1143.7799342652004	165.0	0.7478567699883978
1143.4385667795752	134.0	0.7902051754428955
1142.4047002877417	149.0	0.7692435222408578
1142.048968532987	148.0	0.7705513455534915
1142.6059495926938	224.0	0.6721805578751338
1142.2560410730243	155.0	0.7610340671502415
1142.1078541748773	203.0	0.6981654677430676
1141.7474054020145	179.0	0.7289413565866287
1141.5727515579563	146.0	0.7732166981270134
1141.128776319484	126.0	0.8011251857668626
1140.9329730065044	201.0	0.700432131793179
1139.6712193443511	115.0	0.8166850434967415
1139.198137557746	135.0	0.7881020290003651
1139.7202353787611	176.0	0.732465922059283
1139.769021704048	163.0	0.7497637765644861
1139.7531904900072	303.0	0.5799697384178495
1139.8620012102604	241.0	0.6509426723470196
1139.7252943236558	326.0	0.5551690330207074
1139.4423556212198	359.0	0.5208357550048472
1138.4542482712802	312.0	0.5697899463263232
1138.8847455709274	384.0	0.4956939438564815
1138.9656252141963	268.0	0.6190383116727536
1138.5238807525093	293.0	0.5906460186385732
1137.5461489278907	259.0	0.629084939013536
1136.3005745389955	274.0	0.6114303504562264
1135.0472527884194	332.0	0.5473901752394588
1135.0967731670971	247.0	0.6425720618188038
1134.80766706047	298.0	0.5840334933280013
1135.6984714868447	535.0	0.3595493033235679
1136.229883501626	293.0	0.5899889816435305
1136.2285014306037	268.0	0.618295740718884
1136.02238176468	146.0	0.772234865667425
1136.5292401277563	183.0	0.7226283519381775
1136.1851319625407	167.0	0.7437048721565673
1135.752198608703	176.0	0.7316566342535235
1135.6209212882154	333.0	0.5465133375494804
1135.473799102172	193.0	0.7094410139960066
1135.040781748867	134.0	0.7888168734572353
1135.615480781092	189.0	0.7146341670587278
1135.5031963910176	235.0	0.6570602671794831
1135.3476413215606	213.0	0.6840577407897097
1135.2907896285296	203.0	0.696627965202769
1135.9803329686185	215.0	0.681712613051053
1135.5731035501415	146.0	0.7721550185540582
1135.285133253688	263.0	0.6238249356366654
1135.75703245927	180.0	0.7263932541351292
1135.6339186499736	199.0	0.7017908847973906
1135.2088403289192	209.0	0.6890364149831673
1134.300007908464	271.0	0.6143172298086944
1133.1108394045393	437.0	0.44335140038173204
1132.201949002205	197.0	0.703581536051941
1131.7858489713017	216.0	0.6794743019970686
1132.0823013934246	474.0	0.40974382248187247
1131.7673837695284	199.0	0.7009244403987223
1131.5815152768664	299.0	0.5819881680183274
1131.5370753317063	238.0	0.6524373026668802
1130.3565251930531	295.0	0.586068475099527
1130.1251131437248	250.0	0.637714004883896
1130.122839170159	286.0	0.5960802381132493
1129.9258568988644	284.0	0.5982816233053527
1128.7387096964055	294.0	0.5867125874957941
1128.1414122788883	230.0	0.6613018380551811
1128.143471205419	274.0	0.6091698094711478
1128.5963429793587	189.0	0.7131139578413951
1129.1568775084638	182.0	0.7223825720292953
1129.7769499524463	192.0	0.7094819969331322
1130.8159458871787	227.0	0.6656395136799175
1131.5643831721093	192.0	0.7098743326110893
1131.9933027735356	191.0	0.7112608210493797
1131.9470967212385	202.0	0.6971394135546997
1132.2723400820416	175.0	0.7322669582544409
1132.055786652362	306.0	0.5744254112528766
1132.7449749984394	363.0	0.5146231395490682
1132.6653512624569	263.0	0.623118823201992
1133.1774409684783	241.0	0.6492447149617729
1134.001719024386	274.0	0.610795929723926
1134.170770233203	354.0	0.524248148020638
1134.6314239103538	299.0	0.5828774467227404
1135.4833181633003	299.0	0.5831251626086011
1135.9204239484097	187.0	0.7172921415153956
1135.3537771468166	260.0	0.6273346526761961
1135.1461476799038	157.0	0.7569934325433709
1134.7980223859736	149.0	0.7678762587231917
1134.578203938981	183.0	0.722217627078362
1134.2215294928508	179.0	0.727387960096683
1134.859923320231	199.0	0.7016178437917961
1134.658477734124	129.0	0.7958309111631001
1134.79155342661	247.0	0.6424931106468531
1134.527072378931	281.0	0.6029747427892677
1134.2267706139785	380.0	0.4980936708100595
1134.5617980636525	302.0	0.5795516762215631
1135.0004005337873	290.0	0.592982570543321
1134.9674070361077	319.0	0.5612006177631216
1135.5678409165105	287.0	0.5965043047576614
1135.4688290354318	249.0	0.6402952601345602
1135.4225231365976	158.0	0.7556869512108941
1135.1089961766324	134.0	0.7888282245202048
1134.9191456953122	183.0	0.7222894885506012
1134.545098894402	225.0	0.6690069344768736
1134.2811977906808	207.0	0.6913398915291374
1134.1506036646788	139.0	0.7816440575060047
1134.510950216915	186.0	0.7182908631398376
1133.7233657377406	213.0	0.6836766845827795
1133.3688871589345	176.0	0.7311681960278064
1133.0466562360925	166.0	0.7444279630710497
1132.6853495960324	152.0	0.7633661813800614
1132.5481781302522	176.0	0.7309995872655121
1132.35733182339	116.0	0.8141557756855294
1132.3055759611766	170.0	0.7389245609663766
1132.1061866768714	236.0	0.6549975399596083
1131.9333254432943	243.0	0.6465283144960443
1132.023217500058	270.0	0.6148423269602683
1132.3411253251709	295.0	0.5866440127509192
1132.835210497837	285.0	0.5979786679159569
1133.2956025895974	305.0	0.5758869046795959
1133.3509370352972	295.0	0.586936246056861
1133.9344879203302	287.0	0.596040489635731
1134.013158009915	398.0	0.48042221710810634
1133.9264310617166	273.0	0.6119200066573708
1133.7344001423278	321.0	0.5586823272088787
1133.519569016896	311.0	0.569407010232947
1133.3924482799964	333.0	0.5458241749804535
1133.5588726525268	307.0	0.5737765310004784
1133.458896581854	321.0	0.5585987328285633
1133.3489354186593	308.0	0.572622572603438
1133.3845373284253	360.0	0.5178736741924244
1133.08965069184	275.0	0.6093998704345513
1132.090225344587	175.0	0.7322296554488197
1132.0307341143593	365.0	0.5123680607453482
1131.0326403209926	187.0	0.716243749541046
1130.7147088690706	157.0	0.7561571691017112
1130.5908546174146	141.0	0.7782305535023325
1130.8885864394097	269.0	0.6156837013948425
1130.4025223195476	325.0	0.5533881589238538
1130.7573504720503	168.0	0.7412911658379632
1130.2623439734052	201.0	0.6980309690123476
1130.5772608690095	172.0	0.7359081796265186
1130.4562830559105	175.0	0.7318945072747334
1130.920295780635	244.0	0.6450703349877241
1130.803033481088	149.0	0.7671516692772368
1130.6064909708293	179.0	0.7266354416626252
1130.5084750182032	145.0	0.7726396917936109
1130.9709667271022	147.0	0.769947825377491
1131.6131154622076	285.0	0.5976318489653243
1132.1350934940751	221.0	0.673351166394876
1132.5636504633878	292.0	0.5900499076962731
1132.7241991885674	265.0	0.6208121743132977
1132.777163419714	208.0	0.689732185668368
1132.60678375461	542.0	0.35268385956876375
1132.4265161996393	230.0	0.6623671115245711
1132.0718780788086	520.0	0.37048743834958675
1131.893281179855	518.0	0.37208059950450484
1131.6210899312396	250.0	0.6381062770076245
1131.5729680418824	275.0	0.6089786932521064
1131.9993846062011	261.0	0.6252690376115503
1131.9431270067714	305.0	0.5754877221406374
1131.9858368236592	278.0	0.6056697978949015
1132.460797628161	288.0	0.5944977848302565
1132.2751963636645	351.0	0.5267230236701902
1132.6601191446466	203.0	0.6960304540199932
1132.3793922239558	163.0	0.7483362774203849
1132.3130670542641	158.0	0.7550981943309184
1132.2377674141342	142.0	0.7771216587181108
1132.1536880901072	174.0	0.7335688723515723
1132.0535183460306	179.0	0.7269371577968552
1131.7938045023495	184.0	0.7203209205418151
1131.4959799445357	149.0	0.767277676254081
1131.316834111358	277.0	0.6066226103520437
1131.2659187960564	330.0	0.5483368280129486
1131.1690230216718	254.0	0.6332577529839462
1130.6937270731032	271.0	0.6133249442931031
1130.5955597870582	259.0	0.6272296666813052
1130.8616061535142	284.0	0.598547308422495
1130.8858419546843	280.0	0.603086243161843
1130.5810938795032	256.0	0.6307464437096285
1130.270449277433	207.0	0.6904141565203236
1130.2228915192015	273.0	0.6108957434346926
1130.520581875839	239.0	0.6509727518331407
1130.9049008819734	171.0	0.7373080017071042
1130.568801339286	153.0	0.7616021831625097
1130.7929746914829	330.0	0.5481905982335444
1130.7048981054452	133.0	0.7895078191128412
1130.4202281194189	160.0	0.7520187664243695
1129.5473673679676	315.0	0.563877229482693
1129.4999969335784	249.0	0.638737757629465
1129.85824804952	279.0	0.6039346039443516
1129.572281556348	376.0	0.5005221541255803
1129.4492325770568	292.0	0.5891517005210094
1129.2897367512946	307.0	0.5725096515771322
1129.7758403074629	322.0	0.5564053470791943
1128.909459165115	404.0	0.47289776629073077
1128.5636649992007	149.0	0.7667435227189352
1128.2763150466756	160.0	0.7516060830564861
1127.9767623185508	152.0	0.7624956882425473
1127.8485728879546	164.0	0.7461002729857501
1127.6766491032051	146.0	0.7707424406299691
1127.3733785521838	144.0	0.7734733125150308
1127.0842240707805	165.0	0.7445986926763045
1127.299150763184	173.0	0.7339073860065798
1127.6906588974282	198.0	0.701287779813315
1127.5327766682703	183.0	0.720724268392225
1127.489985821667	220.0	0.6734669610685837
1127.8269717759977	161.0	0.7501604117143161
1127.6975695755907	209.0	0.6872890251960903
1127.5686100828882	257.0	0.6287652368709782
1126.7091145515371	342.0	0.5342849082754852
1126.5717675036678	377.0	0.4985274289554917
1126.2679838148986	242.0	0.6462681245741432
1126.0307141830897	252.0	0.6342606918607209
1126.0224391987833	368.0	0.5073701835464377
1126.374370972862	281.0	0.6006748370644893
1126.7379494077306	322.0	0.555475163563377
1126.9909218090813	293.0	0.5873213053690296
1127.3201501747892	281.0	0.6009430100604262
1127.7622103234598	271.0	0.6125145532244083
1127.69488716847	270.0	0.6136495847860166
1127.796627838193	313.0	0.565518139128861
1127.8883242661998	407.0	0.4696682572074698
1128.1246273111071	297.0	0.5831943476264628
1127.5140567205708	246.0	0.6417947107329146
1126.9028149732508	246.0	0.6416352311073191
1126.503691386105	272.0	0.6110128250996442
1126.2650662494045	264.0	0.6202163077977533
1126.020895877664	281.0	0.6005745176588592
1125.88307745844	265.0	0.6189471217318506
1125.7564301090836	157.0	0.7552146357408648
1125.5037623454627	149.0	0.7661835070211231
1125.3650691255827	343.0	0.5328137297569223
1125.2337114914951	148.0	0.7675210785510392
1125.5590259604944	910.0	0.10589672085720099
1125.7162995767208	190.0	0.7111839382682651
1125.1122681937482	126.0	0.798579227135374
1125.428582768235	164.0	0.7456237558377783
1125.3708704780177	164.0	0.7456123699472145
1125.3414781369677	198.0	0.7007575092730424
1125.548816050037	183.0	0.7203008435674556
1125.2974040631393	149.0	0.7661456430423407
1125.159438307562	196.0	0.7032909211153487
1124.8057293532338	211.0	0.6840857987603313
1124.7422744578123	875.0	0.12488723054350823
1125.1542134299632	302.0	0.5767801444888205
1125.006708099444	244.0	0.6435371739869138
1125.501247469922	224.0	0.6680255013917761
1125.9089438807387	223.0	0.6693624117304153
1125.8925188622454	283.0	0.5982660192864998
1126.2208947836205	380.0	0.4954259347801841
1126.834757146047	237.0	0.6524505644716888
1127.1402805384519	293.0	0.5873647075359233
1127.6143899394822	252.0	0.6346805283597337
1127.7997576043326	306.0	0.5731621540914741
1128.3724836375484	279.0	0.6035164773452356
1128.4989702190064	272.0	0.6115670117808579
1128.9765529392303	843.0	0.14502026026272083
1129.0939804169293	272.0	0.6117319697297395
1129.635395543612	304.0	0.575903328077739
1130.0643775321275	179.0	0.7265222351593523
1130.3413827836403	207.0	0.6904305771662654
1130.7576847263597	188.0	0.7148831780434178
1131.023615039948	228.0	0.6644649916649197
1130.9030631227217	225.0	0.6681178675386834
1131.291837512572	197.0	0.7033784377250825
1131.0396193296338	161.0	0.7507816361180414
1131.5595992538845	178.0	0.7281528842193747
1131.948185160518	304.0	0.5765863933787873
1132.3401403286675	314.0	0.5658006146069535
1132.8382996688765	322.0	0.5573391213672506
1133.0678677584315	274.0	0.6105376204255119
1133.4350033190622	271.0	0.6140796842010442
1133.7635626605397	310.0	0.5705668046799326
1134.234830760141	282.0	0.6017609595879787
1134.1456228983948	281.0	0.6028677254790543
1134.50584112763	224.0	0.6702259302557456
1135.0859456659527	164.0	0.7475147806084094
1135.4607769574604	191.0	0.7120156082743706
1135.8291076992475	204.0	0.6954835525997662
1136.294111336025	164.0	0.7477493767444761
1136.1486284912019	184.0	0.7212435084520845
1135.8230306114194	197.0	0.7043868608578466
1135.7800284095342	145.0	0.773575482465853
1135.8504121373146	281.0	0.6033455647923872
1136.0005101665217	281.0	0.6033875810433157
1136.2501022043896	377.0	0.5017347106723276
1136.3078975566202	455.0	0.4281433521462044
1136.411172940856	300.0	0.5822923050844963
1136.47930552592	356.0	0.5229414589778145
1136.5210969262303	276.0	0.6092093766236835
1136.6737605695303	280.0	0.6047078617628457
1137.0157224473614	213.0	0.6844481194428385
1136.689001918247	197.0	0.7045788040290434
1136.6050515007992	255.0	0.6335167083146312
1136.8410750286698	217.0	0.679430615598061
1136.4961532031741	240.0	0.6512885278443994
1135.7936786510022	211.0	0.6866632159851755
1136.263319431679	206.0	0.6930557558747542
1136.6459693390184	419.0	0.46131702423523807
1136.8747112498627	159.0	0.7546059065437807
1137.2103259646688	185.0	0.7201655495088859
1137.4450117666038	164.0	0.7479724482905604
1137.9278089137006	170.0	0.7400468147531881
1137.789754174186	242.0	0.6492219205601527
1138.243127363928	209.0	0.6897367731851962
1138.5988542660602	210.0	0.6885656556273926
1138.486601366698	218.0	0.6785814179360726
1138.9331359283267	281.0	0.6042067152460848
1139.2792065729022	303.0	0.5798317016301179
1139.5970748439245	256.0	0.6331319338303578
1139.943636690595	272.0	0.6147154986476213
1140.180613970096	277.0	0.6090829958165869
1140.1400849771123	262.0	0.6262855576170526
1140.0942083466196	301.0	0.5822618698255126
1140.309129182788	247.0	0.643914979287279
1140.2545779666411	280.0	0.605704492217343
1140.3880461157578	279.0	0.6068728340167433
1140.6458486853373	456.0	0.4288025733753469
1140.87172611086	278.0	0.6081393477872725
1140.2064573712794	242.0	0.6498352345130225
1140.1796369923218	261.0	0.6274567612754564
1139.8663605111146	271.0	0.615838880867746
1140.0060264408949	266.0	0.6216232434318346
1139.8625181916043	157.0	0.7578771877547561
1139.923896894673	177.0	0.7311917561563447
1140.2484335045383	181.0	0.726016704489242
1140.5523610732123	182.0	0.7247746019638688
1140.4879434304253	194.0	0.7092517756266797
1140.8012729736313	144.0	0.7758408198542385
1140.8513591737747	330.0	0.5512802868328288
1140.6298967475668	338.0	0.5428200109527426
1140.3967235121183	152.0	0.7647781099491858
1140.1601461637713	142.0	0.7784988085538852
1140.0498896177933	293.0	0.591081926564126
1140.1216123289735	167.0	0.7444767213320779
1140.0621469125927	344.0	0.5364075544738482
1140.283706894083	197.0	0.7053729152843062
1140.5077719429519	192.0	0.711821568259911
1140.5370785654516	201.0	0.7003437277858384
1140.4118438861115	220.0	0.6765685318181961
1140.1027235277675	349.0	0.5312613502268003
1139.624033423673	197.0	0.7052275059047117
1139.4952779192265	240.0	0.6520466523640356
1139.0167379654856	217.0	0.6799449535916816
1138.3754157488718	193.0	0.7100742619744989
1138.3514735600593	212.0	0.6860076740745366
1137.7077802986344	202.0	0.69844170054014
1137.4789544116486	246.0	0.644374785441364
1137.615515048305	361.0	0.5182219903970982
1137.5674985897913	441.0	0.44126557731111776
1137.8741628422208	267.0	0.6198947819499669
1138.1772680398312	418.0	0.4627861380772964
1138.2744408251558	296.0	0.5872477517905046
1138.560504698852	287.0	0.5973513589160098
1138.8281603685643	258.0	0.630591639945282
1139.2143794859842	196.0	0.7064141863489309
1139.4692269458887	183.0	0.7232449779982854
1139.4945249820696	129.0	0.7966092916296609
1139.472561241274	150.0	0.7673467361638052
1139.4957397339333	333.0	0.5477066710424981
1139.3041477943336	210.0	0.688728445186683
1139.0642756712655	260.0	0.628323009140873
1138.9853344501184	151.0	0.7658888113416162
1139.1704275398274	264.0	0.6237092874557368
1139.033771554867	314.0	0.5678008231508702
1139.267689634983	265.0	0.6225790823843814
1139.7190497534723	348.0	0.5321697331795724
1139.5175790858657	426.0	0.4557710425088306
1139.9588108048085	302.0	0.5811253445839509
1140.2190142218617	329.0	0.5521430136483125
1140.5515415745538	428.0	0.4542735910732494
1140.6743410466265	158.0	0.7566749492060268
1140.697715226865	175.0	0.7339814488165698
1140.498074199152	142.0	0.7785571723549433
1140.4067820560635	135.0	0.7883028349867035
1140.2723653840983	157.0	0.7579536816025289
1139.6628176523832	400.0	0.48040571557101813
1139.41686475903	326.0	0.5550754084523154
1139.5380101501319	295.0	0.5887177643077903
1139.5141579512492	351.0	0.5290215820794903
1139.5803216824002	259.0	0.629624418441066
1139.39465354213	271.0	0.6157103980514984
1139.363098689272	300.0	0.5831489632140922
1139.5908266581005	292.0	0.5920622086107613
1139.5520105778028	272.0	0.6146086039172444
1139.7734109527564	296.0	0.5876786716595077
1139.940822341215	272.0	0.6147147306797431
1140.1015973403269	185.0	0.7207761270964851
1139.810461622016	213.0	0.6851000106184667
1139.773603162484	167.0	0.7444086724803007
1139.5326019608196	152.0	0.7646207307980738
1139.3491230358968	167.0	0.7443256216042776
1139.1624407168924	160.0	0.753687460496918
1139.2797718894744	198.0	0.703876474972412
1139.2397446395987	211.0	0.6874629104384431
1139.1991074884772	217.0	0.6799879917310095
1138.960593015863	134.0	0.7894671669567855
1139.3278694672672	166.0	0.7456577709204228
1139.5823395346802	160.0	0.7537670447918082
1139.8330867521345	184.0	0.7220193363629823
1140.14583241193	180.0	0.7273028546079083
1140.3862883716715	177.0	0.7312861055829308
1140.3862280224334	165.0	0.7472012551412264
1140.623295032267	306.0	0.5769458420159415
1140.888869479895	299.0	0.5846901711129938
1141.0288294416246	268.0	0.6195961439536988
1141.4941380016649	276.0	0.6105804001572868
1141.628520749689	289.0	0.5959817719158066
1141.7800964725088	286.0	0.5993780825120126
1141.8899688292852	280.0	0.6061579923367231
1141.9936511375647	322.0	0.5601073819551105
1141.9050793800548	287.0	0.5982938207140842
1141.8131540938543	302.0	0.5816633209862435
1142.0635816229624	304.0	0.5795482247622732
1141.7755203937522	268.0	0.6197976257593872
1142.0650789194447	280.0	0.6062064892096811
1142.1209107197603	289.0	0.596120778006588
1142.0721094772182	280.0	0.6062084360786268
1142.0227824681197	272.0	0.6152820118990799
1141.9820731582022	334.0	0.5474199774183837
1142.2264063043228	197.0	0.7058003052021151
1142.2888846981327	190.0	0.7147765740865581
1141.8677958340918	237.0	0.6562397051899581
1141.815786446916	182.0	0.725037272008241
1141.8292342257726	259.0	0.6302190250289182
1141.9581671245203	244.0	0.6478970205771326
1141.6870509907162	150.0	0.7677456007862726
1141.5105159841316	134.0	0.7898880513790024
1141.3311511712818	134.0	0.7898585008655477
1141.2678982564364	135.0	0.7884456700910064
1141.5020727964484	199.0	0.7030963188518432
1141.564733180329	202.0	0.6993073798210686
1141.8207521249972	225.0	0.6707688266362765
1142.06585273338	167.0	0.7448562275896242
1141.6529645544529	229.0	0.6658526907656174
1141.9304010690455	229.0	0.6659203124805945
1141.643279224904	224.0	0.6719494711281627
1141.617034673869	269.0	0.6186066191066634
1141.3966943523876	225.0	0.670666650570843
1141.6020348966986	222.0	0.6743918030060465
1141.5515230658398	215.0	0.6830197801641994
1141.6406604870167	197.0	0.7056715729397782
1141.4976213411016	332.0	0.549371515513095
1141.4502215482696	271.0	0.6162696626533981
1141.3043461820753	295.0	0.5892235503092965
1141.0400895572943	439.0	0.4443178968667791
1141.1555011224439	319.0	0.5630602360436545
1141.2441209538308	311.0	0.5716973537538085
1141.3341708721634	290.0	0.5947836558344827
1141.1819001259096	306.0	0.577109138839593
1141.3235675345493	316.0	0.5663282924400953
1141.5467954577784	494.0	0.3959206775716463
1141.33036135353	135.0	0.7884560234752475
1141.188475821936	561.0	0.34084855118160773
1141.1563558003604	164.0	0.7486891141108831
1141.2413372680287	176.0	0.7327748605809384
1141.0790882011397	147.0	0.7717531456778914
1140.862449289705	135.0	0.7883784414610574
1140.6437418585617	181.0	0.7260986538695084
1140.591233999428	275.0	0.6114697613335021
1140.5429296247655	254.0	0.6357229388867295
1140.3761031260688	250.0	0.6403850735956846
1139.9781985945856	236.0	0.6569713092241596
1139.9221822079373	234.0	0.6593693543487966
1139.7780635593147	349.0	0.5311591317168874
1139.867656425326	278.0	0.6078618498134262
1139.6509372566122	253.0	0.6366641586464078

Average Payoff: 0.6432