17.933333333333334	17.933333333333334	0.0
7.400629109694449	17.6	-0.40796456943359716
11.10898157360493	18.066666666666666	-0.23847576704252746
11.868828314236127	20.533333333333335	-0.2674051538085313
13.05687736747535	16.933333333333334	-0.12925737683308292
12.955119896496917	20.733333333333334	-0.23088663002043117
14.023555675105092	14.0	8.405669636711254E-4
14.102927916506966	19.333333333333332	-0.1564291347571448
14.677606047277763	12.666666666666666	0.07354152007069482
15.337532323271647	22.6	-0.1914322633017807
15.832349884623389	15.666666666666666	0.005259948915768193
15.421996266395064	23.266666666666666	-0.20276406072353229
15.143786036643965	22.4	-0.193273367695888
15.321849018508049	21.933333333333334	-0.1774648222732026
15.063911051636232	17.266666666666666	-0.06813226890725851
15.786522401186737	20.933333333333334	-0.14016424708630099
16.160085717259623	15.2	0.030614894548302272
16.411960203467405	21.733333333333334	-0.13950274428304307
16.300462412633845	20.933333333333334	-0.12442650092157952
16.263816648342942	15.466666666666667	0.02512252882385804
16.339326711478382	23.933333333333334	-0.18856481328536628
16.464259555884613	16.533333333333335	-0.0020932974620488706
16.6342687238456	18.0	-0.039432946803178694
16.620338983404558	17.933333333333334	-0.037998691944900964
16.742251768849897	14.666666666666666	0.06608266713941356
16.844599195394675	23.066666666666666	-0.15589752258864167
16.881999386311108	18.666666666666668	-0.0502034950536791
16.965649091631086	25.066666666666666	-0.19273307760675376
16.91673610838872	21.533333333333335	-0.12006733126820211
17.064171832317516	17.266666666666666	-0.005898336399652492
16.966353504317162	14.533333333333333	0.07723950347581625
16.96844214727143	18.6	-0.04587093935610377
17.057903457187532	22.533333333333335	-0.13829903584766914
17.016666604471673	21.266666666666666	-0.11101436837003562
17.111783917688516	20.0	-0.07782477093306418
17.071800206515725	22.2	-0.13058224391336756
17.127455751141813	15.533333333333333	0.04880844775934161
17.166386956537494	19.2	-0.05592012882371115
17.26528533519222	16.733333333333334	0.015646282781227958
17.298333677331026	13.466666666666667	0.12454630157063934
17.278775222297384	18.2	-0.025965518029597946
17.264282040093168	20.6	-0.08809669113426627
17.24876313863808	21.466666666666665	-0.10894631802462008
17.24322531517272	18.533333333333335	-0.036060148513319575
17.293211098857157	22.2	-0.12424385773191367
17.24443596239748	23.6	-0.15560415728236843
17.223938159991395	20.266666666666666	-0.08115976044514783
17.247212804175057	19.533333333333335	-0.0621556983034278
17.21891358374589	24.066666666666666	-0.1658630698996255
17.194651799393398	13.466666666666667	0.1215859369144008
17.194829700561996	25.8	-0.2001443047773143
17.18260411549726	21.866666666666667	-0.11995262542287707
17.14425938071401	13.4	0.12258471662528438
17.116245625436832	17.466666666666665	-0.010132779977290873
17.162855339072255	19.666666666666668	-0.06798381274685723
17.134389574905036	23.2	-0.15038309712932466
17.104689009130222	31.666666666666668	-0.29857643807024464
17.149454285090357	18.466666666666665	-0.03698360030168661
17.168115500700768	17.933333333333334	-0.02180017799979287
17.170855004309505	25.666666666666668	-0.19832640477222924
17.16424506762953	24.933333333333334	-0.18454952899443045
17.183086395949225	18.266666666666666	-0.030566652151384037
17.238765142472356	20.0	-0.0741494742632682
17.29947492171689	16.666666666666668	0.01863056047751513
17.261963290952725	23.2	-0.1467560203727192
17.29015240576981	15.333333333333334	0.059981912665175274
17.327370061932477	19.8	-0.06659857495812142
17.35755302522368	22.0	-0.11795568113193021
17.321319651060115	15.066666666666666	0.06961386738512418
17.3031321724443	22.133333333333333	-0.1224805798121382
17.284135504632108	18.866666666666667	-0.043775824241349175
17.26066980792159	19.6	-0.0634641259713537
17.24682364794072	22.266666666666666	-0.12704124537614453
17.282629038474763	17.333333333333332	-0.0014647662923236752
17.277083179607914	21.333333333333332	-0.10505585072789529
17.29295241281646	20.0	-0.07258871749326042
17.33625452910696	16.0	0.04008412306608208
17.359692110199592	19.133333333333333	-0.048602197312419715
17.351690561401604	28.466666666666665	-0.24258783548127827
17.36109346625341	17.6	-0.0068334971838680415
17.33741602674798	18.133333333333333	-0.022438694443852804
17.35616245809501	18.933333333333334	-0.043460809825052855
17.37046517452035	19.266666666666666	-0.05175627558308557
17.383629037699386	18.333333333333332	-0.026589727473694078
17.3732669226239	15.6	0.053778927237786364
17.375495172352046	17.4	-7.046579071413081E-4
17.41168815417084	18.333333333333332	-0.025783875370859223
17.3834296563191	23.4	-0.14752487454788327
17.351339313203543	20.266666666666666	-0.0774981894314958
17.337311212542986	15.933333333333334	0.042198697932459076
17.346271258380124	17.0	0.010081771490570105
17.326322128218845	24.6	-0.17348714369786208
17.343328522289703	21.133333333333333	-0.09850139352693751
17.348614543684725	22.133333333333333	-0.12118750585843643
17.358568872660637	22.866666666666667	-0.13693139941022564
17.350636185203786	24.533333333333335	-0.1714903632749186
17.377250514147203	16.8	0.016889904994208282
17.384010442862756	22.4	-0.12608054093342694
17.412961989047133	24.8	-0.17499454345017437
17.416602003394427	15.0	0.07454828248628212
17.412390637987322	19.666666666666668	-0.06079647630082548
17.415025824023513	20.933333333333334	-0.09174597262096572
17.432560354779774	25.0	-0.1783403966658778
17.430330167583225	26.266666666666666	-0.2022183934653716
17.44763836809173	14.8	0.08210332607523611
17.4562794793499	18.266666666666666	-0.022685340229339747
17.441602679494352	18.466666666666665	-0.028546738838637554
17.44760615796964	17.666666666666668	-0.006238503351358962
17.47142194541058	18.133333333333333	-0.018590533279635134
17.469189885995856	23.266666666666666	-0.14231876462879683
17.49271073481804	21.4	-0.10046327940016854
17.505078411393306	16.8	0.02055317883078025
17.499827995478167	18.2	-0.01961275568640044
17.49925749866238	22.533333333333335	-0.12574943889585857
17.506669234459537	18.0	-0.013894031070131508
17.51149056017711	20.4	-0.07619086976382382
17.502280670636956	19.333333333333332	-0.04970875909653678
17.50586837738234	24.333333333333332	-0.1631834422453231
17.496382686491863	19.266666666666666	-0.04815389395936241
17.483732744119656	20.733333333333334	-0.08503009055242082
17.501788325839044	16.8	0.020459234345819702
17.506216426123313	21.733333333333334	-0.10772592787437106
17.502127863931094	21.866666666666667	-0.11086290181792122
17.494847682770736	19.8	-0.06180886799262049
17.49769991555066	19.2	-0.04638710568691503
17.501444035082816	21.8	-0.109373995547849
17.508920557407382	21.133333333333333	-0.0937940314292696
17.505669916766003	19.0	-0.04093419150069328
17.503238575061438	22.933333333333334	-0.13428672367611336
17.50129468986167	22.533333333333335	-0.1256921543159146
17.502795116171146	14.266666666666667	0.10186286666186671
17.523334894173402	16.2	0.03924092615176217
17.524431577046734	19.2	-0.04562544200140918
17.54053163978648	21.266666666666666	-0.09601659458782875
17.5309855477404	19.0	-0.040212833851411514
17.538646051653103	20.133333333333333	-0.06887578842523738
17.53977633831147	19.333333333333332	-0.048641327270563715
17.54788843860471	16.4	0.03381324999581886
17.554611967645425	22.333333333333332	-0.119803648185675
17.551863606376237	22.333333333333332	-0.119880810271158
17.5583419984862	15.466666666666667	0.06333610243762369
17.548147358699627	16.533333333333335	0.029776113148849166
17.547002897443733	23.666666666666668	-0.14848626278481272
17.541910128305062	22.8	-0.13033814846574926
17.547371212950374	20.133333333333333	-0.06862828472876847
17.53651862916842	16.333333333333332	0.0355237837226796
17.549017560349192	21.666666666666668	-0.10500005769326369
17.557547141048186	17.133333333333333	0.01222839552971641
17.557327986602346	17.0	0.0161276354126227
17.55661191919605	16.266666666666666	0.03813779463320715
17.556219594551724	16.866666666666667	0.020031816119438037
17.567352912199564	18.0	-0.012164163267040291
17.57178799003177	15.2	0.07237285895884592
17.57550436570834	22.4	-0.12068629804281324
17.574440736839083	23.733333333333334	-0.14909766345753
17.571998211908802	19.6	-0.05455724431412159
17.570608793334408	25.666666666666668	-0.1872471793654516
17.573557403263248	16.133333333333333	0.042727882591858904
17.563660091912745	18.466666666666665	-0.025062403147340314
17.558070902244555	18.266666666666666	-0.019779510263238643
17.55932287181772	16.533333333333335	0.030094150843235513
17.562525125545054	15.466666666666667	0.06345473035076174
17.558198602680076	16.0	0.04643272486490476
17.55965068007934	22.8	-0.12984129524458904
17.561924659384943	16.8	0.0221735152188818
17.570485346634072	19.666666666666668	-0.05629274009150486
17.580811892772466	14.866666666666667	0.08364733861011338
17.587862905575218	16.8	0.02291107498417655
17.598168606698952	20.2	-0.06883485335953357
17.603821380884856	15.466666666666667	0.06462422662602406
17.605787195656863	24.933333333333334	-0.17225429314371427
17.604544871277113	18.466666666666665	-0.023900550012928578
17.607616560790465	19.333333333333332	-0.04671554947798939
17.61768569454255	21.0	-0.0875845935515353
17.624642482580363	22.2	-0.11488759803483325
17.62615099202514	16.866666666666667	0.022018622336789286
17.62707816781079	26.6	-0.2028829894243354
17.628268482569517	16.866666666666667	0.022078656260923972
17.627631444589873	25.666666666666668	-0.185683463476375
17.632578807382497	20.6	-0.07761498923647053
17.630458670688736	21.266666666666666	-0.09348269221545394
17.635549916839715	18.533333333333335	-0.024821983313220625
17.637591877991152	23.266666666666666	-0.13761586174529697
17.634961549596987	18.933333333333334	-0.035505395805108
17.63394458409852	23.8	-0.14881651934891774
17.636227277285872	20.333333333333332	-0.07103337549007986
17.63884556439063	12.666666666666666	0.16406846582280962
17.63429183275362	17.733333333333334	-0.002800343537758387
17.631601749278833	20.6	-0.07764252908334299
17.62699630986468	24.133333333333333	-0.15580185978077918
17.62955653789724	21.4	-0.09660482456267988
17.626534628345865	17.466666666666665	0.004555525166691504
17.63187797007343	21.866666666666667	-0.10721379067354785
17.63740321986988	19.0	-0.03719141261057306
17.632863071008327	18.333333333333332	-0.019475794839413384
17.62952419496161	23.6	-0.14481068898117438
17.63069580733974	24.466666666666665	-0.16238477799049497
17.629916424519394	18.933333333333334	-0.03564827846118913
17.633288429543086	26.066666666666666	-0.19298368198678165
17.63464359154348	23.2	-0.13629006938630558
17.629904042133553	20.0	-0.06298437421505755
17.635995078445653	19.4	-0.0476294728363048
17.637639095365248	22.0	-0.11005602261373923
17.641607711379827	15.266666666666667	0.07216850745287061
17.645763966555997	15.533333333333333	0.06366751374003504
17.645650430632383	21.533333333333335	-0.09922878362854808
17.646796566697677	21.266666666666666	-0.09302359130207968
17.647089492334274	21.0	-0.08675712845933152
17.643356115405425	23.4	-0.14025763069686803
17.646560680478913	20.666666666666668	-0.0788267184808893
17.643722524566698	18.133333333333333	-0.013685050293441699
17.639750376373488	18.733333333333334	-0.030065720181651896
17.63817187493855	18.0	-0.01015282507562894
17.634971841184154	18.066666666666666	-0.01209173706096382
17.633198420671302	25.933333333333334	-0.19051631099597646
17.63611684135276	24.066666666666666	-0.15419953500411587
17.630603374604007	21.933333333333334	-0.10875383788252067
17.63402570383119	18.933333333333334	-0.03553189685319138
17.629691317587753	21.533333333333335	-0.09967672442413794
17.63219487174758	19.133333333333333	-0.04083005290206329
17.63099039949109	20.466666666666665	-0.07443177574545691
17.632303838195288	15.733333333333333	0.05691395896621373
17.632206176131707	21.6	-0.10113613815279757
17.62834251660108	22.0	-0.11031643530302959
17.625560018334262	26.0	-0.1919617760355686
17.62705380077775	20.133333333333333	-0.0663732478073965
17.62323902463624	21.6	-0.10138787806040046
17.628333690548963	16.0	0.04842148009868823
17.62866291871259	20.866666666666667	-0.08411419730210312
17.623576970464555	14.733333333333333	0.08932384489108591
17.629519358140836	20.0	-0.06299524103132956
17.63036746558545	19.333333333333332	-0.04607130322290929
17.630539785187402	18.533333333333335	-0.024963961829729514
17.632389210516756	20.933333333333334	-0.08559269488762541
17.634706525314268	19.6	-0.05278122639021246
17.63671359414786	18.133333333333333	-0.013883675920031651
17.63469911325613	16.0	0.04860156791507793
17.63047196154728	17.266666666666666	0.010425075211939609
17.625762938108057	25.733333333333334	-0.18698660932574268
17.623501833405776	17.733333333333334	-0.0031063724852522833
17.62420984941573	16.533333333333335	0.03193662115117614
17.622195098516478	19.333333333333332	-0.046302632039814745
17.618675052475467	26.6	-0.2031115798215609
17.622327152890414	18.266666666666666	-0.017953680089663887
17.618528166175032	17.8	-0.005123641303600959
17.61640854171609	18.4	-0.02175651293427304
17.619249773354262	19.533333333333335	-0.05151952838602306
17.62313368848826	20.6	-0.07788127304717277
17.626618428161322	21.533333333333335	-0.09976301628168557
17.6283345039069	20.866666666666667	-0.08412344627320653
17.625679267305525	20.6	-0.0778094932439413
17.627931641236945	24.0	-0.15307194250436496
17.63185338798479	16.4	0.0361970702547663
17.629704184415942	20.6	-0.07769601881447145
17.63036748468608	16.8	0.024117299504729628
17.633817311640495	20.466666666666665	-0.07435205696177186
17.633866473245725	15.466666666666667	0.06547325982389883
17.63627941107465	16.066666666666666	0.04657197447331212
17.635587902578106	20.2	-0.0677777785302275
17.635811738450933	16.733333333333334	0.026258389704854723
17.636659775863897	21.866666666666667	-0.107079764458737
17.63851582005534	21.8	-0.10551827555915419
17.640040924549282	18.266666666666666	-0.017451495393319718
17.639049191744146	20.266666666666666	-0.06931982196926334
17.639793583120653	22.6	-0.12326619933159898
17.64304591080418	22.0	-0.10990462486154202
17.64773462213126	15.666666666666666	0.05946581294650895
17.650766248307463	16.0	0.049055829401521915
17.653616081677992	21.466666666666665	-0.09746991374059072
17.65345868887556	20.4	-0.0721758653682472
17.652423859002244	17.4	0.0072013239374719455
17.65163242523312	23.333333333333332	-0.13862890459808797
17.654782985115908	21.4	-0.09589650046990206
17.655692147075708	16.533333333333335	0.03282804344293189
17.656531254444907	20.933333333333334	-0.08491354177817508
17.654837543166543	20.2	-0.06723480067590205
17.65245067790194	16.866666666666667	0.022763734176387065
17.65485560544082	21.2	-0.09124070439378383
17.657568769166605	22.0	-0.10949817060418478
17.65694842545934	18.8	-0.031353462752862264
17.659499422620442	17.733333333333334	-0.0020861260589680243
17.661259453529095	16.533333333333335	0.03298551110774184
17.6579314648696	16.066666666666666	0.04718409962949037
17.657187985825914	15.266666666666667	0.07260757722298675
17.654048103921117	18.266666666666666	-0.017054743110155677
17.654208505576623	16.333333333333332	0.038863510003277535
17.654718367416454	16.533333333333335	0.03280049544497808
17.656422382715263	25.0	-0.17215643523495341
17.658537173044046	27.8	-0.2230925906909655
17.656604939738816	15.533333333333333	0.06397335207243057
17.6564192315699	15.4	0.0682596386427405
17.653974873276766	19.266666666666666	-0.043679950459289074
17.655242672744635	20.133333333333333	-0.06557777303357816
17.651229304854148	21.2	-0.0913425587463319
17.649682439596976	22.133333333333333	-0.11270263972263214
17.652559545138526	18.6	-0.02613444310550831
17.65072612221938	19.4	-0.04721294454554774
17.651133235423	19.2	-0.04203036999383665
17.651627431573946	20.8	-0.08187878585968038
17.64867247442926	21.733333333333334	-0.10371896441341097
17.65084744815099	22.6	-0.12295772301997483
17.647659063612053	22.866666666666667	-0.1288188192443283
17.645747215861647	22.333333333333332	-0.11725097358613654
17.646157098112113	14.733333333333333	0.08995891306399258
17.64687921349687	18.733333333333334	-0.029863874996275314
17.644771258942114	22.266666666666666	-0.11580378076929565
17.642808264920404	24.2	-0.15671012551461375
17.64051968469693	19.866666666666667	-0.05935254543263825
17.64284655171285	18.0	-0.010020340204000529
17.643716543042977	21.2	-0.09155363527113276
17.643160057800834	24.266666666666666	-0.15804185143526117
17.64181260705436	22.466666666666665	-0.1202951133271597
17.641562574757774	19.266666666666666	-0.04403094175227823
17.641826792087166	14.666666666666666	0.09208600609058713
17.641952056471617	19.2	-0.04229004861469326
17.643572616904674	20.2	-0.06755248530508383
17.645305052304742	24.8	-0.1685626935388644
17.645427202737444	21.133333333333333	-0.08994372389369043
17.646234534452432	15.933333333333334	0.05101022168788401
17.647110743609847	20.933333333333334	-0.08517845422332582
17.647624177861257	15.466666666666667	0.06586151947007464
17.647786032879107	17.733333333333334	-0.002417879987593641
17.64863919261281	21.6	-0.10067510335825601
17.649347835584738	13.533333333333333	0.13199681194682258
17.648335661422326	20.133333333333333	-0.06577257537923854
17.64816387109666	18.133333333333333	-0.013559227537762326
17.648459627310547	14.733333333333333	0.09002362214841518
17.6490172358253	18.066666666666666	-0.01169372626271409
17.65060579756184	14.266666666666667	0.1060221901695311
17.650489426686306	17.266666666666666	0.010992383199635984
17.64888932165062	19.866666666666667	-0.05911620624006435
17.65061383898806	17.8	-0.004213923112599164
17.648037504733583	19.0	-0.036890447274067345
17.652658204521963	21.266666666666666	-0.09285897106658439
17.653050611574944	15.666666666666666	0.05961587033649361
17.65351092599255	15.266666666666667	0.07250399098266462
17.65383579048686	19.4	-0.047125059316030296
17.653309507260143	19.066666666666666	-0.03849014369486666
17.653194912323073	24.333333333333332	-0.15910194769917263
17.652068816795214	17.733333333333334	-0.0022965548390079444
17.651898388344257	16.4	0.036764422766302374
17.654182230220055	18.466666666666665	-0.02249350337158434
17.653949263676246	21.266666666666666	-0.09282271918451085
17.653599592500736	22.6	-0.12288094624016636
17.653848647053444	19.533333333333335	-0.05054119689066966
17.652931953850196	19.6	-0.052266169239024704
17.65259276528149	21.866666666666667	-0.10663342284138137
17.651638052138008	22.8	-0.12727202644368277
17.651260578071525	20.4	-0.0722378018538639
17.650442781986843	26.2	-0.19497082983903635
17.64967667264226	22.333333333333332	-0.11714117221267441
17.65191871700323	23.666666666666668	-0.14557003570699714
17.650343291052746	19.666666666666668	-0.05403228656043019
17.65456958890852	19.066666666666666	-0.038454508119773786
17.65418697659053	15.266666666666667	0.07252303770114635
17.65607304235535	13.533333333333333	0.13218397488435632
17.655312865094515	21.333333333333332	-0.09433568043168236
17.65355724748168	17.2	0.013013226864080026
17.651565264618057	20.333333333333332	-0.07060090108704171
17.653457115094593	13.333333333333334	0.13941823981258553
17.65354912021284	17.666666666666668	-3.7138919345731046E-4
17.65245595541618	13.066666666666666	0.14928125862074454
17.651889948981555	16.866666666666667	0.02274785968191163
17.650914049580187	13.733333333333333	0.12482633941955534
17.650320144898245	17.666666666666668	-4.6285154097772075E-4
17.650129984194386	24.466666666666665	-0.161848412617414
17.64746834173053	16.533333333333335	0.032595344573500655
17.647032552160326	23.533333333333335	-0.14293949688403665
17.64561670170893	20.733333333333334	-0.08045338991309386
17.64469141073226	18.266666666666666	-0.0173197364074585
17.644190971371014	20.266666666666666	-0.06917479209608814
17.64467840375297	19.466666666666665	-0.04909518260403741
17.645550244649655	15.866666666666667	0.05308164430573076
17.64560779338287	22.2	-0.11430098469657364
17.647998016640653	24.333333333333332	-0.15924543366576255
17.64798970960119	24.266666666666666	-0.15790841508157943
17.647206608144334	23.066666666666666	-0.13311089372268747
17.647160170743508	18.733333333333334	-0.029855921620967257
17.6461985180147	16.6	0.030549332868708364
17.64668142644534	16.0	0.048940381536441674
17.64691201719008	22.466666666666665	-0.12015269660834928
17.64660792307106	14.866666666666667	0.08550173095397269
17.64823458116395	20.866666666666667	-0.08356329579539026
17.64702816968332	19.0	-0.036919005384342216
17.64871495214643	17.333333333333332	0.009015527513979405
17.648752398387483	20.066666666666666	-0.06410943662348279
17.6481295328673	16.866666666666667	0.02264138723818354
17.648139371174334	19.266666666666666	-0.0438449356562566
17.647404177144928	17.666666666666668	-5.454621645557316E-4
17.648314317867964	20.666666666666668	-0.0787773416882818
17.648955646506998	17.0	0.018729443193836064
17.65127444064904	21.866666666666667	-0.10667034030366675
17.649984524000644	20.066666666666666	-0.0640746743513648
17.649969702688654	20.933333333333334	-0.08509804429079798
17.65209507941733	21.666666666666668	-0.10210320490698505
17.651419760212804	16.933333333333334	0.020763092480005938
17.651257872850195	17.0	0.01879463871816514
17.651151797358835	18.533333333333335	-0.024380104699243635
17.649382923465513	16.0	0.049016736123125466
17.647426796949638	18.266666666666666	-0.01724225255314782
17.64607487028948	17.2	0.012801294606349255
17.645905240957273	14.2	0.108205598643981
17.647056968985773	17.533333333333335	0.003232585956982429
17.64612027925317	17.8	-0.004341228871722131
17.643931116358594	22.466666666666665	-0.12023594303919961
17.643809415412022	19.4	-0.04740847694398611
17.64212100899926	24.0	-0.15267903836182456
17.643208261389294	22.066666666666666	-0.11139441797012802
17.639454414643378	22.866666666666667	-0.12904746523446256
17.639015186543634	18.533333333333335	-0.024723806536870733
17.640966114694372	29.866666666666667	-0.25734181722413413
17.640878045151446	20.4	-0.07253044873395662
17.641435507245205	21.266666666666666	-0.0931741965521053
17.64092892779841	20.866666666666667	-0.08376886920802483
17.639880845568555	24.4	-0.160802528895465
17.641210870827628	22.2	-0.11442396025444072
17.642056228542497	17.0	0.01853401034588386
17.643065460038656	26.933333333333334	-0.2084122568168525
17.642693131746004	16.733333333333334	0.026453313309391265
17.643034322761572	14.266666666666667	0.10581006876916532
17.643287970743305	18.266666666666666	-0.017359495499722585
17.643453010617314	23.0	-0.13179360001679463
17.643299936274566	16.0	0.04884479047498972
17.642613764551378	15.533333333333333	0.06357860485473621
17.642119272379933	18.466666666666665	-0.022835090486803086
17.642004889700406	23.533333333333335	-0.14307905406195992
17.64448234662008	19.133333333333333	-0.04048231139308213
17.64579795051466	18.733333333333334	-0.02989448467950446
17.644766771575625	18.466666666666665	-0.022760101630876866
17.64367551398174	14.8	0.08764961025319852
17.641827611104485	21.8	-0.10542544909163439
17.641303458031	19.866666666666667	-0.05933040901006648
17.64166245921676	19.666666666666668	-0.05427753681000466
17.641375639222545	20.266666666666666	-0.0692541969395309
17.642956983490503	24.133333333333333	-0.15536028452074105
17.64476576874263	19.333333333333332	-0.04566399045904189
17.644933295608148	24.6	-0.16463670698031174
17.645021163080706	25.666666666666668	-0.18520740948997438
17.644312644795107	19.333333333333332	-0.045676804022009625
17.64436887615501	21.533333333333335	-0.0992647408565086
17.64467533046211	29.2	-0.2466731723087363
17.643440925181245	20.066666666666666	-0.06425931656607813
17.64514124409126	17.266666666666666	0.010840875912013962
17.645012013016085	21.0	-0.0868155503704829
17.644816851525974	24.666666666666668	-0.16595612423094344
17.6433351887846	19.266666666666666	-0.04398080184984639
17.641902973458812	19.4	-0.04746238409513935
17.641162318772555	22.0	-0.10995736316145464
17.641030162160966	14.666666666666666	0.09206361912002109
17.640405656994158	25.266666666666666	-0.1777390205545918
17.640954273094174	18.133333333333333	-0.013763490293813543
17.642315273686364	20.733333333333334	-0.08054634050098007
17.642195996218614	14.533333333333333	0.09662195860224478
17.643390240504772	12.533333333333333	0.16933769813239877
17.642505936116212	16.333333333333332	0.038532458091773
17.64462845932539	16.066666666666666	0.04680810353803595
17.643115082660884	19.466666666666665	-0.049139377760927534
17.646427492155148	16.0	0.0489332037565956
17.6475487597205	20.4	-0.07234240654140155
17.648202772780753	20.8	-0.08197515098028327
17.646990643545724	22.133333333333333	-0.11277793243702944
17.64528542297144	18.466666666666665	-0.02274541242346492
17.64567048482128	21.4	-0.09615226140471031
17.647338609303883	19.266666666666666	-0.04386757939856763
17.647037601898333	21.066666666666666	-0.08833122867927226
17.64795141837587	22.466666666666665	-0.12012367257430126
17.6483831350448	17.733333333333334	-0.0024009631744253547
17.649286702440328	22.533333333333335	-0.12154624627624709
17.649288354538076	19.333333333333332	-0.04553611674716791
17.649084559465816	18.066666666666666	-0.011691819235635005
17.64915469030505	21.0	-0.08669905814357935
17.650713471414793	21.2	-0.0913570488530839
17.650118586422526	17.8	-0.0042279523892729655
17.652655848063105	16.333333333333332	0.038819600267864386
17.650958887064707	17.133333333333333	0.014881014408791988
17.649670115932707	19.6	-0.05235831291920849
17.65090240854579	14.733333333333333	0.0900922627437359
17.651112438845182	17.266666666666666	0.01101002933253079
17.65100501210511	16.066666666666666	0.046988367421464707
17.65045695478504	20.533333333333335	-0.07550000554673482
17.65306494176137	17.466666666666665	0.005307508530332126
17.652830990737957	17.266666666666666	0.01105870215717167
17.653827708815104	16.4	0.03681899490231291
17.653998392223603	17.333333333333332	0.009165176167350785
17.655375507410483	22.6	-0.1228314089798834
17.65481233049001	22.466666666666665	-0.11993212753990602
17.657027837100216	19.133333333333333	-0.04012750756629008
17.65692000135285	20.466666666666665	-0.07370100535873261
17.65505125879354	18.466666666666665	-0.0224689038751687
17.656263309664286	16.4	0.03688787869184088
17.654307588200936	17.6	0.0015404525550548787
17.65324121475721	20.0	-0.06232554514651026
17.65540510797649	20.066666666666666	-0.06392176901352033
17.655145795496136	17.266666666666666	0.01112425448279297
17.654980424516204	17.466666666666665	0.005361757589575404
17.65508924910839	14.866666666666667	0.08574022231958162
17.656210126228242	18.933333333333334	-0.03490404870770133
17.6564302455231	26.8	-0.20567485297355123
17.655835385599108	19.333333333333332	-0.045351058318745564
17.654265836089127	28.533333333333335	-0.23554087445286542
17.651755931495885	18.133333333333333	-0.01345748778977502
17.65178680721235	22.0	-0.10965995590384706
17.649068011144756	26.6	-0.202285209410531
17.650359128000566	21.8	-0.1051863902819114
17.64949155806097	16.666666666666668	0.02864029490008863
17.65083962275441	19.333333333333332	-0.04549226266534576
17.65045307921273	21.466666666666665	-0.09755865493792995
17.65122335832201	21.2	-0.09134272578620961
17.650906486967855	16.133333333333333	0.04491955899278817
17.6520086401383	20.133333333333333	-0.06566897541742842
17.653382824563035	17.866666666666667	-0.006004604305416129
17.652172141530126	17.2	0.012974001726317519
17.653416895097756	16.066666666666666	0.04705653310510544
17.654680427178583	18.0	-0.009685111987658968
17.655705639590504	20.666666666666668	-0.07856927548779495
17.6562436561825	21.733333333333334	-0.10350681547649057
17.65543087175793	16.933333333333334	0.02087665041002843
17.65644055660358	22.733333333333334	-0.12569747952945726
17.656187435609827	18.8	-0.031374991321032
17.655309043517892	15.2	0.07473096784041078
17.65552135968529	18.8	-0.03139383549127739
17.655670692378056	23.933333333333334	-0.15094525074642964
17.655688570491094	17.2	0.013073578207170512
17.656592254184265	18.933333333333334	-0.03489324065705726
17.65674592810039	18.133333333333333	-0.013316187476189812
17.656684858715124	18.4	-0.020615182571483984
17.65733319937642	21.2	-0.091171125471895
17.657928196649713	17.4	0.007357200208835034
17.657941835051794	20.866666666666667	-0.08329026449345338
17.658063893501403	18.866666666666667	-0.03308998463860818
17.658647563585184	18.333333333333332	-0.018745446983883897
17.65909955119852	23.466666666666665	-0.14121480642335893
17.65914181873036	16.4	0.03696927613243371
17.65971694714838	17.4	0.007407844950371302
17.65909633393783	21.533333333333335	-0.09885166682153433
17.65964188223796	17.333333333333332	0.009324972995134913
17.658168291617827	19.733333333333334	-0.05549830714289261
17.65744599761459	16.866666666666667	0.02290513122343232
17.656145574637186	14.733333333333333	0.09023955740716154
17.65608762459076	16.8	0.02484575828567907
17.65589197134743	22.266666666666666	-0.1154929656970652
17.657533527482425	17.4	0.007346025278148551
17.65689772106439	21.533333333333335	-0.09891331354715123
17.658417081375326	16.666666666666668	0.028892876765820877
17.658872280061512	10.533333333333333	0.25274854491493387
17.659202419120184	20.2	-0.06711175668076479
17.659939665661767	12.4	0.1749817106808877
17.66024445812298	19.266666666666666	-0.04350275069352524
17.66039725159031	13.8	0.12270656408813047
17.66093008664835	15.933333333333334	0.05142534996875242
17.661897397548053	19.066666666666666	-0.0382473234364015
17.66221544108008	22.733333333333334	-0.12553655157830923
17.66286156588582	21.0	-0.08631379827970895
17.663588337987825	16.6	0.03104135875951527
17.664779725556112	16.2	0.04325377980978611
17.663741790386645	21.2	-0.0909911924766875
17.66219904172163	25.533333333333335	-0.18222102747267477
17.660091293221477	20.6	-0.07684008603762497
17.660790322785385	26.2	-0.1946889149596229
17.661792828946066	21.6	-0.1003063509659819
17.662815266000408	20.733333333333334	-0.07996942868864214
17.66378300365402	19.2	-0.04167279837215037
17.663671607427116	23.6	-0.1438633102999103
17.664463318408654	17.6	0.0018279965819017953
17.66465137150534	20.666666666666668	-0.0783175598650636
17.663551791299643	18.8	-0.03116668982782745
17.66296659130715	24.133333333333333	-0.15480716603365313
17.66322995865626	15.933333333333334	0.05149028519043149
17.66234865361976	19.533333333333335	-0.05030112582341817
17.662383114584234	15.733333333333333	0.05776338963289976
17.662389442055915	14.4	0.10175128862282082
17.66256568659043	18.8	-0.03119457701320993
17.663756283956	15.066666666666666	0.07934787830903747
17.66381092429245	17.733333333333334	-0.0019640683026543346
17.66416395194794	17.4	0.007533730229813945
17.66512928405301	14.733333333333333	0.09049182318750996
17.665974846756416	18.933333333333334	-0.03462793559760149
17.666910318341905	20.8	-0.08144895588778718
17.666208098795433	17.666666666666668	-1.2978504417727143E-5
17.666195797029836	16.333333333333332	0.03920238008549934
17.666397569901633	22.4	-0.11814394897469657
17.665869039731923	20.333333333333332	-0.07019790224576322
17.664802044894103	18.933333333333334	-0.0346610906629383
17.665154554433016	18.533333333333335	-0.02398384102651229
17.66533962540558	17.533333333333335	0.0037503201392560036
17.666225780374447	21.933333333333334	-0.10775644094183323
17.666115266961828	21.2	-0.09092456780835394
17.666906063781635	24.266666666666666	-0.15738607929519183
17.666782750010043	19.466666666666665	-0.04847069003636086
17.666687059907368	17.4	0.007605139871119421
17.66747509982182	16.266666666666666	0.04128020808053905
17.667907232584234	20.866666666666667	-0.08301011560282533
17.66648676441368	15.666666666666666	0.059994926729085
17.6671370581954	23.0	-0.13113445714590571
17.667612337697413	17.066666666666666	0.017301227728240533
17.667932178433922	16.866666666666667	0.023201819003637575
17.66779401449242	21.066666666666666	-0.08774803088526029
17.668391678102644	16.866666666666667	0.0232148156065706
17.668042469805805	22.933333333333334	-0.12968257255756435
17.668010873977465	24.066666666666666	-0.15331748487712038
17.667254830296322	19.733333333333334	-0.0552418719726493
17.66745483808616	18.466666666666665	-0.022117926084777813
17.668022786246585	16.666666666666668	0.029164560260641976
17.668852674740016	16.266666666666666	0.0413191262513688
17.668212375988812	18.266666666666666	-0.016653855714039704
17.668830777291188	18.066666666666666	-0.011132792820342975
17.668882603567535	19.266666666666666	-0.04325870589900121
17.66967205340266	23.533333333333335	-0.14231149463233803
17.669523455222393	21.0	-0.08612665084001236
17.66899266191774	22.133333333333333	-0.11216280857425881
17.66913306429475	26.266666666666666	-0.1956840129238221
17.66797139611679	19.133333333333333	-0.03981820612039038
17.668205244369535	19.266666666666666	-0.0432778385193075
17.66843711908997	16.466666666666665	0.035206292617887394
17.66813757889789	20.666666666666668	-0.07821949653272887
17.66893533855363	18.933333333333334	-0.034544252054814484
17.66838621380518	18.4	-0.020284073200779684
17.667359438549013	21.133333333333333	-0.08932762915243624
17.667239511581442	21.2	-0.09089301254250085
17.667435137779417	15.4	0.06857003357931686
17.66808518757916	20.333333333333332	-0.07013549097614515
17.668522618426334	19.133333333333333	-0.039802631607142085
17.669262705452798	22.266666666666666	-0.11511949348607024
17.670095744584586	15.133333333333333	0.07733223271340586
17.67110914443806	18.666666666666668	-0.027397315878765725
17.67096111948761	18.0	-0.009224278521966422
17.67194516990568	18.533333333333335	-0.023791783934229184
17.672048960377076	15.466666666666667	0.06655002319735794
17.67250930960572	17.0	0.019396038042721234
17.671827341743573	18.6	-0.025589354776957646
17.67074970943221	17.866666666666667	-0.0055129769469178976
17.670381789275343	20.4	-0.07169926022369456
17.669727510550704	20.2	-0.06681517549193741
17.670365407929722	19.6	-0.051773964943733174
17.67037578825148	26.4	-0.19808372530546264
17.671110947878823	14.933333333333334	0.08396946106280041
17.670950852659114	19.933333333333334	-0.060162891799359235
17.670328942609583	18.6	-0.025631723904722063
17.66962760271851	17.466666666666665	0.005776389920228102
17.669737271608668	18.466666666666665	-0.022053367468972122
17.669948413729195	15.2	0.07514305719742298
17.67028537123738	17.133333333333333	0.015428051963847373
17.669522446624583	23.066666666666666	-0.1324901601628004
17.669849885456486	14.466666666666667	0.09967425105314333
17.67062025801499	23.8	-0.14780053213215186
17.670809635374344	29.466666666666665	-0.2502437117275532
17.67041848374142	14.733333333333333	0.09064028039063145
17.67005056315293	16.933333333333334	0.02129032328235405
17.669751777690475	15.266666666666667	0.07296133655465864
17.669357564477814	20.066666666666666	-0.06352839630122703
17.669666939120493	19.333333333333332	-0.044960310838667965
17.669023574346724	25.866666666666667	-0.18829707412327282
17.669490661802453	15.8	0.0558565614485444
17.668974277905633	15.0	0.08169752301377543
17.668578807891056	20.466666666666665	-0.07337275069180765
17.6695153755875	18.133333333333333	-0.012954778026650831
17.668818988830143	14.333333333333334	0.10422691642482991
17.669310423636585	18.466666666666665	-0.02206544024082978
17.669308638131483	20.6	-0.076580723983824
17.669728350400508	23.6	-0.1436954369858832
17.669203359987936	23.533333333333335	-0.1423244888292508
17.669020337698882	24.666666666666668	-0.16528954232504142
17.66885111295466	26.533333333333335	-0.20054398513155602
17.66773830271746	24.2	-0.15602136542585962
17.667859234230264	15.733333333333333	0.05791786915942571
17.667504423470856	18.8	-0.031054923950328207
17.66736007316306	21.0	-0.0861874180324492
17.667073212114747	25.333333333333332	-0.17828343350930753
17.667846404292742	16.133333333333333	0.04539821044326607
17.666847724225203	16.666666666666668	0.02913133348865292
17.666777847059137	16.666666666666668	0.029129357527545637
17.66651447494519	22.333333333333332	-0.11667091536839001
17.666175764684652	21.4	-0.09557690667768606
17.667019334990005	20.4	-0.07179392326359325
17.667231214472725	20.266666666666666	-0.06852539805792991
17.66690708969633	16.333333333333332	0.03922248018751414
17.667096943296375	19.866666666666667	-0.05860242916823916
17.66779988861916	16.0	0.04953694313666552
17.667626288066295	16.533333333333335	0.03316553006960744
17.667008992202312	19.466666666666665	-0.0484643020797895
17.666423305728383	18.533333333333335	-0.023947951812181626
17.666345861275854	14.6	0.09503232483960634
17.66612918343817	21.133333333333333	-0.08936216960212853
17.665794737766838	18.666666666666668	-0.027547594911301487
17.6665955071293	24.333333333333332	-0.15873212194067604
17.667406316550935	21.8	-0.10470902623555564
17.668085433414014	14.133333333333333	0.1111507673920743
17.66887440254129	21.133333333333333	-0.0892850982700392
17.669062497342985	15.733333333333333	0.05795180602679716
17.669042944819537	17.933333333333334	-0.007423391810955493
17.6696801540003	15.8	0.05586190681827699
17.669270190434236	17.933333333333334	-0.0074169615916660145
17.669697137509537	28.866666666666667	-0.24060688489271922
17.669278198492155	19.466666666666665	-0.04840023526265066
17.668897943825883	22.8	-0.12679124752288795
17.669146264361213	20.066666666666666	-0.06353435148429297
17.6686895350091	22.866666666666667	-0.128233167751038
17.668700362378324	22.2	-0.11365556430070112
17.669090020679466	18.266666666666666	-0.016629026381337376
17.668640221836874	20.733333333333334	-0.07980561486230825
17.6678219485037	20.0	-0.06191433246882866
17.668381352607007	25.2	-0.17569169653136352
17.66844232029954	17.933333333333334	-0.007440387682089199
17.66879938755296	21.466666666666665	-0.09704413060654524
17.667963683989928	27.133333333333333	-0.21127445586415594
17.66775660678912	20.666666666666668	-0.07823021200775722
17.66758666797716	24.8	-0.16794957970618712
17.66778390355618	14.266666666666667	0.10650307665104693
17.66747000238614	18.933333333333334	-0.034585670684222726
17.666169971497037	15.533333333333333	0.06424302853511024
17.6659837790043	20.733333333333334	-0.07988031519819659
17.66578306424184	19.133333333333333	-0.03988004095631479
17.666022319063867	21.533333333333335	-0.09865751489802782
17.666136573183955	22.8	-0.12686813868507887
17.66714400076235	16.266666666666666	0.04127085365746781
17.66632659525558	16.6	0.03111878923733888
17.666687334352247	16.533333333333335	0.03313898585125064
17.666277002507442	22.333333333333332	-0.11667754489708308
17.66626635186067	17.866666666666667	-0.005639847256670457
17.666206625054485	21.333333333333332	-0.0940299991279805
17.666751546042157	14.933333333333334	0.08384696612977613
17.666722888455467	22.2	-0.1137108039762473
17.666189888832275	25.666666666666668	-0.18462841856704534
17.66593059776444	18.4	-0.020353541141707298
17.665882901302737	21.733333333333334	-0.10323683617987503
17.66672157603709	19.466666666666665	-0.0484724172990931
17.667212512416423	20.0	-0.06193151369548805
17.666778893945768	15.533333333333333	0.06426019123090417
17.667465814571628	16.266666666666666	0.04127994575018072
17.666475672201464	13.8	0.1228760320183311
17.66665949384221	21.8	-0.10472993050761477
17.66642120899871	17.0	0.01922382483559393
17.666381037062337	18.933333333333334	-0.03461645310805468
17.665778857927464	19.0	-0.03638873040832913
17.666413533087212	19.133333333333333	-0.03986222529113841
17.666539618138085	18.933333333333334	-0.034611970289484845
17.666436107340246	19.0	-0.0363701530401202
17.66603058095807	18.2	-0.014887887240173854
17.666630396696217	17.266666666666666	0.011449355304312871
17.666509163317034	14.6	0.09503690491574063
17.666969173640602	19.866666666666667	-0.05860603279642351
17.66683272400134	18.266666666666666	-0.016692889722315925
17.666388375503	15.0	0.08162482931546126
17.66664449133566	22.0	-0.10924431759310697
17.666298629581284	18.333333333333332	-0.01852893119683002
17.666859792867672	16.2	0.04331254216774454
17.66774104010291	17.866666666666667	-0.005598112910880448
17.668707158143327	19.066666666666666	-0.03805486001558526
17.668088874732703	23.266666666666666	-0.13676832114636278
17.668397225670027	20.133333333333333	-0.06520696463395705
17.669269392349293	16.8	0.025218677612651477
17.669660671353405	17.266666666666666	0.011535099290421813
17.669309681334447	16.4	0.037256689178820225
17.66890007910157	17.0	0.019293951569717725
17.66924991614034	18.266666666666666	-0.016624502930089432
17.668513988680488	25.066666666666666	-0.17311621396083884
17.66758899245653	17.333333333333332	0.009549910028425358
17.667112096230756	20.4	-0.07179131153581364
17.66642006613749	22.133333333333333	-0.11223469709375722
17.666437834158447	21.733333333333334	-0.10322129745084478
17.666375289932866	17.4	0.007596316634680523
17.666695685420123	23.8	-0.14790916452830302
17.667257842140273	21.8	-0.10471318211135221
17.66721114070615	18.266666666666666	-0.016682183013310082
17.667545826092496	16.733333333333334	0.027156645864476057
17.668463101412428	18.533333333333335	-0.023890257310292536
17.669387337943196	19.066666666666666	-0.03803564009754917
17.67020332545911	16.666666666666668	0.029226212494690842

Average Payoff: -0.0476