202.0	202.0	0.0
674.3485354487499	870.0	-0.12668867166983042
646.7999931260416	973.0	-0.20138289187446354
590.0549685176562	336.0	0.27434113217309775
593.7517631857747	299.0	0.3301609420898328
636.5575386614377	154.0	0.6104015394989443
715.1304479398534	539.0	0.14044029329578991
735.0522214841252	357.0	0.3461851128056341
726.6852407770139	710.0	0.011613706540195157
812.149962533737	317.0	0.438515679018094
867.4225000042504	471.0	0.2961863686563783
904.5769636642041	362.0	0.4283805715955312
931.1853371353346	290.0	0.5250516179955386
931.3814517160997	272.0	0.5479405144360329
926.507884884113	435.0	0.36100259891329856
928.5536675033126	867.0	0.034281162750708485
928.1183709072941	1149.0	-0.10634041477194384
944.3978459055902	814.0	0.07415719156459395
975.9892807790898	255.0	0.5856990731249728
988.8435547602822	213.0	0.6455445483626451
993.9118483250711	193.0	0.6747862947490921
1001.478104217987	251.0	0.5991945900615684
997.8056963697649	456.0	0.3726809557306622
993.6238972900635	371.0	0.45626043815186024
1003.946983660775	351.0	0.481898547717825
1006.001392634606	232.0	0.6252023602230722
1006.7828925111253	544.0	0.2984188791003221
1001.4379225922615	209.0	0.6546704360477937
996.9670510978651	997.0	-1.652429618470119E-5
993.4440620907536	176.0	0.6990022768847209
989.083714378731	223.0	0.6320386168800205
984.725002214252	312.0	0.518787716027319
984.6302635006583	282.0	0.5547240451674974
988.8236188256508	370.0	0.45541129124651414
995.0124117597201	365.0	0.46324019274540806
1005.2181136954869	279.0	0.5654943704272398
1007.9817551411126	480.0	0.3548307990450068
1009.6571801480598	285.0	0.5597290087752701
1013.7193661500564	634.0	0.2304514797548818
1012.2447776357803	911.0	0.052642689486586944
1013.1566788651654	534.0	0.3097014577842403
1014.9337684993477	512.0	0.32937497282126715
1015.673770037151	393.0	0.44202836972021514
1017.6941738106615	277.0	0.5720997196045017
1016.6211834360987	326.0	0.5143827551332303
1014.9695584445443	301.0	0.5425426096394245
1032.8233123659286	275.0	0.5794538950334064
1044.0931687202176	290.0	0.5652477551051489
1042.3237608734287	574.0	0.28974625765592654
1039.3300864012588	900.0	0.07184444122135408
1036.7606774681185	655.0	0.2256587959234635
1033.5450385127592	512.0	0.3374505598456254
1032.5920501010644	303.0	0.5462686379765858
1029.1191820005822	617.0	0.2503580460679162
1026.3069134307746	333.0	0.5100444252732645
1025.1552655365576	257.0	0.5991125148287709
1021.5933435029217	161.0	0.7277170535678696
1018.8687809600486	221.0	0.6435106627511397
1015.9559792845414	238.0	0.6204013475245063
1014.8892903548949	246.0	0.6097992077785673
1014.390729879912	388.0	0.44665920597860087
1011.7016676248841	195.0	0.6768049548090659
1011.8353618442842	203.0	0.6657983355179609
1015.5015732793041	170.0	0.7132015615470668
1027.4549301170612	268.0	0.5862457368921623
1030.1559902346332	388.0	0.4528105473985191
1042.4487656972494	244.0	0.6206611463959032
1041.0706093708948	736.0	0.17167050524733712
1046.1997344107988	234.0	0.6344320441408363
1048.4504874396741	515.0	0.34120075546060896
1051.2439577495388	235.0	0.6345949793052247
1046.7590176136703	728.0	0.17960692941978773
1047.1907650334122	439.0	0.40922792641612127
1048.1537677985864	289.0	0.5677385698493105
1055.2838661440232	483.0	0.37202747733326524
1053.6224934238826	586.0	0.2852013163392183
1051.7864022774172	854.0	0.10378204086305905
1055.7015732368984	427.0	0.4240243516194393
1058.4592783894009	374.0	0.47782110717938114
1058.8261159117571	366.0	0.48625310006225736
1056.4684111697109	224.0	0.6501280343255396
1054.319568488373	692.0	0.20747609717389787
1052.2188334450263	975.0	0.038091020155826875
1053.4175708856067	519.0	0.33987000703929776
1056.474586033596	260.0	0.6050056677761574
1055.6846409876225	310.0	0.5460152502325614
1056.3114326685647	215.0	0.6617665908207856
1054.8488785151544	158.0	0.7394564107715819
1057.9509283867858	345.0	0.5081795192983608
1058.147888498443	506.0	0.35300235518554207
1062.1113825701611	343.0	0.5117824761015014
1061.0242909374108	346.0	0.5081819095397675
1061.2535518399907	467.0	0.38884486878798336
1060.5894262513702	547.0	0.3194779822911469
1068.0587952606068	266.0	0.6012169764256347
1067.199675321558	358.0	0.49761425546321864
1064.6777650289973	190.0	0.6971333910653803
1065.5901313456334	415.0	0.4394127163027522
1065.8282634119887	375.0	0.4794660688957169
1065.7737210847285	669.0	0.22871785309073725
1064.7780606547558	584.0	0.291596590303871
1067.4943320609643	397.0	0.4578333404113529
1068.3856388427203	449.0	0.4081926327674442
1067.4706905164046	212.0	0.6686129638273541
1069.5117234340298	280.0	0.5850350980464266
1069.7844374950325	646.0	0.2469916547988619
1072.4054482437477	310.0	0.5515063972095394
1076.648557819067	258.0	0.6133813677188628
1077.256542803416	614.0	0.2739126389634094
1078.2736855034939	374.0	0.4849455667574991
1077.9390698396032	342.0	0.5182891896359575
1077.327543813193	676.0	0.22889479220772005
1077.0844417798319	299.0	0.5654336450265036
1079.53093942965	297.0	0.5684804583861245
1077.8723676347224	246.0	0.6283629660772928
1078.6788247230604	146.0	0.7615701405909172
1078.1977940139273	625.0	0.2660864143945817
1079.4224879977799	212.0	0.6716798693374395
1078.6799524782762	585.0	0.2967397375576193
1077.6580160393116	254.0	0.6185206758181648
1078.133999867577	224.0	0.655949387662437
1077.0820817453018	242.0	0.6330781786076491
1076.3217215063542	375.0	0.48322967341689005
1074.7222260583706	186.0	0.7049310369001326
1073.8834989047982	535.0	0.3349425233533863
1073.0990722728834	182.0	0.709983053894841
1071.9630409604538	255.0	0.6156637492850873
1071.9843604771434	291.0	0.5729958340855372
1070.7761505308367	383.0	0.4730963224838293
1073.376442798193	268.0	0.6004104568275619
1072.91866946626	679.0	0.22484986108759913
1072.9857224835391	413.0	0.44414001594880737
1071.7685309446224	631.0	0.25885405029191083
1072.1398358841059	282.0	0.5834994399734431
1075.4593913668252	357.0	0.5015565507105127
1075.539385643023	284.0	0.5822114416116365
1074.3569646580893	306.0	0.5566364240053001
1074.6618590602131	344.0	0.5150359505289281
1074.191272196122	667.0	0.2338578642669979
1075.7042992887898	285.0	0.5810992878482661
1077.1934752225657	411.0	0.4476524634157085
1075.877525634474	867.0	0.1075093632401055
1076.3912215315245	1150.0	-0.0330619244976363
1076.6028008525323	293.0	0.5721387254500104
1075.986925468441	194.0	0.6944850437283957
1075.4546970929136	784.0	0.15674202633093254
1077.5014628689862	678.0	0.22757113640685195
1076.189642546482	234.0	0.6427998017978557
1074.849469758444	192.0	0.6968858501608569
1073.5204825193787	186.0	0.7046495033920367
1072.6425588905354	168.0	0.7291725988342094
1071.286931397476	290.0	0.5739325878897692
1070.3694615736304	465.0	0.39428259889523615
1072.524253372998	148.0	0.7574812633325517
1071.1615798070075	738.0	0.1841524734582013
1070.6417151692358	474.0	0.38626544221218695
1069.6975561303325	255.0	0.6150064611806207
1068.751847336102	247.0	0.62454926360152
1067.7736560110925	217.0	0.6621973076974011
1069.1139569202578	271.0	0.5955567829130137
1068.5413215771598	296.0	0.5661545820277861
1068.3717356546158	401.0	0.4541884939397564
1069.5997450488549	272.0	0.5945139360620629
1069.3101056150604	220.0	0.6587322180414465
1067.702571439404	695.0	0.21143815041641373
1066.7092421605353	849.0	0.11364419890515481
1066.9300588168476	311.0	0.5485982789764547
1067.703245091346	888.0	0.09188676530674389
1068.351793004905	359.0	0.4969705411666984
1067.43198899227	359.0	0.49664617343078177
1067.254050024054	552.0	0.3182045769880273
1069.4717600021322	250.0	0.6210604765052402
1070.3663701820285	771.0	0.16257838474177988
1069.8399073630721	433.0	0.4237576499285879
1069.614020573192	417.0	0.43899358646003106
1069.6048221860242	571.0	0.30391524847626505
1069.7194752944326	161.0	0.7383644230355858
1069.377345613028	966.0	0.05079026050665417
1068.5705384642495	334.0	0.5237316187095806
1068.167562323503	211.0	0.6700979508630819
1070.3163284817003	143.0	0.764282410706621
1069.2543209442053	180.0	0.7118280929955827
1070.8384632080758	197.0	0.6892348580409512
1069.9883688378331	441.0	0.4162761155611115
1069.4527993704428	330.0	0.528387095086803
1070.8809769946583	327.0	0.5321490092768469
1076.8932248204758	336.0	0.5243801950530371
1075.9946164936102	298.0	0.5662282858713285
1076.1953184001356	421.0	0.43761512632851435
1075.3862750947544	614.0	0.2731088099249984
1074.910682983173	688.0	0.21947265208493044
1076.7556346123804	911.0	0.08338833593330669
1075.9352346839385	161.0	0.739679175618053
1075.2363347968294	1168.0	-0.04135260461157439
1074.4146135742085	910.0	0.08285295444285948
1073.3857685357548	161.0	0.7391415162036736
1072.923942671815	282.0	0.5837404726291635
1072.1054561493352	317.0	0.5435911671116191
1071.025938849715	180.0	0.712236182463962
1072.6830949541643	318.0	0.5426707908454428
1074.3613899443735	470.0	0.39133417468183535
1073.3468243864002	560.0	0.31429137812126906
1073.6247328665763	270.0	0.5981020691335973
1073.8273486303747	309.0	0.5530895446838683
1074.8154629462313	455.0	0.4051570126978224
1075.5166110958191	302.0	0.5615297883634841
1074.4904483446378	844.0	0.12014156679462001
1075.7153920165667	484.0	0.3793739518410047
1074.9771827013435	630.0	0.26098717755056844
1073.9541345828666	386.0	0.47121626514618326
1073.448643728375	186.0	0.7046326566371458
1073.66638771405	365.0	0.4925856291395506
1073.171022129321	206.0	0.677916406115751
1074.0750006023284	208.0	0.6755260029213891
1074.5774855207173	290.0	0.574960010586226
1073.656699420285	539.0	0.3315378279905961
1075.2151503327652	185.0	0.7063993399045394
1075.0013172469432	236.0	0.6399698506854414
1073.755679536098	217.0	0.6637628585481172
1073.271956831719	324.0	0.5362391717433987
1072.371335082632	214.0	0.6672811432225308
1071.3755710916635	945.0	0.06267461920461766
1070.4686946832128	316.0	0.5441656905607938
1071.361106567825	228.0	0.6490582966543509
1073.1512859175907	475.0	0.3863648800724704
1073.3828789303002	611.0	0.2745117423800611
1072.9363937524593	851.0	0.11535536958141995
1071.711736165193	942.0	0.06441425246505704
1072.3150843043404	526.0	0.3418068750456182
1072.2723418275639	340.0	0.5185064665926687
1072.1076505413234	521.0	0.34593246122072296
1072.620378534022	258.0	0.6122109593958796
1072.791034846021	326.0	0.5338832007371478
1072.4780134699415	859.0	0.1105257279560867
1072.4229707548159	659.0	0.23877641554829532
1072.332832990245	1056.0	0.007674003209027121
1072.7875013624175	657.0	0.24036912108275404
1072.0951480848305	394.0	0.4625178311043663
1071.8980462922839	265.0	0.6035598963811134
1072.6619655148406	525.0	0.34278963719234473
1072.6075865986734	569.0	0.3067770828484793
1071.9328901908882	226.0	0.6517539516750177
1071.3125099494528	267.0	0.6009900557380512
1070.9561420311943	212.0	0.6695132544993181
1070.171273878327	290.0	0.5735831132896846
1069.263574673308	347.0	0.5099782184540853
1068.7548951222684	224.0	0.653453255763825
1068.095226391748	532.0	0.33503957611363866
1068.242816412887	950.0	0.05858701215300007
1067.614292474417	326.0	0.5321517556752748
1066.6917064496843	480.0	0.3793203933293154
1066.3215927559281	197.0	0.6881237507066656
1065.5465097313859	686.0	0.21669222462701973
1065.1652133289986	169.0	0.7261306700678353
1064.7456990934957	286.0	0.5765302081776924
1064.2841250504025	400.0	0.4536579436231592
1064.5235809869414	711.0	0.19910948228039416
1065.0461450974626	274.0	0.5907534613304056
1066.5273775948779	262.0	0.605578320148259
1066.9192035944814	257.0	0.6117587851248972
1068.060603555086	298.0	0.5637089610453974
1068.5236597371409	296.0	0.5661489665089122
1069.1826932933639	252.0	0.6185236133061511
1071.1755659433366	489.0	0.37314747048440855
1071.401406802102	257.0	0.613068762673651
1072.3070999557563	387.0	0.4696112970166003
1071.7708558263723	417.0	0.4398063363907863
1070.9222700248856	793.0	0.1491061480912372
1070.8599756915683	270.0	0.5972733844028069
1071.2073850089084	503.0	0.36094823999678605
1071.8251742851385	651.0	0.24426458387442232
1071.2011584489335	372.0	0.48447934950412125
1072.6589284835025	400.0	0.4567649137714361
1072.4072199520676	437.0	0.4209647413586941
1072.3445620543125	193.0	0.6949447513542705
1071.692350271334	191.0	0.6974718347522151
1071.147906557219	305.0	0.5567336933091234
1071.1753590122955	181.0	0.710903111617256
1071.9662373765323	404.0	0.45256200342618547
1071.24806977819	241.0	0.6326914010386216
1071.0020079110052	485.0	0.3766074882497975
1070.662838403254	422.0	0.4345675538470215
1069.9994197233357	352.0	0.50492244213646
1070.475642113225	466.0	0.39341700287669146
1072.2721370865497	419.0	0.43806366446490874
1074.4864037045857	283.0	0.5830529142278082
1074.2463703972355	337.0	0.5224079833698467
1075.8127310013324	310.0	0.5526091035749015
1075.465877722816	292.0	0.5729326709252074
1074.7891409036954	507.0	0.358953748145793
1074.2997222621275	236.0	0.6397770739162413
1074.079592825354	532.0	0.3375172657986073
1074.640517851134	230.0	0.6474124529279043
1074.7327494548952	217.0	0.6640171891723378
1074.8003218793149	297.0	0.5669923745270432
1074.4365909552478	1114.0	-0.018078389480539112
1074.4027493366941	341.0	0.5181583472834086
1074.1886459197865	804.0	0.14385596809284815
1073.988500792669	293.0	0.5713204612473338
1074.278057227689	430.0	0.42829718490679974
1074.0591304004163	513.0	0.3535212517625985
1075.5598562032856	271.0	0.5974928277394183
1075.9410523885479	262.0	0.6083534479605559
1076.6526361836404	490.0	0.37446248302541646
1076.1423304190562	233.0	0.6440417598819576
1075.6705316342327	200.0	0.6864394135627097
1075.1888949280826	419.0	0.43916060222068903
1074.73156437779	179.0	0.7144524313083953
1074.40058005771	208.0	0.6756083812896596
1074.5901610813457	645.0	0.24982124857658095
1074.5050798149334	340.0	0.5192664842964242
1075.1597842546682	210.0	0.673192388101702
1074.6631421204743	371.0	0.48674073621905656
1074.1943953819753	414.0	0.443621073584626
1073.7391247172654	699.0	0.21138988782516585
1073.889214102787	436.0	0.42247418429426714
1073.2950416647639	321.0	0.5395522605936666
1072.5733533926764	292.0	0.5720274043546083
1072.6132637026917	232.0	0.6443390444436407
1072.5159733088149	224.0	0.6544585572234275
1072.200499229391	434.0	0.42371550106105393
1073.0749624933512	352.0	0.5059908997571175
1073.454172834695	407.0	0.45016872866696306
1073.6783998989984	288.0	0.5769926290651857
1072.8521162592472	301.0	0.5618160114356864
1072.7857624225467	295.0	0.5686458974722587
1072.087622598327	372.0	0.4847958057688141
1071.6307331296155	671.0	0.2298999584439309
1071.298754851199	540.0	0.3297332373972222
1070.9569314060338	318.0	0.5421024326822139
1071.2771370271137	270.0	0.5973986396302199
1074.071557444535	624.0	0.26504864030692415
1073.903663958846	271.0	0.5969971571015177
1073.99916682343	304.0	0.5587805750263518
1073.7784002852432	511.0	0.35511488557892323
1074.312765382487	285.0	0.5806704575163671
1073.7525498506063	171.0	0.7252465961680123
1074.1305688901753	306.0	0.5565636949175493
1074.0193744903397	178.0	0.7156593522005863
1073.9564524467216	181.0	0.7115437756471725
1074.8434364669672	159.0	0.7422687590651105
1074.259576021112	243.0	0.6310522171582902
1073.4954590603152	285.0	0.5804181779199508
1073.4155518765972	463.0	0.3972984724939994
1072.9820980302457	184.0	0.707235289526657
1072.3108742060995	461.0	0.39868684458565334
1071.8149244188774	208.0	0.6749530013576829
1071.4787421098724	949.0	0.06061867395940764
1071.0779833198367	610.0	0.27427519002377737
1070.4074066208636	478.0	0.38259143174320787
1069.9597400840446	273.0	0.5934353177513494
1069.287905292308	380.0	0.4756045384600688
1069.5925702864026	327.0	0.5317173999673487
1070.0233434892368	274.0	0.592268986506343
1069.540771761128	368.0	0.48801452142583196
1069.7930665631313	210.0	0.6718219445211523
1069.6471823075713	440.0	0.4170823419450391
1069.960481138071	451.0	0.4069536906540325
1070.2536384236203	525.0	0.3417974579656329
1070.9002000040193	753.0	0.17429692699376795
1072.6518648088602	524.0	0.3436264829556573
1072.466703348889	491.0	0.3719085939620002
1072.859941596967	309.0	0.5527766733828328
1073.4021686873123	244.0	0.6295740119463644
1073.2646151962308	508.0	0.35747629445694196
1073.7605547091905	949.0	0.06167836050526858
1073.3156620880104	480.0	0.3819672179770974
1073.6053087958837	1014.0	0.028552000967205657
1074.626368147009	207.0	0.6769729382217953
1075.5852401400248	171.0	0.7256505299536642
1075.429847829853	366.0	0.49217091549612096
1075.023627868645	229.0	0.6487793700881204
1075.4968657136437	138.0	0.7725581270144546
1076.6112043115147	246.0	0.6280085951214132
1076.3784154575637	223.0	0.6567589589804403
1076.1241771875655	308.0	0.5549532259080504
1076.5516884194353	1208.0	-0.057537902183122436
1076.829675926266	560.0	0.3157504311704253
1077.084982876671	635.0	0.25821439198296864
1076.9243353479533	271.0	0.5979002783861098
1076.7410101542446	377.0	0.4813381512020499
1076.4391527740202	363.0	0.49563689538325634
1076.9234381670767	635.0	0.2581443937938227
1076.485010738558	309.0	0.5539468163061801
1076.6924570796366	274.0	0.5942821793905302
1076.3949920489572	292.0	0.5732226415667077
1076.8375445612285	711.0	0.20462571986707687
1076.8394672691393	623.0	0.2669896046114582
1076.6869640224988	363.0	0.49572371067975135
1076.1111805855242	768.0	0.16707841903962412
1075.9365019201348	535.0	0.3357900831444148
1075.6347787459613	303.0	0.5604347073332707
1075.8679580918906	1012.0	0.030590037001314848
1076.0668970707625	342.0	0.5176532211471064
1075.6796728654479	344.0	0.5153836367809951
1075.2559113910092	342.0	0.5173772114813991
1076.5833392369625	502.0	0.3639866993114839
1077.1117447685433	670.0	0.2330198660661384
1077.1010227210263	408.0	0.450542429426847
1076.9907248122317	628.0	0.2633391010743935
1076.5701019757653	273.0	0.595426722034922
1076.2826660537598	339.0	0.5209437547267706
1076.1124635523606	560.0	0.3154504809722962
1075.9999357140932	205.0	0.6799375327279423
1075.7080031113098	422.0	0.43647226412178436
1075.8006086005403	176.0	0.7188050576253346
1075.161516171029	189.0	0.7009875754287238
1075.0336395467073	487.0	0.37645388976216354
1075.522229688619	401.0	0.456831747010587
1074.9780030120482	190.0	0.6995995194420936
1074.4309760040012	660.0	0.23894348160156773
1074.9038064643519	158.0	0.7436945215489228
1074.7352308440186	149.0	0.7564832714716668
1074.8222027371405	223.0	0.656347380204026
1075.4705047129758	323.0	0.5380667680706029
1075.176598468356	194.0	0.6942899826011298
1075.160185647102	1388.0	-0.12700749881222653
1075.1270441414931	632.0	0.2595747315129319
1074.7076967673067	317.0	0.5444445687318745
1074.5696359231388	410.0	0.4476513730593004
1074.7601103604695	352.0	0.5065743744250496
1074.5825052739533	431.0	0.4274641230351226
1074.6831207854132	648.0	0.24768520434035363
1075.0088926851108	695.0	0.21469321100903382
1075.3035854852185	328.0	0.5325316583060139
1075.866362839134	272.0	0.5963991572175426
1075.9282600355377	417.0	0.4413663252779826
1076.5434553802495	284.0	0.5825197660876966
1076.7599074276093	831.0	0.12882119310232687
1076.9414623781665	334.0	0.5265572542789448
1076.7682407906602	341.0	0.5189622814377175
1077.7812392808153	365.0	0.49403278880734275
1077.8471288883986	795.0	0.15102520890547988
1078.062055504336	304.0	0.5600776408132185
1077.6608628776996	329.0	0.5322255581534516
1078.4036952091617	175.0	0.7207603573072331
1078.1124129447378	648.0	0.24917983887907308
1078.5655166034471	173.0	0.7235462343681457
1077.9530461002928	199.0	0.688320568077692
1077.693155697348	326.0	0.5355110215123264
1077.1934065943485	242.0	0.6331091426165459
1076.691122306677	198.0	0.6893365042949388
1076.1863627477858	193.0	0.6958681472401651
1075.832215353834	373.0	0.4851025590856207
1075.4737690241332	297.0	0.5672048432500459
1075.1111137799396	385.0	0.47264287441342606
1074.7223854077624	267.0	0.6020041062088174
1074.4411891622121	569.0	0.30755051808082906
1074.6192106089734	765.0	0.16830614119673137
1074.4735230032165	235.0	0.6410771262315584
1074.5457995152424	613.0	0.2735011989883914
1075.1668044514602	262.0	0.6081266763012726
1075.4040411956553	390.0	0.46772359153344434
1075.6250383222323	209.0	0.6746132236797101
1075.1307259869	614.0	0.2729988383329404
1074.7407864930253	388.0	0.46948905290288073
1075.193173088481	287.0	0.5786207042143824
1075.4983005865706	381.0	0.47682740193165873
1075.0044684170723	377.0	0.4807178514939516
1074.6444746517702	350.0	0.508649342025418
1075.0435054383088	363.0	0.495147401831408
1074.6819584702862	357.0	0.5012858856146446
1075.117237285152	294.0	0.570526187248978
1075.3866134981315	330.0	0.5303783359959565
1075.1584643837866	251.0	0.6214630351635545
1074.7789964020567	688.0	0.2194143435969552
1074.5042025381422	190.0	0.6994869615796806
1074.1700323435914	432.0	0.42635958660283446
1073.8943559364623	231.0	0.6459483498428928
1073.9709369237444	317.0	0.5442032732889824
1073.9380645867102	284.0	0.5817187728861026
1073.4518587060186	634.0	0.25737291301381365
1074.7719625001105	327.0	0.5334476523317191
1074.2842058367964	632.0	0.2592089901107016
1074.7079968266842	336.0	0.5236434460486297
1074.8615756934173	509.0	0.35726706448174433
1075.0023221410634	431.0	0.42762372452752523
1075.381884220409	475.0	0.3872477422053366
1075.279828709585	418.0	0.44015851287402186
1075.061730051395	516.0	0.35137651763727357
1074.9267965946315	163.0	0.7366564800949605
1075.0387367817116	259.0	0.6117054282474256
1074.8165296188815	348.0	0.510829410882349
1075.0534158772375	224.0	0.6551335037308915
1074.9081914839087	944.0	0.06484108194523222
1074.5265774387342	389.0	0.46840733062630807
1074.2085317083088	218.0	0.6625931579142224
1076.0473576851546	409.0	0.4491758153254635
1076.7209791548482	257.0	0.6146120455226615
1076.36231737985	544.0	0.3285452344020736
1076.214416733366	441.0	0.41867148751526667
1075.881501259585	430.0	0.4289059270064355
1075.7562761307483	692.0	0.21708664328473562
1075.8526187051295	327.0	0.5338070505199188
1075.9280538062417	639.0	0.25477923277101355
1075.464280778281	637.0	0.2560428767477752
1075.3368134926366	482.0	0.3809945339710818
1075.2243273467661	894.0	0.09202827978005872
1074.6652636275244	199.0	0.6875160127501188
1075.0346630890238	308.0	0.5546026311270053
1075.8070812851886	175.0	0.7201806695558683
1075.5856432827632	739.0	0.18548898175665424
1075.9912457538705	886.0	0.09683592939828271
1075.763136520824	204.0	0.6811910045251087
1075.8851397624608	221.0	0.6591833876044279
1075.3311570909243	178.0	0.7159569536064971
1075.1044873983187	320.0	0.5412529987674877
1075.001284815641	166.0	0.7324740884137595
1075.0778825039188	192.0	0.6969404917390212
1075.3998299420239	316.0	0.5457811720256327
1075.2572832375174	210.0	0.6732171795657638
1074.7126324146072	176.0	0.7185604503566626
1074.6281741085206	289.0	0.5761307877216084
1074.620122504557	553.0	0.3204802615132921
1074.8317159785727	382.0	0.4755742948067194
1074.3890774690283	973.0	0.04952115774416699
1074.3679803934635	274.0	0.5935827548796512
1074.2714901193451	391.0	0.4663105060917368
1074.4678192218757	364.0	0.49390595307595825
1074.1453503911455	261.0	0.6090313314223995
1073.8236265513708	418.0	0.4396120391707629
1073.499010942527	443.0	0.4157595925833558
1073.6683243737025	791.0	0.15159174459009703
1073.7469238261428	1014.0	0.02861789575368967
1073.9211824223319	367.0	0.49060364372874793
1074.033300570753	1111.0	-0.01691814006660261
1073.4878976207233	326.0	0.5341152995260133
1073.3767351623203	903.0	0.08620660835107798
1073.1718366253558	476.0	0.3854781132131909
1072.9631075805626	753.0	0.1752297766872848
1072.8517892741313	182.0	0.709925902715128
1072.7425589360246	162.0	0.7375971228535362
1072.8519944011425	245.0	0.6281828292693327
1072.5233232412427	267.0	0.6013507262360457
1072.7004267848558	905.0	0.08479566698455242
1072.8663459361737	249.0	0.6232599449021408
1072.540300884217	168.0	0.7291502744727357
1072.5006969704561	315.0	0.5459461740267403
1073.003089015608	163.0	0.7362466138659599
1072.792279026754	212.0	0.6699855634864297
1072.690134447461	191.0	0.6977107048738442
1072.5600510402141	251.0	0.6207198913222959
1072.2558766334218	390.0	0.4665776267585889
1072.9364765597602	140.0	0.7691552645904745
1073.0960740300648	634.0	0.2572181382817307
1073.2809721431129	243.0	0.630777918783772
1072.752548115165	640.0	0.2526649565294162
1073.3420959440507	424.0	0.43366315399998867
1073.5149828025692	506.0	0.35929699241954294
1073.1850840896714	794.0	0.14952191213855237
1073.3346938261116	622.0	0.266221587672177
1073.0214881829033	285.0	0.5802717372589687
1072.9304650687302	355.0	0.5027769087020454
1073.190832730245	296.0	0.567627838393047
1073.4879690635316	401.0	0.45608237108278227
1073.5533754243047	301.0	0.5620395608033982
1073.3401910323187	316.0	0.5451078115501673
1073.5457470374524	516.0	0.35075791186041005
1073.90226418703	245.0	0.6284789151514305
1074.1997885976987	326.0	0.5343521650913985
1074.867268555406	444.0	0.41535378476845025
1074.5456878411428	560.0	0.31479431359348464
1074.249631126647	794.0	0.15000652292790373
1074.6918105055822	360.0	0.4981500593174268
1074.5566923539202	248.0	0.6249688176941538
1074.2293874453644	243.0	0.6310437615254327
1074.1410912635313	446.0	0.4132123622429182
1074.4292742196335	203.0	0.682174185143815
1074.5618149680668	545.0	0.3269784518712602
1075.103165661	239.0	0.6362538250491439
1074.8085140508915	358.0	0.5002821430927311
1075.3500878749812	330.0	0.5303661303369748
1075.1618519964115	1009.0	0.031745064296726924
1075.7973557229436	339.0	0.5207794266384174
1076.3722330112078	350.0	0.5092445128981281
1077.0573777278596	627.0	0.2641092862306978
1076.9504128052724	268.0	0.6014722960067939
1076.851307824816	148.0	0.7583380136764035
1076.5380742345328	212.0	0.6709449193017591
1077.0603354810771	173.0	0.723213360044062
1076.676120450772	894.0	0.09269718070617648
1076.5695409432817	334.0	0.5264324227834295
1076.7511611542025	233.0	0.6442072251424132
1076.6303194010372	185.0	0.7067286713784283
1076.7763008682207	291.0	0.5744918232385187
1076.8973366422847	265.0	0.6050368492971498
1076.5193511430307	422.0	0.436777376711072
1076.4309385897147	497.0	0.3682595304176907
1076.5427551965195	298.0	0.566401264895693
1076.6866480833576	533.0	0.33775930783219293
1076.8235240022789	609.0	0.27750444654588086
1076.9507592114053	944.0	0.06578624372979971
1077.2467343911644	525.0	0.3446702199714652
1077.0545794831103	476.0	0.38701446003472334
1076.9260905402728	222.0	0.6581791656711403
1077.0161193024899	290.0	0.5757182436912734
1076.9100051304922	437.0	0.4226869516430304
1076.7122216215776	250.0	0.6231285188668318
1076.768952208426	243.0	0.6317537253874965
1076.3059729186496	456.0	0.4048186092606073
1076.551743871435	144.0	0.7640411384063894
1076.378265635564	166.0	0.7327705987916985
1076.250289083937	178.0	0.7161651042871111
1076.059549937751	416.0	0.44238150546021354
1075.6013458882871	189.0	0.7010915722737243
1075.1391492300668	998.0	0.03720886234709094
1075.0115871757375	328.0	0.5324343676159311
1074.8220610833725	288.0	0.5773476109257359
1074.5525449214504	280.0	0.5865793452608559
1074.4437761093693	840.0	0.12246051779374684
1074.5357267016934	798.0	0.1476798133986937
1074.496363900626	317.0	0.5443753814614515
1074.1422040089724	1100.0	-0.011893332433981354
1074.7311944976416	643.0	0.25133804164504525
1074.6192317534374	320.0	0.5410933784447128
1074.3466188012292	329.0	0.5311208284649742
1074.242948828846	349.0	0.5095707302998633
1074.3275641239602	421.0	0.43691267371688763
1074.365043078493	743.0	0.18233268233066877
1074.6723326440608	451.0	0.40878524129962285
1074.3897111160954	783.0	0.1568812992621785
1074.7254103026867	412.0	0.44576181029135736
1074.4420460080335	402.0	0.4554476403771927
1074.0958362465915	432.0	0.4263313268608372
1073.806402502079	295.0	0.5689675333768729
1074.0555420054002	164.0	0.7350684287809042
1073.7656050046041	465.0	0.3956194517376041
1073.60585072521	186.0	0.7046695204013038
1073.2610591744049	690.0	0.21735922606596642
1073.3268933608636	175.0	0.7196247218084865
1073.6243337079682	212.0	0.67019914847356
1073.342756872822	610.0	0.27525158199722954
1072.9982873079045	245.0	0.6282240995920744
1072.7536068184284	330.0	0.5294968433573024
1072.4060514807863	210.0	0.6724906284440653
1072.3123753573982	549.0	0.3227708511396766
1073.5008536482192	924.0	0.07484394981617756
1073.381903134962	305.0	0.5574521120651474
1073.200754917966	174.0	0.7209751528550914
1073.0170960832406	204.0	0.680505451922779
1073.0992956310113	352.0	0.5059993348124701
1073.0243441266487	222.0	0.6571493022400061
1073.3925813947303	212.0	0.6701396863984279
1073.867398101286	268.0	0.6005566565232685
1074.3876130501696	236.0	0.639801234917558
1074.508792572338	257.0	0.6139717568015418
1074.0686166370542	307.0	0.555416731215637
1073.6250947797018	242.0	0.6321140407548668
1073.4496205055711	521.0	0.3464829577559179
1073.6207822505742	307.0	0.5552725209603844
1074.2414860722133	998.0	0.03679179602601415
1074.8903835184412	296.0	0.5681638684483219
1074.7333094343828	503.0	0.3623763953106556
1074.8910951579692	391.0	0.4665360867645293
1075.0422171031605	917.0	0.07933678099101053
1075.321129464566	330.0	0.5303564529400742
1075.2156178652335	460.0	0.40073564306277093
1075.1229884496151	196.0	0.6916112732111617
1075.507231356197	456.0	0.40450819863749793
1075.3462721358953	578.0	0.3008119233809337
1075.0977503522279	188.0	0.7023191594671525
1074.9168201380512	274.0	0.5937481156592618
1074.9750509434211	151.0	0.7536654601840366
1074.7931078323556	211.0	0.6717978985659478
1074.975939361774	312.0	0.5501003425573932
1075.4389976235366	494.0	0.3704756913164249
1075.3548377807692	1208.0	-0.05809222466191493
1075.443236738321	355.0	0.5036503499300446
1075.3658669201916	347.0	0.5120805299534511
1075.8343725599718	394.0	0.46388517324740397
1075.8912820218434	351.0	0.5080213826765441
1076.125041347314	309.0	0.5538308950079552
1075.960881830564	185.0	0.7065729751561658
1075.860521450225	416.0	0.4423071138103314
1075.6889909777576	737.0	0.1868434092464312
1075.442632874884	200.0	0.6863833859007923
1075.27050900811	242.0	0.6325735703561399
1075.1675536138905	526.0	0.3429794417045239
1074.9121081812332	244.0	0.62999808935491
1075.017337272723	246.0	0.6275597707023681
1074.7615357460713	414.0	0.44383302488732035
1074.668484524492	703.0	0.20907637602852
1074.4251636136971	356.0	0.5022458929614553
1074.5268837944066	535.0	0.3352083703768214
1074.2831096200655	350.0	0.5085246779436088
1074.0293857721779	427.0	0.4310571078122665
1074.4710772190133	477.0	0.38509971986714087
1074.6035285263122	302.0	0.5612389569808841
1074.7185403267727	296.0	0.5681097303470704
1074.9279253717216	528.0	0.3412055630916082
1074.5238968723693	336.0	0.5235812725398968
1074.7541192762221	212.0	0.6704887175814965
1074.583542362518	672.0	0.23049773033929027
1074.8138569401206	169.0	0.7282551580254086
1074.705398525199	350.0	0.508670353376485
1074.5865540367113	217.0	0.6639791590864887
1074.5447286425724	212.0	0.6704350882169791
1074.4401038611431	181.0	0.7116549018255365
1074.3488316264013	298.0	0.5657080865557578
1074.4074106940782	312.0	0.5499158507183639
1074.2871841118051	196.0	0.6914083642636374
1073.9801917046766	245.0	0.628500865227768
1073.8648197707878	302.0	0.561003383965713
1073.6439354886631	549.0	0.32332659310784984
1073.6187786479816	317.0	0.5440878479892227
1073.6992712424656	427.0	0.4309319552791196
1074.109192850146	477.0	0.3849562594319775
1074.080285842014	951.0	0.060777978385601714
1074.012200763608	844.0	0.1199221781133793
1073.9238797350529	419.0	0.4386853801623706
1073.7776585569482	711.0	0.20326210204259612
1074.5128928673316	277.0	0.5900890010566978
1074.6282587550536	512.0	0.3546062259073334
1074.5356884067821	311.0	0.55107616122452
1074.440549137752	661.0	0.2382337725963408
1074.4852438188227	469.0	0.39228443954589287
1074.397907171865	275.0	0.5924108099791578
1074.356641287919	396.0	0.461355172098744
1074.3118947731841	430.0	0.42831004462032235
1074.704651989254	456.0	0.4041959702580152
1074.5468766861807	221.0	0.6588313337371695
1074.1657197862642	733.0	0.18878496645377618
1074.0076227060777	221.0	0.6586892677308056
1074.1204322829049	343.0	0.5159197592720536
1074.0126762907387	177.0	0.7170292462186615
1073.718148267834	554.0	0.31929247014963963
1073.4226339091203	815.0	0.1368457617848891
1073.3172644858323	269.0	0.5992005658914935
1073.1034043437157	345.0	0.5134346353823717
1072.998808588842	206.0	0.6778730384787676
1072.9063095932763	204.0	0.6804777320507115
1072.9675349327385	150.0	0.7546950418299537
1072.8592534842549	227.0	0.6507314166644894
1072.7647291198446	281.0	0.5848613958458007
1072.4741415402189	209.0	0.6738131606014298
1072.2495692394969	794.0	0.1490955839056855
1072.3392355857225	621.0	0.2665379896129349
1072.1131349639152	235.0	0.640428982443838
1072.317063271125	306.0	0.5559802484433038
1072.828686849122	320.0	0.540503433018875
1072.6834569035675	584.0	0.29497696428800213
1074.128257461206	302.0	0.5610874228290983
1074.1891858173703	418.0	0.4397493240496394
1074.301214340477	353.0	0.5053601910328183
1074.378333928409	503.0	0.36223290357070514
1074.2833169330643	607.0	0.277932524653528
1074.4653688393958	290.0	0.5749250854982536
1074.5390516785346	341.0	0.5182047438456113
1075.0401211482344	318.0	0.5434445926253959
1074.9431131315089	637.0	0.25581639353098456
1075.6445426642201	295.0	0.5695455811955632
1075.4940538135068	331.0	0.5293261296021252
1075.3826101156644	161.0	0.7395628203069948
1075.3619656952376	952.0	0.06084851535277442
1075.2461611564847	384.0	0.47370085977040155
1074.9649219736475	540.0	0.3312548246062628
1074.6020102998637	215.0	0.666563795213056
1074.4968287606491	403.0	0.454482754676308
1074.6819358460673	348.0	0.5107831325727141
1074.4420321969374	510.0	0.3562402541254853
1075.2149636557695	239.0	0.6362847683073544
1075.6096904226054	417.0	0.44124709537168555
1075.790827746771	283.0	0.5834531787805961
1075.9667194996268	854.0	0.11501064617175112
1075.886235886613	612.0	0.2748326433522593
1075.9910950579504	528.0	0.3416422302756937
1075.8479023857897	478.0	0.38475316758342276
1076.5215247575895	294.0	0.5709662421361807

Average Payoff: 0.4687