162.0	162.0	0.0
337.17426772437494	190.0	0.2791757427001782
491.9871304252084	223.0	0.37621254842061236
505.76140158656244	166.0	0.5057769035019216
593.7517631857747	234.0	0.434613104055732
713.9639700118544	245.0	0.48903189762808
793.2853358070854	292.0	0.4618926647841404
877.4006119280315	198.0	0.6317651342135359
987.061223076236	337.0	0.4909600944025284
1012.7709198305996	392.0	0.4419018866830315
1057.3184272712278	342.0	0.5111906006027167
1040.5328777047189	300.0	0.5524167963509189
1041.8312644059156	338.0	0.5100850245692535
1059.4105485460677	307.0	0.5506474970840001
1052.8933039486544	342.0	0.5096399143477587
1066.620240232247	397.0	0.45750955188074727
1066.5398719319235	266.0	0.6007624152899054
1091.5985882242517	230.0	0.6519366741923712
1098.9539904654623	172.0	0.7293371730364396
1093.421289249572	301.0	0.5682796837360573
1121.5574725354222	239.0	0.648673422733669
1130.636944924839	262.0	0.6237353878125929
1139.156571009656	229.0	0.6652429921364844
1150.5898037434772	304.0	0.5820127444622022
1151.5640050462423	194.0	0.71164508076547
1163.8164338914232	198.0	0.7092119098104724
1170.5173301842713	218.0	0.6859959969371516
1167.2841091251933	248.0	0.6495403313002754
1167.4786957119472	217.0	0.6865246093390971
1167.333217416367	199.0	0.7087094166146469
1166.1404828377604	224.0	0.6777304124792654
1161.1084209467665	294.0	0.5959064001447962
1153.5388557902832	374.0	0.5103234217809688
1147.8899667917633	385.0	0.4976808403204838
1150.3899602410406	434.0	0.45215507433034535
1150.6778744262	346.0	0.5376426605723021
1148.186561251729	398.0	0.4851850223328864
1144.6078035926926	321.0	0.5619564808359752
1140.201034192459	391.0	0.4892897911263367
1135.1587368006797	370.0	0.508357502828624
1129.627546605395	365.0	0.5115840052205787
1123.7213551246537	455.0	0.42358415749171413
1122.8469350693413	471.0	0.40897712366650957
1120.8652852382368	328.0	0.5472318878203132
1125.0186557842178	422.0	0.45443450417076076
1127.484103513795	502.0	0.3838540690056506
1131.561920236085	513.0	0.37612564940533666
1129.1120636728986	435.0	0.44377387004033597
1129.3644230571888	297.0	0.5835566350380123
1128.0511124639431	215.0	0.6798334806401166
1125.974106385813	259.0	0.6259857873070586
1123.2949986755264	348.0	0.5269473486781742
1123.4074511571685	268.0	0.6147785470357846
1119.9721371751282	201.0	0.6956786682422623
1121.084175598417	279.0	0.6014525342653041
1121.9869602817282	311.0	0.5659416189818549
1125.132685274919	309.0	0.5690775293350689
1127.1729242161766	365.0	0.5107805615870817
1123.6020509858604	224.0	0.6675576445789332
1119.8046238991628	220.0	0.6715939084315957
1115.8200868431716	230.0	0.658200970176481
1117.2700775688697	305.0	0.5711081814765506
1113.1741262285639	220.0	0.669960591535989
1117.9568962257376	318.0	0.5570897694271608
1113.8455457647765	401.0	0.47057308763771905
1109.6300150908291	281.0	0.5958666259887301
1105.329884035196	297.0	0.5764192100857407
1103.9265207298672	408.0	0.46029123187409643
1106.4631336339303	327.0	0.543762246370394
1108.351242558086	308.0	0.5650796345633613
1107.2387243929886	291.0	0.5837620644839019
1106.742634552277	312.0	0.5601739280944917
1104.7850180307983	333.0	0.5367874948981185
1100.8443836264978	429.0	0.4391586430731536
1096.8589324987988	422.0	0.4443196916177945
1095.417194216882	334.0	0.532676672211174
1091.4672128713048	358.0	0.5060253908181557
1089.8487268773165	367.0	0.49617281021805687
1090.5473330125378	374.0	0.4892619834543808
1090.722204316952	301.0	0.5674424119032737
1087.5948718982334	252.0	0.6237668487892749
1087.012349002509	367.0	0.49518998204964115
1087.2360451575578	177.0	0.7199889993993313
1087.0447804949047	140.0	0.7718094690178565
1086.1867317558065	134.0	0.7803614864633405
1084.8142601891946	143.0	0.7670657449800835
1083.2468697340203	263.0	0.6092841425852878
1084.5509044089338	309.0	0.5565285788665747
1086.2363325749182	529.0	0.344987492750738
1087.2067584821984	381.0	0.480999528439891
1086.0386001329177	397.0	0.46461272152401323
1084.2889786450223	400.0	0.4610213971067117
1082.9718786753888	332.0	0.5307327233799185
1082.688308388235	392.0	0.46836223252025705
1083.3821553534822	492.0	0.3753896496439549
1080.8082181251177	322.0	0.5409208531293612
1080.936322491191	305.0	0.5598643385696552
1078.3404535108973	273.0	0.595956741632765
1077.9232761628587	310.0	0.5532894284228076
1077.2780151664576	177.0	0.7177659213352153
1080.2512433872819	371.0	0.488717061652164
1079.8891535641092	332.0	0.5297081231031285
1080.3308465695143	305.0	0.5596719718538434
1081.6007248758756	363.0	0.4974389895433701
1083.2628242675607	495.0	0.37272804961401873
1081.9011777747237	389.0	0.4710725562290937
1083.3333957728428	452.0	0.41120280292935835
1085.002938688603	401.0	0.4602971642116908
1083.7513557167456	473.0	0.39232428060777175
1085.1926796489806	395.0	0.4662856999216183
1084.8834008746421	326.0	0.5378781835580397
1082.6684954370867	419.0	0.4419540647311206
1080.414256983568	252.0	0.6217392621263317
1078.1249539877526	350.0	0.5098468113414093
1077.2339837880838	246.0	0.6281836727080357
1078.074720635222	198.0	0.6896733446746177
1078.7326592147078	272.0	0.5972556106577952
1077.6681567463534	174.0	0.7219710367126315
1076.5053839592754	297.0	0.5675299078277132
1077.7422004600082	302.0	0.5622370615332158
1076.6357590586465	333.0	0.5275375246973344
1075.4407018449724	386.0	0.4717541402635078
1074.1651220490407	300.0	0.5633712496607904
1072.8162695853493	204.0	0.6804551996094947
1071.400666791375	377.0	0.47942581269979156
1070.4094239479512	359.0	0.49769465069222574
1068.9569100433462	239.0	0.6345445355809475
1070.2110227937721	260.0	0.6090845804992118
1070.5064682687562	382.0	0.47401266934761926
1072.880940148857	396.0	0.46081402627517354
1075.0070018377778	435.0	0.4238437312269726
1076.8929773117122	461.0	0.4004784379653736
1078.5487515075906	414.0	0.4452442513762747
1081.3450890982635	384.0	0.4758913748620075
1082.648238195527	331.0	0.5317081137206947
1083.7731680421864	447.0	0.41598140164463454
1086.04854287	416.0	0.44608980585256064
1088.0962193948476	402.0	0.4604375277681615
1089.933816649079	363.0	0.5003213555353928
1090.7083291792496	382.0	0.48122789498597973
1092.0910935535187	438.0	0.42748506694097704
1092.5220140590843	404.0	0.4600814472428474
1093.2796826489782	333.0	0.5330509099287862
1094.4454058762262	371.0	0.4936692987506145
1094.7214958843347	374.0	0.4907135205033407
1095.8489346174313	258.0	0.6188644192080334
1096.4333644046196	305.0	0.5647313561289798
1096.5753764328815	367.0	0.498488419647404
1097.4467808035333	388.0	0.47759824853487326
1098.1919512553172	407.0	0.4592051868725906
1098.8141081430945	224.0	0.6613280753190017
1099.7791514918788	305.0	0.5657680430748289
1102.2508629466586	279.0	0.5960183519381815
1105.3109040799407	433.0	0.43704487974233525
1108.0586592966554	297.0	0.5772418496055214
1108.1790319372485	169.0	0.7353542521855253
1110.0370257841714	295.0	0.5800822404158976
1112.464535392193	262.0	0.6187606253147299
1114.9846609190088	287.0	0.5905803993434994
1114.0881289110498	233.0	0.6540686611374847
1114.3616554482087	446.0	0.4283376569236598
1113.2190962956931	359.0	0.5123008512750667
1114.1045831472445	356.0	0.5156807153979965
1116.6417400897178	504.0	0.37802416470885314
1115.310687797279	519.0	0.3648698452807559
1114.128185302896	499.0	0.38132628944636154
1116.3799232161612	432.0	0.44199741481704713
1118.4214811038187	477.0	0.4020388898487443
1120.4026968212638	381.0	0.4924746028408705
1122.3780171450899	359.0	0.5153161504423234
1124.5965166963406	554.0	0.33992475917877885
1125.9163601623438	425.0	0.4519369181771831
1127.202141994665	414.0	0.46275704046947386
1127.7132866418763	423.0	0.4544446047585995
1128.1385813293705	405.0	0.4716720263489447
1129.5042863174247	539.0	0.3539123580082216
1130.1446441420967	355.0	0.5219320873556151
1130.8689055915115	327.0	0.5513999938597717
1131.9674472061602	395.0	0.4826346812792664
1131.6466261754367	306.0	0.5743042908756374
1131.2769175338651	391.0	0.48629583028371487
1132.0584348157	310.0	0.570059031568136
1131.6548137084276	337.0	0.541076641216927
1131.4978387759963	322.0	0.5569308857436498
1131.595983845409	387.0	0.49031868368302484
1132.63913955653	514.0	0.37569806565094815
1132.942754191448	337.0	0.5414787425713471
1133.8340899889408	382.0	0.4959870575244986
1134.8191986969225	338.0	0.5410163035638785
1136.3413837525407	398.0	0.4812106298969648
1137.9490350778492	403.0	0.47694571225109944
1139.2497166621906	459.0	0.42562167198930256
1139.5392393512204	409.0	0.47176023751086144
1140.8482057198717	371.0	0.5092099873567041
1142.803991788029	274.0	0.6132139638395461
1143.9540194724932	244.0	0.6484033381844525
1144.2282493966757	288.0	0.5978294659090552
1144.9521148895822	261.0	0.6287213522624163
1145.9680581948148	306.0	0.5785031244000781
1145.7686838221455	315.0	0.5687202176654103
1145.7822319606555	470.0	0.4182384349781059
1145.7429096415635	433.0	0.4514623028795639
1145.9332163479921	508.0	0.3857067565016901
1145.854777207677	404.0	0.4786608320453434
1146.2069039869677	444.0	0.44158209993076636
1146.328460134797	496.0	0.39597953510555384
1146.0557229993692	333.0	0.549712705448702
1145.9417608194456	435.0	0.4496950984778496
1145.6209500719756	372.0	0.5097590080285103
1145.6070064563924	309.0	0.5751429786485585
1145.2049867492158	218.0	0.6801654892418543
1145.5879335536886	271.0	0.6173905006798096
1145.8474857256329	282.0	0.6049998297168447
1146.1504724230945	287.0	0.5994837869121228
1146.4899421248533	243.0	0.6502313652902064
1146.6819302286171	264.0	0.6257129345135714
1146.8234882345487	323.0	0.5604914432440246
1146.5087209955445	280.0	0.6074331746046514
1146.5861144904318	239.0	0.6550196375374395
1146.6715175133209	207.0	0.6941650949703712
1145.9825921333615	319.0	0.5644999446232867
1146.794669407873	275.0	0.6131649584612274
1145.3415712913188	297.0	0.5881696736590656
1144.9653548436509	268.0	0.620655950152925
1146.809035068052	351.0	0.5313154190126079
1148.161475660847	350.0	0.532760646050369
1149.0093408295897	338.0	0.5453962652158827
1149.5184240430592	316.0	0.5687532891900164
1150.293804059138	334.0	0.5499543296797423
1150.3811089105072	380.0	0.5033916744169358
1150.4264134710918	338.0	0.5458290756722524
1150.8069571912301	372.0	0.5114285520652698
1150.1580326173648	348.0	0.5354295175495942
1150.195110710851	376.0	0.5072713870445152
1150.181762011838	355.0	0.5282961713201944
1150.7840158432207	362.0	0.5214121828247604
1151.8636974788924	335.0	0.5493870748636586
1152.5440011532842	327.0	0.5579719160158697
1153.7543310256362	328.0	0.5572815369833055
1154.2641160689273	333.0	0.5521978962550763
1154.6273883944168	180.0	0.7302617920698546
1154.9220984587441	282.0	0.6074943794065443
1156.169478814324	202.0	0.7025408048834302
1156.5899039750448	207.0	0.696389655868575
1156.1436850631576	329.0	0.556945225827077
1154.6919565415699	293.0	0.595217755163943
1154.2138422541695	274.0	0.6163039568814961
1154.6472870356622	291.0	0.5974121729281515
1154.9885017534434	235.0	0.661867706526274
1155.933463870094	211.0	0.6912797797741935
1156.2283150803378	199.0	0.7063225468570536
1156.4807842453808	351.0	0.5343224223243355
1156.3180419400035	290.0	0.598981701685735
1156.5371269841296	275.0	0.6157975999136643
1156.7609216650274	271.0	0.6203846233808319
1156.1470919423905	332.0	0.5538075479263814
1156.1629575462737	357.0	0.528140709208337
1155.539955507505	298.0	0.589966551836612
1155.7060463085968	390.0	0.49537623802224895
1155.663720201118	310.0	0.5769834570818716
1154.293648058998	283.0	0.6062043405226496
1154.554832424274	256.0	0.6370222637002757
1153.1594017579903	355.0	0.5292274814105283
1153.2451115593183	310.0	0.5762842499167536
1152.459012652762	370.0	0.5139442219133311
1151.055973518475	348.0	0.5357077972436216
1149.6365529105854	348.0	0.5352677532827593
1148.8346644136936	358.0	0.5248317437145009
1148.1592420170361	445.0	0.4413615560028977
1148.9761801857544	329.0	0.5547966138958332
1149.0110935857028	389.0	0.4941518931530077
1148.9008505490378	416.0	0.4683369238964265
1147.495972809501	228.0	0.6684832169529342
1146.7766005408996	199.0	0.7042599790782257
1145.3562499791951	272.0	0.6161868267007782
1144.6232646338938	245.0	0.6473864446065575
1144.4209700410565	232.0	0.6628938311030239
1144.6620158262372	304.0	0.5803023801564713
1144.5208130879905	345.0	0.5367637740022371
1143.9222936772337	142.0	0.7791468416121231
1143.103358363295	429.0	0.4542343571524093
1142.568245186715	322.0	0.5602799650227992
1142.50411078745	389.0	0.4920026694541632
1141.7604234804642	384.0	0.49664443501025607
1141.0062551678163	460.0	0.4253613956657738
1141.3355081900402	380.0	0.5004389262535616
1141.6559603893973	424.0	0.4583739841611868
1141.831489179599	525.0	0.37006229674914437
1141.373087936033	214.0	0.6842197887728758
1141.462049387797	253.0	0.6371360552822887
1141.6201262500197	299.0	0.5849009818038478
1141.6686426467954	253.0	0.6371898065767682
1141.9639060057043	248.0	0.6431562014978218
1141.9789877148776	363.0	0.517601238338656
1142.1231799926531	367.0	0.5136248586390587
1142.085143631194	333.0	0.5485006388441291
1142.3417174095846	379.0	0.5017555942062379
1142.3848483353395	390.0	0.490989485541227
1142.1875499997677	343.0	0.5381054736150278
1142.4087996679807	432.0	0.451222579432861
1142.3904595700897	395.0	0.48614225157809765
1142.8626408119444	374.0	0.5068769050837646
1142.968462191742	465.0	0.4216304474452421
1143.1425495874892	354.0	0.5270991394940471
1143.5158584177811	313.0	0.5702072199337217
1143.4769577502946	277.0	0.6099901536752788
1142.824032596409	173.0	0.7370469064033842
1142.3744434802115	196.0	0.7071073779766208
1141.8205063656994	217.0	0.6806053500320096
1141.9437003661253	284.0	0.6016673029558177
1141.7457091963608	154.0	0.7622990392219583
1141.2663765660036	248.0	0.6429770356740256
1140.6141093084261	274.0	0.6126152026944611
1140.1243954089505	310.0	0.5724504725505611
1139.9174504549162	251.0	0.6390871364538457
1139.55828537663	384.0	0.4959168891854064
1139.7722879693908	419.0	0.4623974223382809
1139.847285151064	325.0	0.5562677375389558
1139.6308704612627	172.0	0.7377310890227636
1139.6888015142192	229.0	0.6653731662790683
1139.800574120613	332.0	0.5488519221452718
1139.8411003621477	363.0	0.5169149953211608
1140.3601415967714	467.0	0.4189230055983889
1140.6002910248565	507.0	0.3845594677764582
1140.9126335977523	406.0	0.4750834776547914
1141.3870249044169	488.0	0.40100173557153856
1141.63290747506	385.0	0.49562203445913916
1141.7996323849854	474.0	0.41329359098769336
1141.8344056566027	389.0	0.4917804322105619
1141.929331828905	448.0	0.43645294035218163
1142.0033051386217	470.0	0.41687464473333313
1142.0050305326001	365.0	0.5155955121516708
1141.864276519637	362.0	0.5185735765493821
1142.0542190840742	350.0	0.5308481481124002
1141.9886624572607	363.0	0.5176043394143395
1142.1478477464316	409.0	0.4726485929833043
1142.1067403276377	336.0	0.5453643626230645
1142.2123154036983	323.0	0.5591082649192635
1142.2977535336588	333.0	0.5485657058686728
1142.363606426544	218.0	0.6794974535188414
1142.086468238017	292.0	0.5927721145590833
1141.6264119863388	234.0	0.6597913532902946
1141.5255467208117	160.0	0.754134676183469
1141.21295882839	277.0	0.6093675519241701
1141.27795231953	193.0	0.7107049551939523
1140.9421685920943	282.0	0.603638143243699
1140.2647891549484	250.0	0.6403562804004282
1140.095260092639	347.0	0.5333183968612965
1139.4109724595114	216.0	0.6812774805739559
1138.9414384656454	189.0	0.7153488933693072
1138.462857259511	224.0	0.6711836967789951
1137.9253990419893	345.0	0.5347034986077122
1137.5050830369985	387.0	0.4922942477449151
1136.9618400807897	316.0	0.5650264290734169
1136.5560941540123	296.0	0.5867526567260865
1136.4316003724728	431.0	0.4500557473798788
1137.1076000879116	476.0	0.40983478104739096
1137.138019719678	466.0	0.41864019907470723
1136.8268640239764	435.0	0.4465039248834666
1136.9534365942848	284.0	0.6002683934799637
1137.677573580602	314.0	0.5673970505371788
1137.2106402264797	428.0	0.4531087522659952
1137.2493341903216	496.0	0.3926218249513134
1137.0858830126078	524.0	0.36908740799162787
1137.9693286743457	553.0	0.3459372791420995
1138.9134511475781	418.0	0.463040158472652
1139.751459128143	437.0	0.4456957721902005
1139.2651607200214	368.0	0.5116983931026361
1138.6087713415536	349.0	0.5307906127963131
1139.4106844439732	287.0	0.597591348508617
1140.1634093763653	465.0	0.4206197359299876
1140.9674060347388	378.0	0.5022934679200679
1141.2096170303428	333.0	0.5482324953614164
1141.888653646161	338.0	0.543208877009452
1142.3924598608824	405.0	0.47653874436429483
1143.0004684488865	453.0	0.43233099368666283
1143.5724848790894	361.0	0.5201294671701899
1143.9859934356841	317.0	0.5660464899399392
1144.573361477441	424.0	0.45938135835657196
1144.857070106542	508.0	0.38530680094770126
1145.49127174438	431.0	0.45321612910282644
1146.1984031050945	439.0	0.4461261137532253
1146.736606971929	528.0	0.3694530855754441
1147.2467213919188	433.0	0.4519843083507829
1147.918812394441	402.0	0.4812631516112026
1148.378205508514	325.0	0.5588369655735049
1147.7404185733728	384.0	0.49860956158922987
1147.098610783057	413.0	0.47054628836224166
1146.4528965088919	453.0	0.4335563104249483
1146.2459061425036	442.0	0.44341112633682805
1145.8468253995818	440.0	0.4450914262931613
1145.6223783404687	509.0	0.3847538789962334
1145.1502736098346	402.0	0.48033490106678844
1144.4951770625255	473.0	0.41514508765460656
1144.4801298346144	573.0	0.33274337205266263
1144.0589227416547	477.0	0.4114957904265906
1143.8105579172836	436.0	0.4480350852006038
1143.5532223019532	490.0	0.40008076466647713
1143.1280729136984	611.0	0.3033575946537392
1142.7918414426701	633.0	0.287078603215403
1142.6676011287918	417.0	0.46527067729277577
1142.6780160832661	344.0	0.5372232638425816
1142.729777913826	459.0	0.4268696176731822
1142.5088465630924	295.0	0.5895677432451162
1142.2490222119327	377.0	0.50370216536179
1142.0178609179243	297.0	0.5872184660577473
1141.6799258334918	148.0	0.7704856886806998
1141.2839819471612	532.0	0.36412467251264297
1141.0129353672341	504.0	0.38723886096678434
1140.6110100621045	410.0	0.4711762042969386
1140.3316243827057	420.0	0.4616529032202891
1140.5112966997199	400.0	0.48069189644122556
1140.226095718433	432.0	0.45046071786183345
1140.1820815471679	287.0	0.5978088518475914
1139.9778223259536	364.0	0.5159503091115247
1139.6844577490926	494.0	0.3952320502814377
1140.0285376923418	723.0	0.22384441743919728
1139.816892435934	607.0	0.3050216051511395
1139.7469808150413	699.0	0.23969963535694083
1139.8279965626868	489.0	0.39956827727429056
1139.8326026230834	499.0	0.3910299328908757
1139.9725221288888	574.0	0.3302109659412196
1139.8961202710734	497.0	0.392753157826905
1139.807876433727	705.0	0.23569276887210158
1139.7984808174933	718.0	0.2270421066508182
1140.2717114288628	553.0	0.346826624141317
1140.0447452266744	721.0	0.22516639984152287
1139.8085459003037	658.0	0.2679976947484274
1139.7125708443327	522.0	0.37173250156642124
1139.769091360814	735.0	0.21590343750920787
1139.6603959980455	536.0	0.3602522309650324
1139.415395700196	730.0	0.2190071808769116
1139.518911920595	473.0	0.41334021386870795
1139.4514288694184	595.0	0.3139041081273245
1139.3571331244962	439.0	0.4437253891570648
1139.4897549432328	323.0	0.558287504020789
1139.675401765693	336.0	0.5446153000884
1139.522955627664	503.0	0.38752758580742447
1139.594611396107	464.0	0.4213001257268674
1139.7556128671706	328.0	0.5530591099436887
1139.8464001971106	525.0	0.369311186980562
1139.925224332614	430.0	0.45220320899959304
1139.9923376588254	468.0	0.417907674011196
1140.0479858992576	332.0	0.5489277480350819
1139.8491795735372	319.0	0.562668979814277
1139.8900578719888	501.0	0.389355797974998
1139.8297022717986	436.0	0.4466407133062163
1139.759563616133	277.0	0.6089668182045145
1139.8877531093256	525.0	0.3693268521922683
1139.6181961036118	551.0	0.34816743216192
1139.46364008571	613.0	0.30041344541674003
1139.5056882560991	483.0	0.40462458345013524
1139.157351208707	404.0	0.47639817847018723
1138.9878469210096	431.0	0.45095116392746853
1138.72139648549	617.0	0.29715500279819124
1138.36521270119	593.0	0.3149914349095292
1138.0428285321902	621.0	0.2939341897454707
1137.9020544121709	354.0	0.5254380152462748
1137.5262742492946	615.0	0.29815602877230585
1137.5842983075681	554.0	0.3449927378088369
1137.588381558264	456.0	0.42770667096090653
1137.2077968354988	490.0	0.397741332172911
1136.8224226854659	481.0	0.4053735524303397
1136.4930319732832	634.0	0.28381531183618114
1136.1581063503058	513.0	0.37786438058955746
1136.1532152030434	390.0	0.4889110790254262
1135.591336635705	212.0	0.685364554911338
1135.2553412541924	517.0	0.3741887381552586
1134.9140625496022	325.0	0.5547683136466017
1134.5268937651185	490.0	0.3967474445875854
1134.5196483998573	537.0	0.3574709091645209
1134.3411159427617	376.0	0.5020992330394195
1133.9614581435721	564.0	0.3356739668088383
1133.4062857540448	560.0	0.3386111712102904
1132.6512484365708	445.0	0.4358702527684893
1132.2678892830534	535.0	0.35823150743932713
1131.880240550409	422.0	0.45684359838371985
1131.488394974763	589.0	0.3153106969853874
1131.936421434943	480.0	0.40444301199832083
1131.5530890504806	456.0	0.4255310223701121
1131.2215118130566	403.0	0.4746521321764583
1130.885005214077	412.0	0.4659355705607696
1130.9294847312597	248.0	0.6403006785392904
1131.5828659802937	331.0	0.5473760732481331
1132.3810855189088	252.0	0.6359383949462981
1133.0098430901119	233.0	0.6588604376774909
1133.6156825279627	236.0	0.6553777778531217
1133.376257501008	227.0	0.6662688006375592
1133.966903478853	454.0	0.42819966964626865
1133.5925633766515	394.0	0.48415564536516636
1134.1632992190905	418.0	0.4613968772354041
1133.786516195825	560.0	0.33875964338441306
1133.2544254606394	566.0	0.3338254807292123
1133.2819353053667	357.0	0.5208960243796436
1133.162435924957	480.0	0.4048956393845397
1133.2905665576538	499.0	0.38858924970406006
1133.3187757594444	412.0	0.46677668522143817
1133.2872890600222	451.0	0.4306588165993757
1133.349826202068	302.0	0.5791966606508865
1133.363608965882	371.0	0.5067681805264753
1133.2372807484926	547.0	0.3489014840138188
1133.1045346106418	432.0	0.4479601963360606
1132.9654878400486	416.0	0.46286730948397015
1132.972342063293	486.0	0.39961914435101564
1132.9712254713206	445.0	0.4359846455792197
1132.9622814065	344.0	0.5341790317456023
1132.8933508053124	365.0	0.5126488814390356
1132.6952700758472	182.0	0.7231297561609086
1132.6548167677033	527.0	0.36492818304667685
1132.3340074031635	402.0	0.4759941472191198
1131.9460875265672	493.0	0.3932106378366973
1131.804838516039	425.0	0.454009918924566
1131.4807769631232	497.0	0.38961514679119297
1131.1526457613481	577.0	0.3244163495203055
1130.8205257946906	627.0	0.2866165904889062
1130.4844962258921	621.0	0.29088724297801777
1130.1000088791156	410.0	0.467567044170855
1130.0641946809774	543.0	0.35089161345235753
1129.9139776314169	656.0	0.2653621526944703
1129.791639619146	614.0	0.29578742545858167
1129.89293579664	598.0	0.30782748443346825
1130.0727233373248	712.0	0.22695777318709381
1130.0540466849848	482.0	0.4020051610661801
1130.220685627425	551.0	0.34452388706558296
1130.0249545092554	502.0	0.3848133282362098
1129.823532367932	509.0	0.37882268597333707
1129.7291760643554	652.0	0.26812670661857085
1129.9744194419313	632.0	0.28262295635350615
1130.1362099831608	456.0	0.4250178551754504
1130.274088474022	539.0	0.35421030767603845
1129.9827956632882	407.0	0.4703909488793487
1130.0250258129531	438.0	0.44133544708839584
1130.0596781776587	506.0	0.3814406567814041
1129.7593439872621	534.0	0.3580802392727679
1129.7295063216104	571.0	0.32852343905648324
1129.7177296792834	530.0	0.3613371833987519
1129.5119867399899	297.0	0.5835997134819252
1129.5421941283764	279.0	0.6038457333219631
1129.2386868630856	176.0	0.7303175246467979
1128.9314493254026	537.0	0.3553156101141482
1128.7504016713497	301.0	0.5789474867107756
1128.5647328923142	456.0	0.4244476220701178
1128.432396428958	263.0	0.6219722917549191
1128.5186552528035	590.0	0.3133621235980033
1128.5000770880108	534.0	0.3575940147499546
1128.62407658797	644.0	0.27339359934724405
1128.4875112707762	406.0	0.4708330996271535
1128.1842410445365	590.0	0.31322848166582995
1128.199872114049	470.0	0.4118382710439106
1128.0106523301977	409.0	0.4677980931622924
1127.7212466255787	520.0	0.36882527786186564
1127.4282171925795	570.0	0.3283957527903739
1127.0763338341126	475.0	0.4070195159013141
1126.780537053435	500.0	0.38528893281985893
1126.481258152538	628.0	0.28411888461974044
1126.1785610590134	470.0	0.4110934560000981
1125.9828291914985	670.0	0.25389041686816644
1125.6773207482968	644.0	0.27218369987621394
1125.3766229160103	402.0	0.4736072374441392
1125.0685756381793	514.0	0.3728145269335401
1124.7573124077705	407.0	0.46858422453327625
1124.454803965963	524.0	0.36425311905509855
1124.1490453220083	322.0	0.5546793727221919
1123.836175225313	241.0	0.6468440617640946
1123.520221268374	478.0	0.40306716874116894
1123.2128542396188	307.0	0.5706932725573658
1122.902369844386	356.0	0.5185618641784187
1122.5591534091002	496.0	0.38710920888458483
1122.1098248948115	597.0	0.3054544958620906
1121.7650713363162	604.0	0.3000205995219232
1121.3153761092403	477.0	0.40312155269236627
1121.048696944534	596.0	0.3057855597682531
1120.8864590498406	481.0	0.3994580611096428
1120.7201103665845	650.0	0.26583541216411294
1120.7011544750565	369.0	0.5045986251785797
1120.5719480461275	677.0	0.24676172129202867
1120.43828819756	557.0	0.33589211129965646
1120.4097357311205	431.0	0.44437631133352906
1120.507002624942	395.0	0.4787223030763459
1120.6912971676618	461.0	0.4170796781577875
1121.0338922546018	645.0	0.26954969230339887
1121.1427713054993	479.0	0.4013034229324412
1121.6473867681102	568.0	0.3276703714063706
1121.9635653652522	221.0	0.6708771470804666
1122.1330668316784	624.0	0.285277838381201
1122.2280380075113	511.0	0.37424537405884295
1122.2054390212359	531.0	0.3576115980910716
1121.9217952410613	431.0	0.4449173148051599
1121.5871280112196	434.0	0.4420113252610177
1121.6272865703038	579.0	0.31907478543675105
1121.3324804880247	560.0	0.3338616763800887
1121.155983088606	613.0	0.29302784065800036
1121.2616865568143	223.0	0.6682193620035528
1121.5667698050897	488.0	0.39362565237465197
1121.8595647303641	418.0	0.45709334854416606
1122.5041613223011	595.0	0.3071341387121748
1121.9104162430706	648.0	0.2677595498019749
1121.3134328222504	327.0	0.5484402856600001
1121.5302162326007	719.0	0.21870340007595404
1121.2622027365087	571.0	0.32516367844574884
1120.819294109388	400.0	0.47396774679368425
1120.4918579513333	236.0	0.6520436173403601
1120.966582965386	449.0	0.4280133031214978
1121.5292996397277	565.0	0.32998495772271025
1121.9672912118217	519.0	0.3674462583386061
1121.7008099733036	631.0	0.27996838204278446
1121.8935518801334	375.0	0.4989623683942105
1122.0229361416666	356.0	0.518275405212145
1122.142139322391	741.0	0.20456954479115003
1122.5816048175252	672.0	0.251078916449353
1122.8459171438199	461.0	0.41787266676630985
1123.0958764771844	562.0	0.332975639137042
1123.6016367749198	834.0	0.14793696088854338
1123.0009552535141	543.0	0.34813962946693255
1122.56349818433	906.0	0.10675707138483248
1122.12495612865	933.0	0.09202601309699186
1121.7968770164148	733.0	0.20961695689385937
1121.8570937273316	867.0	0.12814248672321754
1121.739219164761	879.0	0.12132476678599628
1121.731940605634	978.0	0.06845251902210757
1121.7351462170295	716.0	0.22077998946270017
1121.7865228674596	1019.0	0.048013438878428176
1121.8190529593605	1024.0	0.045585881449069755
1121.958882718201	988.0	0.06348885934005764
1122.1049994313971	525.0	0.3625178720467279
1122.1980217334433	743.0	0.2033017499026893
1122.3340048538353	613.0	0.29350776474684237
1122.5554181794182	669.0	0.2531629295845741
1122.6368700262638	444.0	0.433180708950688
1122.9178177361455	1076.0	0.021336776371410206
1123.1894016527297	756.0	0.1953977610398345
1123.4518052275637	867.0	0.12884100210516986
1123.5209353734353	690.0	0.23904931391606235
1123.4919074893855	589.0	0.31211353767678957
1123.3736666888524	437.0	0.43987775578483873
1123.4367433518032	490.0	0.3926009160023728
1123.6852668295624	561.0	0.33400023013704466
1123.8440188636932	950.0	0.08382694999354212
1124.0780579812404	900.0	0.1107062334368318
1124.1936758600352	676.0	0.24896969802202673
1124.4696322263703	1179.0	-0.023673143770045927
1125.384815504487	305.0	0.5735413342004353
1126.3545857898062	341.0	0.5352179993815794
1126.620620833815	334.0	0.5426601607071225
1127.3260837023356	414.0	0.4628002414575985
1127.9437703071187	407.0	0.469687414127795
1128.4649353607535	355.0	0.5213907770409552
1128.2017329252749	378.0	0.4980752023623476
1128.241558956004	350.0	0.526464402411762
1128.211512178995	426.0	0.4518120646233657
1128.3340799517816	434.0	0.44442100371593435
1128.4738978149096	344.0	0.5327591198587877
1128.5203654655627	485.0	0.39883002361726144
1128.653792695622	406.0	0.47089043544230225
1128.6131831527302	456.0	0.4244652198428047
1129.4184189588661	343.0	0.5340998243657774
1130.0433808350726	303.0	0.5771237576584265
1130.6457457479084	298.0	0.5828217024592134
1131.2504804765344	265.0	0.6204119479915142
1131.889399211376	306.0	0.574376165276928
1131.7102366545305	231.0	0.6609697442838506
1131.749424810534	341.0	0.5369205456741307
1131.511967122875	361.0	0.5162517849744253
1131.5475878090451	361.0	0.5162633299619979
1131.5783003872084	320.0	0.5591006011668265
1131.6238936582683	398.0	0.4796106393864729
1131.8312434711825	473.0	0.4105299209193848
1132.0838057427363	398.0	0.4797670578484398
1132.2476582922848	348.0	0.5298084100312286
1132.4805953007692	312.0	0.5680108116162883
1132.8740666165238	429.0	0.45065993581756625
1133.3179387195823	348.0	0.5301481324113265
1133.8171064127646	170.0	0.7392272287825297
1134.2495737314898	254.0	0.6340715606095655
1134.5973337841976	303.0	0.5784633250502615
1135.0118229277327	401.0	0.4778686022928269
1135.583045205556	263.0	0.6239050646272554
1136.0225997783166	444.0	0.4379827224467613
1136.503667514926	276.0	0.60920455451195
1136.8851690828662	361.0	0.5179870827868132
1136.652502978659	458.0	0.4255801823350233
1136.698550939905	421.0	0.4594589566177983
1136.6798389304865	424.0	0.4566470464684651
1136.5190337984077	449.0	0.43362395476976845
1136.422780617381	363.0	0.5158136788470877
1136.1826443883729	487.0	0.39994429871013665
1136.0163715424865	395.0	0.4840029050740447
1135.8473896004373	501.0	0.3878476354203105
1135.8212017846404	339.0	0.5402832565875979
1135.7205297910639	252.0	0.6368144816046769
1135.544739709467	327.0	0.5528341921834703
1135.2444399280455	333.0	0.5463970563153375
1135.209231567677	307.0	0.5742642700098488
1135.1057093331797	345.0	0.5338170810037208
1135.0071943377795	337.0	0.5421218030777245
1134.9597415959463	468.0	0.4160801574042681
1134.8429680099	369.0	0.5092572724021663
1134.7985824035065	448.0	0.4339140747527024
1135.0648762112992	371.0	0.5073253405480135
1135.1387052113619	344.0	0.5348644467378142
1135.3255755652401	391.0	0.48765845733116014
1135.5453486634606	363.0	0.5155301768828597
1135.8178697173128	414.0	0.4657436746738328
1136.1576339565252	264.0	0.6228996027340202
1136.498005538994	513.0	0.3779925792242824
1136.967473700074	567.0	0.3344943389455787
1137.3291490640358	589.0	0.31762723195708276
1137.538376465919	497.0	0.3918772331616006
1137.9837832851492	434.0	0.44783145396955437
1138.2420404920003	513.0	0.37864954086664643
1138.3086056733368	486.0	0.4015915469480201
1138.626435430526	507.0	0.38382127427679597
1138.688142830251	462.0	0.42274826977462787
1138.9322306278334	400.0	0.4801590452923151
1138.781204435627	409.0	0.4715015289914505
1138.864517436012	385.0	0.49470573585139416
1138.7517998310393	449.0	0.43442041753908844
1138.654216214086	373.0	0.5065008968331758
1138.624596176284	473.0	0.4130146671597932
1138.591306959587	468.0	0.4174000594019493
1138.622317058385	211.0	0.6873199304233615
1138.7733936186032	207.0	0.6923701999436845
1138.788317329793	287.0	0.597415694164907
1139.0259670547757	413.0	0.46779240970595953
1139.4784736307545	482.0	0.4054808523967346
1139.8815663444386	436.0	0.44665892499601206
1140.275758327882	351.0	0.5292621126040905
1140.753595301935	272.0	0.6149363896088789
1141.2211645792122	348.0	0.5326416139159165
1141.8095081550885	485.0	0.40374088352849297
1142.3114949727396	441.0	0.4429396850837708
1143.0124384818535	353.0	0.5280787900958593
1143.6270203333752	569.0	0.3355237383919821
1144.1104717559417	454.0	0.4318290155483902
1144.6594529276845	290.0	0.595722874291593
1145.454533799067	436.0	0.44860887153977913
1145.6196036197525	483.0	0.406859651048668
1145.8935143226179	623.0	0.2956048569847662
1146.587645910965	553.0	0.34925391893679414
1146.6276486716185	479.0	0.4106891570263156
1147.307318095344	555.0	0.3479438241257503
1147.97295369006	471.0	0.41814963748904066
1148.5623251374636	377.0	0.5057560169283418
1148.5966844451068	481.0	0.4096698838537646
1148.730523346499	629.0	0.2923561903905038
1148.7957838674056	407.0	0.4767950855500107
1149.0836810169865	631.0	0.2910445652313368
1149.2098206537355	647.0	0.27959418486586096
1149.3286961162767	592.0	0.32005944504291406
1149.6681689570962	703.0	0.24109453405708084
1149.8292768611268	566.0	0.3402607035177544
1149.6131738806487	738.0	0.21806012989114393
1149.6160649291533	548.0	0.354388767494528
1149.6655793242246	402.0	0.4818471127327868
1149.7094745054694	607.0	0.30893524648305737
1149.2665073791773	269.0	0.6206636783701723
1149.482136865833	510.0	0.38535041906120515
1149.619295563502	460.0	0.4284362752510849
1149.6625603917396	575.0	0.3332028963748194
1149.7564594368762	389.0	0.49439692341911134
1149.7943558441991	603.0	0.3119557944838579
1149.8821518929913	481.0	0.41013518427227186
1149.7756044598384	544.0	0.3576480868332179
1149.9787714704205	500.0	0.3939315963993739
1149.989008014566	632.0	0.2906802486911479
1149.8510401821618	516.0	0.3804968300844293
1149.9262784753032	558.0	0.3465760120534749
1150.0068552249631	556.0	0.34818550312720414

Average Payoff: 0.4775