23.6	23.6	0.0
9.8675054795926	19.266666666666666	-0.32261638119965896
11.10898157360493	17.733333333333334	-0.2296747601953011
12.33438184949075	19.333333333333332	-0.22101220259927906
13.429320195679047	22.8	-0.25864906527941317
14.398150066802469	26.866666666666667	-0.302158535693949
15.965260498195034	16.333333333333332	-0.011395939930332276
16.034696404337975	19.8	-0.10507424293976204
15.980908227345669	15.6	0.012061344930410953
16.017129011353127	16.133333333333333	-0.0036143903852571195
16.111580666330465	20.333333333333332	-0.11583928191027733
15.988326839796303	19.533333333333335	-0.09979844625107508
15.76751798002672	18.0	-0.06611329921535188
15.854393702844947	21.6	-0.1534027314055449
16.228328578522255	21.466666666666665	-0.13896640798258195
16.321630283253878	18.0	-0.048901223598490536
16.554174656792313	22.933333333333334	-0.16154877836646997
16.991067995361444	19.0	-0.05581751574855929
16.997784680238457	14.066666666666666	0.09435602067582664
17.160642651137998	22.066666666666666	-0.12506654422259597
17.101735410390205	23.8	-0.16376480172301555
17.036507937002153	24.066666666666666	-0.17103687969242673
17.10067090834853	21.466666666666665	-0.11320448941610445
16.999980311360044	15.666666666666666	0.04081574841734551
16.92746947886276	31.533333333333335	-0.3013954166437112
16.863549639116425	23.533333333333335	-0.16510639444052233
16.91914296434651	17.0	-0.0023838171777654346
16.918772363661052	21.4	-0.11694601261779047
17.021055725439343	18.666666666666668	-0.04611140277170862
16.913503746372015	15.666666666666666	0.03826981454972259
17.063942823493548	22.333333333333332	-0.133750122441566
17.061201980814435	18.333333333333332	-0.035941462184147004
17.098886981452395	17.4	-0.008728195164948091
17.08339448846858	25.0	-0.18811708531973756
17.130437908638783	18.666666666666668	-0.04291488868313805
17.053472413076378	21.4	-0.11303342231963305
17.090255386687485	19.8	-0.07345421127906793
17.188829953469533	15.6	0.048456439455882815
17.198408608865964	19.6	-0.06526345790278043
17.22796767289284	20.666666666666668	-0.09074369112420885
17.2334474051073	16.866666666666667	0.010755997404250057
17.23065332813483	20.133333333333333	-0.07768657106903176
17.168638932995535	17.0	0.004935488748212489
17.190060762666537	17.866666666666667	-0.019300315620276353
17.12518062914094	15.666666666666666	0.04447794445117283
17.150313040833172	21.666666666666668	-0.11634994942589234
17.168178425589776	18.0	-0.02365267726817939
17.134206955460105	18.133333333333333	-0.02832991384405419
17.11482597817405	20.2	-0.08267957684247301
17.07309790489749	16.933333333333334	0.004109945280204256
17.09259046300898	21.6	-0.11649283449502323
17.174940406014173	17.533333333333335	-0.010325864374892987
17.215033696595537	23.466666666666665	-0.1536718700115272
17.199649068845513	16.466666666666665	0.021771981464716015
17.14801062949637	22.933333333333334	-0.1443395388438598
17.13685485432879	19.4	-0.061941432963901616
17.139213730948097	20.933333333333334	-0.09965499802204647
17.119733811514614	21.266666666666666	-0.10803130284406731
17.17771148320149	28.4	-0.24622316811441244
17.18540911419688	23.6	-0.15727661007010188
17.188955127705878	18.933333333333334	-0.04829091067995062
17.20640996859635	27.866666666666667	-0.2365105178937406
17.255428711934496	17.933333333333334	-0.019264804499992415
17.236365807724233	23.466666666666665	-0.1530672404534563
17.24093616205407	15.266666666666667	0.06073254634583878
17.3019335932401	18.8	-0.04149546181206219
17.265427137763126	17.4	-0.003882048292728931
17.24737934263568	20.2	-0.0788471906230997
17.304568587278805	20.2	-0.07720209888518215
17.278463846047	15.0	0.07058774100633147
17.266742320318773	18.666666666666668	-0.038958851548288306
17.245896123877035	15.8	0.04375418110790205
17.252730104241298	22.933333333333334	-0.14135754396337757
17.236897120416703	22.4	-0.13026001666825265
17.23498489908095	19.266666666666666	-0.05565999565598298
17.249580053394403	22.2	-0.1254872660217239
17.249884791074408	23.533333333333335	-0.1540694636478047
17.25836681580451	22.466666666666665	-0.13110875924523352
17.237601593294347	22.533333333333335	-0.13315582723435945
17.23449113491083	19.066666666666666	-0.05047154533666743
17.236757121616208	24.733333333333334	-0.17861710876615597
17.30148075167018	22.266666666666666	-0.12548441711212127
17.280881865204275	18.466666666666665	-0.03317108026037635
17.29837453009856	18.6	-0.036258618584808326
17.31023531505253	20.0	-0.07209187136545088
17.386598570971397	21.466666666666665	-0.10501223180961405
17.382554688888508	18.666666666666668	-0.03562107389540825
17.40188169778269	17.866666666666667	-0.013178454754675361
17.39462075132708	21.333333333333332	-0.10170205669517465
17.392379277437268	14.533333333333333	0.08955308152274083
17.407323752476323	15.8	0.048402688649562174
17.417049400705277	23.2	-0.14237741747913146
17.422108940874338	19.2	-0.04854693272842453
17.461003357828197	16.066666666666666	0.04158764060081858
17.43883871263439	16.933333333333334	0.014706820931334123
17.451003328827973	19.0	-0.04249530958581251
17.44578899606196	15.8	0.049503682895205375
17.463374127645707	21.8	-0.11044964852627974
17.450495685951147	14.866666666666667	0.07995222448963497
17.451138387752604	18.733333333333334	-0.035434949982523896
17.438747360889845	18.6	-0.03222233635041313
17.447445046015538	22.666666666666668	-0.1301093654530821
17.45231242775963	20.2	-0.07297526752207133
17.435001802624697	20.133333333333333	-0.07182462360771383
17.430111343813333	15.0	0.07493379588031922
17.41730638614299	23.133333333333333	-0.14096021633032232
17.424820123146443	15.266666666666667	0.0660157633807059
17.435533317528325	16.733333333333334	0.020550871393250698
17.440100042586245	16.666666666666668	0.02267683074484309
17.431022734940406	22.0	-0.11587265427459878
17.414294684324297	19.466666666666665	-0.05564854893044221
17.399117943014524	18.066666666666666	-0.01882233062087452
17.38742204890001	22.6	-0.13035543888589787
17.37960081818872	21.0	-0.09433134020756968
17.403212219451774	17.133333333333333	0.007814298789841693
17.403341506808328	23.333333333333332	-0.14556887251586936
17.415792311869804	18.2	-0.022018538328819916
17.421888148077592	21.933333333333334	-0.1146339676270576
17.40547082367006	22.733333333333334	-0.13273595518250314
17.409790847981206	18.933333333333334	-0.04192106539193573
17.409481029328244	28.866666666666667	-0.2475829602888491
17.406942372806107	16.0	0.042115269248687213
17.413409949735815	20.133333333333333	-0.07244099343295123
17.42183523544813	21.4	-0.10247235197473141
17.429160767086607	20.0	-0.06868546289111736
17.454157559507205	28.8	-0.2452934620178968
17.457638235381285	21.266666666666666	-0.09836273216317792
17.460111598400722	19.533333333333335	-0.056042948656402164
17.45915451231696	17.733333333333334	-0.007790833720505551
17.465241303960052	17.666666666666668	-0.005733402321189735
17.46391727441721	20.133333333333333	-0.07100029964334235
17.46542351521275	20.666666666666668	-0.08395142086848331
17.451984707812315	18.533333333333335	-0.030049717061958574
17.450841432991833	22.333333333333332	-0.12272447346260466
17.449009811284103	20.4	-0.07796743437753298
17.457141741071638	28.4	-0.23862931363485884
17.4637175592992	20.8	-0.08719180083666453
17.4814070069831	23.733333333333334	-0.15169151315105026
17.49707686570182	17.8	-0.008582102576106804
17.49581905875541	17.2	0.008526072212172206
17.49819505443895	21.533333333333335	-0.103381508374612
17.494649057266347	17.666666666666668	-0.004892240402802523
17.511408567552067	19.866666666666667	-0.0630117544671861
17.511483583541242	21.066666666666666	-0.09215535374473441
17.509021965725598	17.4	0.0031230312276476642
17.51561977338908	22.866666666666667	-0.1325097552666015
17.521184640651256	17.066666666666666	0.0131409716650547
17.524873518217408	17.866666666666667	-0.009657481608987474
17.52096471853714	21.066666666666666	-0.09188700681662218
17.5221569339791	22.8	-0.13089188345411432
17.54093062844286	15.333333333333334	0.06715275200309767
17.53431717978554	20.333333333333332	-0.07391575964233908
17.524688980305548	24.0	-0.15593882046330512
17.530767115647254	20.933333333333334	-0.08846082913597053
17.541927442295176	16.133333333333333	0.04182875133015368
17.55181227003166	23.266666666666666	-0.14000654961929507
17.55744828232123	19.133333333333333	-0.04295043554863204
17.549720662820345	21.333333333333332	-0.0973074972682769
17.551308752965017	27.866666666666667	-0.22712060188492877
17.5498584409709	20.933333333333334	-0.0879208489827402
17.5426034556969	22.266666666666666	-0.11866741581669794
17.546422633146545	15.666666666666666	0.056596841971290224
17.545170577120285	15.4	0.0651133546902944
17.535937333944794	17.866666666666667	-0.009341949329946485
17.53297823309112	24.333333333333332	-0.16243024154284216
17.529009214974096	20.4	-0.07569379861081256
17.54332942836421	13.533333333333333	0.12903560867459868
17.548156196328375	15.533333333333333	0.060904841095153824
17.543487559376068	22.133333333333333	-0.11568078466691487
17.55301499810894	17.6	-0.0013365852656903043
17.552962768328943	20.2	-0.07011468869117904
17.550392230476632	19.333333333333332	-0.048339506804217974
17.551331022493947	20.733333333333334	-0.08311427994418492
17.546333974424105	18.533333333333335	-0.027356110312497725
17.551798747056118	20.933333333333334	-0.08786599924390844
17.55089985128757	15.533333333333333	0.06098271967482375
17.553715313342526	20.466666666666665	-0.07661552045573203
17.56043874266735	15.133333333333333	0.07423754602839691
17.57085504350684	19.533333333333335	-0.052891017852082785
17.565317988304326	20.933333333333334	-0.08748398266970094
17.565452800008188	21.733333333333334	-0.10605621555799329
17.566335065582496	16.466666666666665	0.03231182507988421
17.56541248395983	18.666666666666668	-0.030394451782041795
17.563725077763692	19.066666666666666	-0.04102990760756732
17.565393104197877	16.2	0.040437648689128566
17.57389903497708	17.933333333333334	-0.010122847498444875
17.583694552230174	19.133333333333333	-0.04220490792263852
17.58841147037936	20.133333333333333	-0.0674656455102123
17.587437969957374	19.4	-0.04900480080601574
17.587515353016506	15.266666666666667	0.070640890860086
17.596324596629632	18.666666666666668	-0.029516099823799862
17.595566708892832	17.533333333333335	0.0017715719958407627
17.591784756792084	21.266666666666666	-0.09457098199379262
17.587791443373614	17.6	-3.4695433062440845E-4
17.578111125526956	21.2	-0.09340034285705105
17.577726899629532	19.8	-0.05945447422038108
17.58603967791233	34.13333333333333	-0.31994381779962844
17.58198126530164	17.333333333333332	0.0071214575846333065
17.58102709214133	29.266666666666666	-0.24943895071309202
17.580862434930825	19.733333333333334	-0.057685040614842684
17.584093407405007	16.333333333333332	0.036876620494602046
17.58316051385908	20.333333333333332	-0.07253236099724163
17.581442219219817	20.533333333333335	-0.07744742219571546
17.580460664019874	17.666666666666668	-0.0024457596739165116
17.581722394597893	20.866666666666667	-0.0854377609120233
17.581661340786848	21.266666666666666	-0.09485621427961598
17.585235509506767	17.533333333333335	0.0014779126223992813
17.58206735949085	19.733333333333334	-0.05765088767373672
17.584997769858354	26.133333333333333	-0.195532065103256
17.5859501329546	29.666666666666668	-0.2556623813013652
17.583682188167376	18.266666666666666	-0.01905098556404134
17.587424171473973	21.2	-0.09313781220828987
17.584258292873283	20.2	-0.06922834601784646
17.5912861932024	22.0	-0.11135566006326289
17.59034107712929	23.733333333333334	-0.14865551875146707
17.59260195572172	21.133333333333333	-0.0914304935744784
17.590946240859868	25.333333333333332	-0.18037314008010324
17.58711099654837	17.4	0.005347997911768967
17.590341071510977	26.133333333333333	-0.19538596373949407
17.589782047508592	18.2	-0.01705006059219312
17.596508157713284	23.266666666666666	-0.13875961751191268
17.598630969901528	13.0	0.15028878169173618
17.597178896212736	20.533333333333335	-0.07700275358077856
17.600072897922946	16.666666666666668	0.02723942350852768
17.601685729474514	21.066666666666666	-0.08960766938541534
17.607020041614405	22.266666666666666	-0.11686019050966094
17.60717040039947	17.866666666666667	-0.007315145124464556
17.60731171055535	21.666666666666668	-0.10335991218209885
17.604674205681107	15.066666666666666	0.07768299283861191
17.60876360294914	14.4	0.10024640885077793
17.60721175080644	18.2	-0.016554996052721416
17.607230829667284	20.2	-0.06857865845858706
17.605304442359454	18.866666666666667	-0.03458442705321867
17.602672026538123	17.466666666666665	0.003878184332509555
17.599890408078167	17.533333333333335	0.001894419801459361
17.603795529009815	20.466666666666665	-0.07519927451739672
17.604094927328376	21.133333333333333	-0.09110667807519215
17.607355714056748	18.666666666666668	-0.02920301866420125
17.603642110208195	18.333333333333332	-0.020304747801369982
17.609143227823036	20.0	-0.0635711576223364
17.612245491049794	16.466666666666665	0.033615475138449716
17.61354498620685	20.666666666666668	-0.07975717867355714
17.61443246212602	25.2	-0.17717314236465073
17.616713938889436	25.466666666666665	-0.18220373186696698
17.621085281433444	21.666666666666668	-0.10297309427573041
17.62026463615638	15.0	0.0803262838417342
17.623044503037153	18.4	-0.021568290733931135
17.620562759091253	26.133333333333333	-0.19456028684302595
17.61985404996529	22.4	-0.11944436239239244
17.62052894146139	23.8	-0.1491886080757661
17.619976337952938	21.6	-0.10147950186791974
17.618890497288486	21.933333333333334	-0.10908218092921876
17.617319734694004	21.466666666666665	-0.09848910734035693
17.62036722193411	19.266666666666666	-0.04463084371880908
17.62399531347544	18.666666666666668	-0.02873111969579853
17.624148547104898	20.0	-0.06314698258009932
17.62368462242123	15.2	0.07383950492766003
17.628804594566006	21.066666666666666	-0.08884404195239526
17.628597000692622	16.733333333333334	0.026053939888027115
17.63002598272147	24.133333333333333	-0.1557180135198521
17.63110262185817	25.0	-0.17285261053425321
17.63351988576554	14.466666666666667	0.09865529017802309
17.62939282582519	20.8	-0.08250474288118628
17.634236104029718	16.066666666666666	0.04651416752924745
17.632163705338836	17.933333333333334	-0.008468028091018103
17.633140237718525	21.8	-0.10566898139894519
17.628963840521855	19.0	-0.03743038338314654
17.62913494471221	17.8	-0.0048227272710561295
17.63055308577276	15.466666666666667	0.0653797036515916
17.628471297668803	16.2	0.04222689476858633
17.627668409110193	14.2	0.10769461228046082
17.628164733225734	17.733333333333334	-0.0029740991150784034
17.63303302370336	18.933333333333334	-0.035560008805188545
17.632473367385224	18.0	-0.010314373319680282
17.632402934387745	18.533333333333335	-0.02491115879063951
17.63255715901524	26.666666666666668	-0.20393381028978708
17.635185211952997	20.2	-0.06778914319247785
17.63696992224497	17.933333333333334	-0.008331765095139792
17.637199852739506	19.533333333333335	-0.05101173747231253
17.635611769362843	21.666666666666668	-0.10256542515378557
17.635731585674097	20.066666666666666	-0.06447693498759442
17.636594785528004	22.466666666666665	-0.12044087453825611
17.6390716161416	18.8	-0.03185943912314546
17.63570217164648	19.666666666666668	-0.05444599252726792
17.634570021101055	21.0	-0.08710929038580853
17.63493719543974	18.6	-0.026633489092447418
17.63515454216818	19.2	-0.04248239154366553
17.632845151195045	16.266666666666666	0.04030083063935269
17.634790185641588	29.333333333333332	-0.24907410113937345
17.634976038453978	18.066666666666666	-0.012091618074223003
17.635884123992223	16.2	0.04243672542234748
17.63600706181361	22.6	-0.12337190742014552
17.637163217251345	20.6	-0.07748578956850863
17.636902339358336	22.333333333333332	-0.11749820622608126
17.637400680773652	23.6	-0.14459202618962175
17.635583440678538	18.733333333333334	-0.030183739028466623
17.636754012133622	14.6	0.0942016063711196
17.635715809759944	17.133333333333333	0.014449129004334796
17.63557465491545	20.066666666666666	-0.06448136573672532
17.636969787110463	17.666666666666668	-8.411847203074142E-4
17.637323186806615	20.466666666666665	-0.07425320788558178
17.63707103658507	17.933333333333334	-0.008328898757159205
17.637575205954217	15.2	0.07423127897434488
17.636529292375208	17.0	0.01837739823762688
17.63800776769911	20.333333333333332	-0.07098315433375448
17.63906064203402	17.866666666666667	-0.006410403106342537
17.6366994936909	16.0	0.04865814774716202
17.639396073198586	25.4	-0.18031395964763736
17.64090168549549	19.0	-0.03709238179153537
17.64025021489402	25.0	-0.17260099900950523
17.64144972983022	20.6	-0.07736501338394515
17.64537324574333	22.133333333333333	-0.1128231778644769
17.64883343992225	19.0	-0.03686792820548279
17.64886255042633	16.866666666666667	0.02266214372202929
17.647785429353984	22.466666666666665	-0.1201283075181454
17.64713859276235	16.466666666666665	0.03460393577082414
17.644380976745047	19.8	-0.057568558139436385
17.642922437630965	21.933333333333334	-0.10840871153986457
17.64398216260171	20.133333333333333	-0.06589539616703272
17.6453673929588	22.466666666666665	-0.12019583116979639
17.648121249405946	27.2	-0.21298280696029326
17.649421996397	26.6	-0.2022755914039239
17.64752472760717	20.2	-0.0674410094388808
17.647255380501164	21.933333333333334	-0.1082873724749341
17.647225624679916	16.266666666666666	0.04070777090854626
17.647473188950762	18.666666666666668	-0.028066022815579555
17.649887917769828	16.933333333333334	0.020719717785503772
17.651176608621306	17.0	0.018792337587154005
17.651697995558383	20.466666666666665	-0.07384809647665422
17.65250648061106	18.6	-0.0261359451075663
17.65024517416771	26.266666666666666	-0.19619825555419226
17.65048542529802	22.666666666666668	-0.12441804495333854
17.651550377773088	20.0	-0.06237325153052069
17.653923409835528	13.733333333333333	0.12491024967817471
17.65339561058154	14.8	0.0879228677584413
17.655867209431882	10.866666666666667	0.23802936205659
17.65454156002193	16.866666666666667	0.02282292346726585
17.656727554783874	21.533333333333335	-0.09891808511389387
17.65836319034118	24.733333333333334	-0.16689518757620356
17.657931691047313	14.333333333333334	0.10392206607585827
17.65668529724269	17.266666666666666	0.011167846402002812
17.65659127058203	18.533333333333335	-0.024226136758971048
17.656975857370423	19.133333333333333	-0.04012897712574699
17.656726803924872	21.066666666666666	-0.08805891109030697
17.655572918291742	15.8	0.05546379142343763
17.655895790177684	23.533333333333335	-0.142693555286782
17.654202363331652	21.466666666666665	-0.09745346659890332
17.652910231136456	16.133333333333333	0.044976201479857245
17.650881696074126	19.066666666666666	-0.03855880998931864
17.64845095268757	19.466666666666665	-0.04898854781025834
17.648484254738655	18.133333333333333	-0.013550152319716267
17.6457320754872	16.333333333333332	0.03862374454281445
17.644844058299494	14.4	0.1012594741418032
17.64560380087705	17.066666666666666	0.016678169604367892
17.644511262934113	12.933333333333334	0.15407161596261956
17.644282820761546	17.4	0.00697068968456177
17.647450167373563	21.0	-0.0867469863628075
17.644939444959643	18.2	-0.015485046526376715
17.64466386263941	16.733333333333334	0.026509122218813644
17.644671015514525	18.8	-0.03170090310305314
17.647077628206883	16.4	0.0366280372672491
17.646416624581907	14.466666666666667	0.09901727370980233
17.648917079799876	18.4	-0.020835103549365543
17.648803093541513	14.733333333333333	0.0900332739562097
17.647065066865643	18.8	-0.031633135096589736
17.64788188668156	20.666666666666668	-0.07878951714077556
17.64789881538328	21.733333333333334	-0.10374064738558961
17.64746185604771	16.733333333333334	0.02658834729327945
17.649699507085995	21.866666666666667	-0.10671444689622406
17.649250013612242	17.133333333333333	0.014832615367662581
17.64808956052127	21.133333333333333	-0.08986889888881158
17.64885087085449	25.533333333333335	-0.18258646726151956
17.649197636113183	20.466666666666665	-0.0739185397495499
17.649451536939182	15.133333333333333	0.07675120382733162
17.64878348282848	15.2	0.07454715892625277
17.648166109324652	20.333333333333332	-0.07069671454289402
17.649276946748415	19.133333333333333	-0.04034668489496932
17.64726516505712	15.666666666666666	0.05945255901929879
17.648479982171768	23.733333333333334	-0.14704172832565726
17.6492677968882	17.4	0.007111925941868954
17.649132589511826	19.866666666666667	-0.05910933849529101
17.65039224034395	23.4	-0.1400621881026848
17.65061965982897	18.2	-0.015324151866379516
17.651656847663965	20.2	-0.06732448100203325
17.653121649484927	20.133333333333333	-0.06563758587504899
17.655282401983538	22.533333333333335	-0.12137892390911771
17.656672409254575	15.733333333333333	0.05760223854852723
17.658426838467502	18.8	-0.03131164069668574
17.660516445224484	15.666666666666666	0.05982653174928582
17.66165942676473	17.0	0.019089086838520328
17.662609367517785	19.133333333333333	-0.039969731928665306
17.66367204413206	17.333333333333332	0.009439056491714377
17.662766955457602	17.133333333333333	0.015215314869488948
17.66474639018739	21.466666666666665	-0.09715775586625158
17.66401459736135	13.533333333333333	0.13240488496664463
17.662738735831834	15.066666666666666	0.07931925549026284
17.661846092840726	23.266666666666666	-0.13694171119188742
17.66102879341632	22.0	-0.10940137809294403
17.66071369938918	16.333333333333332	0.03904743571067364
17.660949738866318	20.333333333333332	-0.07033646586747659
17.661828245131378	16.4	0.03704522951764161
17.661755635368504	17.6	0.0017513488553179098
17.663089565992976	18.133333333333333	-0.01313661336114136
17.66283272762937	15.533333333333333	0.06414895594826658
17.661859820444494	17.333333333333332	0.009387760360902504
17.661596342771293	20.0	-0.06208987096420665
17.662384910403787	26.6	-0.20192348667356705
17.664320614625463	17.2	0.01331793095175597
17.666294187099734	18.466666666666665	-0.022150758217853127
17.664708673619963	23.066666666666666	-0.13262400171652758
17.664246079044542	22.933333333333334	-0.12978821226672171
17.663496103532147	15.733333333333333	0.057794790785384596
17.663513575936545	19.0	-0.03645276444373936
17.66144286437085	18.466666666666665	-0.0222880137584849
17.662229148041643	16.666666666666668	0.02900071376453721
17.66212408103989	19.133333333333333	-0.03998344784045952
17.65955075676589	11.333333333333334	0.21819896922889756
17.660917321329183	19.066666666666666	-0.03827502908432372
17.660351888957887	18.733333333333334	-0.029482626939858324
17.661079617439775	16.466666666666665	0.03499829554608935
17.66140591841192	22.8	-0.12699988952311145
17.66177428112744	14.8	0.08815828291897189
17.660999958311116	21.2	-0.09106816719810128
17.658141015898845	19.266666666666666	-0.04356219440859281
17.659503090942337	16.733333333333334	0.02692914728473165
17.66128782778919	17.066666666666666	0.01712226273555655
17.660357241461167	20.533333333333335	-0.07522122237038167
17.661348807828105	19.466666666666665	-0.04862414098266926
17.661650571688995	20.4	-0.07194510451283062
17.660366215432582	14.866666666666667	0.08588854565653863
17.659382923321985	20.733333333333334	-0.08006597890761336
17.65909042032786	14.2	0.10857467600897891
17.658394461982894	18.933333333333334	-0.034842270320824605
17.657070624388282	19.2	-0.041862506961982
17.656667347892377	18.666666666666668	-0.02780579883910065
17.65579029680987	14.533333333333333	0.0970034785461677
17.654528261044785	21.6	-0.10050997716028101
17.65403888322357	18.2	-0.015227325394347383
17.654283403222625	16.933333333333334	0.020844167303591996
17.656048842188877	25.466666666666665	-0.18112537052249933
17.657238693791076	21.933333333333334	-0.10800790240193063
17.65755952345095	24.933333333333334	-0.17082933279534265
17.656327629676078	24.0	-0.1522859246431669
17.656046534211793	15.666666666666666	0.05970041681637984
17.65663864216317	18.666666666666668	-0.027806611097640672
17.65633610476889	20.4	-0.07209479881819986
17.656512775380513	21.666666666666668	-0.10197939098989055
17.657291402504125	31.533333333333335	-0.28208712545014547
17.65829275631504	13.733333333333333	0.1250320519164183
17.65915162314333	17.266666666666666	0.011237673895565577
17.659472806257597	17.533333333333335	0.003584240268421175
17.660792828755646	18.0	-0.009512047947818725
17.660846558132594	13.8	0.12271909311145247
17.6608272722895	16.733333333333334	0.02696661068694713
17.6615263682291	20.733333333333334	-0.08000568276537365
17.662532417487753	10.933333333333334	0.2353206978516187
17.661915517957052	20.4	-0.07193764277972713
17.659933903786037	20.733333333333334	-0.08005047891771695
17.659558960914197	18.733333333333334	-0.02950505729902826
17.659440453400624	18.133333333333333	-0.013239903751420076
17.659995302733346	16.0	0.04931656370726073
17.660692817089036	17.866666666666667	-0.005797612109951759
17.660083672565907	20.6	-0.07684030052297397
17.661335058782132	18.4	-0.020483571670704876
17.661183289109108	16.8	0.024989951212188055
17.6602111149245	18.333333333333332	-0.018701192914648123
17.661870111326795	16.6	0.030992765656879452
17.660371819084464	17.933333333333334	-0.007668814277131474
17.66040918769589	16.666666666666668	0.02894923311398019
17.661628184044012	20.666666666666668	-0.07840261337811474
17.661051234827028	24.4	-0.16021826766880817
17.65944147043148	18.466666666666665	-0.022344648728054892
17.660347602027368	15.466666666666667	0.0662203033925032
17.661678120795397	18.933333333333334	-0.0347494142509543
17.661189754169964	22.933333333333334	-0.1298732729979123
17.66167827964649	25.6	-0.18349546379221926
17.661163733386356	18.133333333333333	-0.013191122620520943
17.66271296399479	22.466666666666665	-0.11971163638426505
17.661999474329576	17.133333333333333	0.01519359346032225
17.663193304759478	21.133333333333333	-0.08944460572320044
17.662926915784066	21.666666666666668	-0.10179967261774887
17.6613998487434	17.8	-0.0039084794127638425
17.66193999821321	15.0	0.08149975164851912
17.661343638879895	20.466666666666665	-0.07357643384235746
17.660315542916262	18.533333333333335	-0.024120745421441894
17.659911966501372	18.8	-0.03126963209746963
17.658331722083435	19.933333333333334	-0.06051877744431228
17.65912428943963	14.8	0.08808383935267869
17.658566426962846	23.333333333333332	-0.1384362993555848
17.659564712381485	23.0	-0.13134511708120347
17.658326875876487	18.066666666666666	-0.011430087182630498
17.657851584965844	27.866666666666667	-0.22424872296885281
17.65715861034446	17.066666666666666	0.017005382873779413
17.65657758872927	15.666666666666666	0.05971540186218164
17.656378636708897	14.466666666666667	0.09929668684640706
17.65620336838271	15.2	0.07475615307233874
17.656618451703274	16.333333333333332	0.038931656235902376
17.65625046913356	25.133333333333333	-0.17474072425468895
17.657584244624342	23.933333333333334	-0.1508922970248439
17.65692847687135	18.866666666666667	-0.033122100522717884
17.656068960741404	21.533333333333335	-0.09893655288481283
17.65658970049024	21.866666666666667	-0.1065215104511207
17.65595609993015	22.333333333333332	-0.11696575007188033
17.656309888296615	19.666666666666668	-0.05386378482995648
17.65564169946563	18.8	-0.031390430868513425
17.655263944407636	12.933333333333334	0.15436898162409057
17.654317825149047	17.133333333333333	0.01497613303761903
17.65571351035482	15.866666666666667	0.05336872961408883
17.654704024383804	18.6	-0.026073746871038313
17.655967913491924	20.2	-0.06720293329500045
17.65681789429174	19.533333333333335	-0.05045732208928761
17.657949727554712	22.666666666666668	-0.12420990915687218
17.65737299303047	19.4	-0.04702510907336229
17.658716476685377	16.8	0.024920152706975625
17.659491338566337	16.333333333333332	0.03901288045442365
17.66087913215626	19.466666666666665	-0.048637406423121414
17.661210083349314	26.266666666666666	-0.19589967055064234
17.66171469994488	23.533333333333335	-0.14253214679213966
17.662106379207835	15.933333333333334	0.05145856284861039
17.662116631818048	19.933333333333334	-0.06041201006027487
17.662283938618867	20.2	-0.06702490704193116
17.661043675258874	16.4	0.03702304859715345
17.661429429840716	17.0	0.019082577975600687
17.662177243925004	19.2	-0.041718174862512565
17.66138597348636	16.8	0.024995685726310803
17.662000882754686	19.2	-0.041723158819760166
17.661723942286578	18.933333333333334	-0.03474811861802763
17.663129115993566	16.2	0.0432071445902656
17.66313292279008	23.733333333333334	-0.14663571457975214
17.66377685662781	22.8	-0.12693385398923526
17.66320275574482	20.533333333333335	-0.07514112198276522
17.664131119894975	20.533333333333335	-0.07511499138775599
17.664539972286935	17.666666666666668	-6.0193086566937644E-5
17.664283852876963	20.733333333333334	-0.07992812328882107
17.664969914617256	19.6	-0.051926248426239205
17.66512374391988	18.533333333333335	-0.023984712595914164
17.66386464581309	19.8	-0.05701855306125349
17.663556317967107	18.0	-0.009433823117168907
17.663957354069336	16.733333333333334	0.027055154697890896
17.66392268986263	17.2	0.013306669303667478
17.66528344805198	15.933333333333334	0.051548256465075694
17.665007683717324	16.666666666666668	0.029079298809074533
17.666171015241705	21.4	-0.09557703987169708
17.666016379866583	18.666666666666668	-0.027541326510857923
17.6646245389617	16.866666666666667	0.023108254699869758
17.665038222424354	17.866666666666667	-0.00567460652033665
17.666211126841883	17.266666666666666	0.01143749056510493
17.66717152474603	19.8	-0.05692525985969597
17.66728338708364	15.133333333333333	0.07725312226135772
17.667426253965413	17.2	0.013405814658093788
17.667224994202723	23.2	-0.13538416191904726
17.666702545624645	15.866666666666667	0.053678944920875805
17.66445163631401	18.333333333333332	-0.01858119041444665
17.66473983460093	21.2	-0.09096317588756016
17.664637717198048	13.2	0.1446521990021711
17.664643512060593	22.466666666666665	-0.11965777178018774
17.663953614486005	19.933333333333334	-0.06036019891533567
17.66394203282105	21.6	-0.10024612311949643
17.66372879273462	20.733333333333334	-0.07994373451073865
17.66412474651562	21.066666666666666	-0.0878510816846611
17.663889079640068	20.6	-0.07673320697352262
17.664515674851575	21.0	-0.08626732462390348
17.664481029931355	16.133333333333333	0.045303157184692036
17.663926085850452	18.666666666666668	-0.027600446479000597
17.66403042870629	19.6	-0.05195276917234212
17.661790021697765	21.333333333333332	-0.09415390940574803
17.661455507340758	16.466666666666665	0.03500892415299853
17.66004950547739	16.733333333333334	0.026944606655508012
17.66117014583363	19.133333333333333	-0.04001041047702251
17.66135867610219	20.466666666666665	-0.0735760104370712
17.66244354698092	15.6	0.06200517241217895
17.662789068509998	18.133333333333333	-0.013145118332680197
17.661575377491598	15.4	0.06840494899802275
17.661250098790497	20.266666666666666	-0.06869390122288634
17.662273356771397	23.533333333333335	-0.14251665282483092
17.659861630340824	19.066666666666666	-0.03830487393060971
17.660791791707254	25.8	-0.1872770346039988
17.65923020365851	20.533333333333335	-0.07525295145195164
17.659241473921377	15.333333333333334	0.07049792731171138
17.6593064626946	25.133333333333333	-0.1746568313210834
17.658828197034023	23.2	-0.13561749192230174
17.657077385296958	16.266666666666666	0.04098635800637137
17.65677172809606	26.466666666666665	-0.19966474189410185
17.65664178688834	17.0	0.01894706910514242
17.65728013717254	18.933333333333334	-0.034873785245206866
17.65655803741267	12.066666666666666	0.1880647684226141
17.6550542055936	21.6	-0.10049523237810917
17.654149036731067	23.133333333333333	-0.13433494734707294
17.654916505767535	24.733333333333334	-0.1669900704660928
17.65630090162733	23.533333333333335	-0.14268231657948877
17.65648898866121	17.266666666666666	0.011162288020071071
17.656135077775815	18.466666666666665	-0.022438225988811924
17.655685460203724	17.866666666666667	-0.005939392912648632
17.655839578991852	22.8	-0.12715495400766416
17.655260727869514	18.8	-0.031401209298041036
17.655333578103022	14.4	0.10155357048995858
17.65468605821407	22.4	-0.11847088090739881
17.65366533474929	19.533333333333335	-0.050546375505086165
17.654008320194514	20.6	-0.07701132009871711
17.65398866436886	16.733333333333334	0.026773103503001643
17.654977375438946	17.333333333333332	0.009192900016889684
17.6546893385099	16.266666666666666	0.04091884391742523
17.654653611095274	18.4	-0.020672682005059003
17.65379041468708	20.533333333333335	-0.07540612216953177
17.65336096371374	19.6	-0.05225405133733743
17.653494204189382	19.466666666666665	-0.04884602921806972
17.65440207352608	17.733333333333334	-0.0022304693674169347
17.654800389644958	16.6	0.030792775834239484
17.656062790063434	21.4	-0.09586058968773191
17.656253644007275	17.0	0.01893608151499532
17.655664629889642	19.8	-0.05724996182284208
17.654129131202204	12.533333333333333	0.1696331980167204
17.655213786209504	18.0	-0.009670008315133137
17.654400625190522	24.8	-0.1683123367561949
17.65399380627202	22.466666666666665	-0.11995497590675969
17.653497752613276	19.266666666666666	-0.043693437974262714
17.653625359190777	22.133333333333333	-0.11259236999646029
17.653937379532582	21.266666666666666	-0.0928230528705497
17.653750247430374	18.0	-0.009711453919060906
17.6537000195376	15.333333333333334	0.070341781310938
17.65313212212603	16.466666666666665	0.03477351853109649
17.65229414794299	20.466666666666665	-0.07383130228579124
17.650565008213746	11.133333333333333	0.22641935423574475
17.65129279761205	23.933333333333334	-0.15106641853505748
17.65215695336103	20.733333333333334	-0.08026929855420759
17.651147236339717	17.733333333333334	-0.0023226594165142544
17.65192865353338	27.133333333333333	-0.21170814368754565
17.652403726352212	17.133333333333333	0.014921931713801415
17.652629034605024	15.933333333333334	0.051190901795118864
17.652100180905027	20.266666666666666	-0.06895178042766639
17.65157637402624	17.333333333333332	0.009096580307193486
17.650586736880793	19.8	-0.05739331344046731
17.65062809674683	24.333333333333332	-0.1591728128779806
17.651696570698107	17.533333333333335	0.0033640226450741195
17.65178150728924	16.2	0.04288641373206994
17.651777682253375	20.133333333333333	-0.06567548921733467
17.652127805638354	14.333333333333334	0.10375946927528705
17.652330363604445	16.6	0.030722883740565
17.653360534710803	16.866666666666667	0.02278949154514988
17.65314313631334	21.133333333333333	-0.08972689745982736
17.6534013588545	15.733333333333333	0.057509907549313094
17.652018019031072	19.666666666666668	-0.05398498539279181
17.65208822817013	22.4	-0.11854342636972637
17.652920034249135	17.6	0.001501153215044893
17.6527988217393	12.933333333333334	0.1543008270701941
17.65282969700461	22.066666666666666	-0.11112519980739469
17.653050839270858	18.2	-0.015255303186920229
17.652989766827876	20.733333333333334	-0.08024586148738279
17.65333221819186	19.266666666666666	-0.04369811747574184
17.65309639864696	19.6	-0.052261524264161696
17.654087396240083	18.266666666666666	-0.01705363059343894
17.65466183681278	21.6	-0.10050623234479898
17.654908869832173	16.266666666666666	0.0409250508329659
17.655730785753853	19.333333333333332	-0.04535401442378744
17.65417779971408	15.266666666666667	0.07252277916156052
17.654870756691956	18.733333333333334	-0.029637697259618418
17.65383081618312	20.733333333333334	-0.08022219367796163
17.65272145423312	13.533333333333333	0.13209071006128492
17.65154368793665	19.533333333333335	-0.050606316226897596
17.65256439871307	21.0	-0.0866031957610135
17.6527895113396	18.333333333333332	-0.018911284911996996
17.65258976392464	16.133333333333333	0.04496714286059006
17.65338880242414	15.666666666666666	0.059625415017704485
17.652825610472068	18.6	-0.02612691213934869
17.6528576178093	20.266666666666666	-0.06893042827352779
17.65301146696494	15.6	0.061739114034964813
17.65345038831922	19.733333333333334	-0.055631502311057276
17.65442930904029	15.866666666666667	0.05333246394059519
17.65443579026387	20.066666666666666	-0.06394910857011797
17.654463228499207	20.933333333333334	-0.08497168527309175
17.655072713369936	20.2	-0.0672281706047609
17.654400024205678	18.333333333333332	-0.01886568688231723
17.65489101478007	19.333333333333332	-0.045377747867987935
17.655395783411628	14.466666666666667	0.09926912761908252
17.65657253367078	16.066666666666666	0.047145704407547055
17.656632506346327	17.666666666666668	-2.8406634021340793E-4
17.656614693748526	21.4	-0.09584510423149001
17.65627318607865	18.266666666666666	-0.01699174630723794
17.655811136375892	15.333333333333334	0.07040127412746539
17.65527782106864	18.333333333333332	-0.0188408357676163
17.654617541289028	17.4	0.007263452268139237
17.655636276121935	19.533333333333335	-0.05049069863807134
17.655483312628288	16.266666666666666	0.040941291952583
17.655463260584714	22.066666666666666	-0.11105153258802582
17.655631881247036	17.2	0.013071973068781887
17.655305786801208	18.466666666666665	-0.022461699202906155
17.65477500029997	17.2	0.01304771011421125
17.653966098015797	15.866666666666667	0.053319382241263626
17.654509124894055	16.933333333333334	0.020850557314516044
17.655497164061842	18.266666666666666	-0.017013716252861633
17.655343557880354	16.2	0.04298711532471218
17.65408489725123	22.0	-0.10959564730870948
17.65395062548061	17.333333333333332	0.009163823420094594
17.65484543074814	13.866666666666667	0.12017757118930074
17.65466540324649	17.333333333333332	0.009184065437192508
17.65311843302244	14.2	0.10840754698110053
17.652659423955907	16.0	0.049109326045698724
17.65269321710027	17.466666666666665	0.005296980100129687
17.651790022724178	19.2	-0.04201179851293893
17.65180462372741	21.0	-0.08662455502057495
17.65227798279823	16.866666666666667	0.022758845153272655
17.651220923703793	18.333333333333332	-0.018955699847140545
17.651218581473433	18.4	-0.02076993366630223
17.6496224641171	20.4	-0.07228396388102551
17.648633406939936	18.133333333333333	-0.013545927475469309
17.648113257279405	13.733333333333333	0.12474823022075461
17.647116411704204	16.0	0.0489526767034114
17.646928243651992	14.666666666666666	0.0922293414043401
17.647470532795236	24.466666666666665	-0.16192178178966846
17.64709940988051	24.533333333333335	-0.16325659732736406
17.646859659548504	15.133333333333333	0.07667820402280667
17.64655928476087	25.266666666666666	-0.17757013631486981
17.647617008638864	18.866666666666667	-0.033385555879115916
17.647953746933865	31.4	-0.28037961224683744
17.64764922571663	17.333333333333332	0.008985336299594065
17.64732388092011	15.4	0.06800320319484633
17.647459370807987	16.866666666666667	0.022622409829921593
17.648804317130313	21.266666666666666	-0.09296719937021196
17.650113947210027	18.733333333333334	-0.029772313155784342
17.649520826328892	19.466666666666665	-0.04895831072845772
17.647953342586053	16.4	0.03665281522296836
17.647667383661723	16.4	0.03664472428030228
17.646768926538225	22.333333333333332	-0.11722242170198399
17.64612359106203	24.2	-0.15661848330290318
17.644485754455125	20.333333333333332	-0.07080047363074594
17.643297427768722	19.4	-0.04742295352233955
17.641525929158252	19.266666666666666	-0.0440319783551864
17.642418337316606	21.4	-0.0962435684751605
17.64303091029967	19.466666666666665	-0.04914175742296827
17.642615562721616	14.266666666666667	0.1057983339075461
17.64087571563968	20.866666666666667	-0.08377036682842659
17.641443299560272	18.4	-0.021046790333421002
17.6410504171561	16.733333333333334	0.02640678856707774
17.63926125061041	23.333333333333332	-0.13897269969215723
17.6384930257604	20.466666666666665	-0.07422022801464154
17.637163902036267	17.066666666666666	0.01643902779666329
17.636660148869684	16.066666666666666	0.046582745103943016
17.638113229136508	18.6	-0.026543511379342688
17.63935521019634	14.8	0.08752810257165258
17.640311581871366	18.333333333333332	-0.019264707624026503
17.641440520457095	20.466666666666665	-0.07413714179864007
17.64039598650669	13.066666666666666	0.14894714520561153
17.639995163418888	23.733333333333334	-0.14727696299302506
17.641028515801285	15.333333333333334	0.06998452898121861
17.639965875034232	18.533333333333335	-0.024696875260204365
17.639760026935935	16.466666666666665	0.03439508251063162
17.63840043728345	18.0	-0.01014634658906459
17.638629190502545	17.933333333333334	-0.008284731061248435
17.63897122717083	17.733333333333334	-0.0026676833001111682
17.638225028663832	23.266666666666666	-0.1375982530384098
17.63925563189045	20.8	-0.08222699207232555
17.63882280022344	22.0	-0.1100228738314594
17.63774006966142	18.0	-0.010165064609328997
17.63715490891109	19.533333333333335	-0.051013008278627626
17.637004453616054	14.933333333333334	0.08301022660459036
17.635120427094492	18.466666666666665	-0.02303338162768886
17.63447858199078	18.133333333333333	-0.013947030154473228
17.635207341769053	16.6	0.030238091781790828
17.63405862415708	18.666666666666668	-0.028445934185524765
17.633319050846968	18.933333333333334	-0.035551908575825394
17.634386074619357	16.0	0.04859271315353876
17.635302743458638	16.733333333333334	0.026243968719328215
17.635709724863975	17.0	0.01835417059196618
17.636342065442822	17.266666666666666	0.010591505208434032
17.636907414932367	15.466666666666667	0.0655591067875674
17.63744741809102	15.066666666666666	0.07860725854740432
17.636547717362408	16.2	0.04245550489848818
17.63687554295443	19.733333333333334	-0.05609970758577034

Average Payoff: -0.0408