1306.0	1306.0	0.0
505.76140158656244	245.0	0.34732925938321135
646.7999931260416	318.0	0.3407960152038342
758.6421023798438	182.0	0.6130302916708995
850.3292586471746	587.0	0.1832073319755712
927.7785495630206	319.0	0.48828121864655877
1042.9033451512996	157.0	0.7383122555088746
1037.7615465914064	164.0	0.7270673196938972
1077.9999885434027	394.0	0.46467390887702753
1060.898381978612	985.0	0.037097825897496314
1062.9052206155575	628.0	0.2572026008987272
1103.2528190058854	1245.0	-0.060362827991460546
1108.2210784531849	280.0	0.5966060386981187
1139.2388502154065	250.0	0.640090687125203
1151.4706960236329	286.0	0.602078844749823
1147.24160485468	583.0	0.3261056740697607
1156.4007214223677	253.0	0.6409821619153532
1147.642781729771	177.0	0.7327581406228382
1146.236474470665	414.0	0.4693112143267179
1142.1192125703244	985.0	0.07386478935539674
1141.8848178375379	211.0	0.6880739628119057
1133.6282900880437	307.0	0.5737970688035874
1144.8791443653517	146.0	0.7737975694513533
1148.7306915180607	138.0	0.7855029014079237
1150.0614315759192	353.0	0.5302919859637553
1145.9534112720962	165.0	0.7482748073558302
1160.305495334762	252.0	0.6431366997686746
1164.3324795906174	186.0	0.7245122918817891
1163.577737889549	220.0	0.6819838972899656
1164.9198389682879	222.0	0.6798661411244316
1161.3665272326452	241.0	0.6562952761350109
1171.6451168131532	557.0	0.3555646620784047
1171.7578465078211	352.0	0.5379843315567225
1171.8825961845707	503.0	0.39936088517983526
1173.6970859369105	278.0	0.6169999889190635
1173.3375799638516	675.0	0.26961394139570416
1177.9892529949996	427.0	0.46790920973060207
1178.2373631764879	754.0	0.21955758193137612
1180.95948535015	652.0	0.28858220248610844
1180.9494135339658	266.0	0.6323299245820443
1182.0203155873758	278.0	0.619183381173489
1186.4930624302142	511.0	0.39793568373301347
1185.277927983612	580.0	0.3428796782583638
1186.237088475959	290.0	0.6071091801393624
1186.4837903499797	383.0	0.5119414391472056
1187.1877492096185	253.0	0.6486569197122424
1185.1307773217725	384.0	0.5105570478256506
1186.1782479920203	975.0	0.09771440564341641
1186.9265827693018	364.0	0.5306031838721221
1186.5366047976624	931.0	0.1206763577161774
1186.472683013047	281.0	0.6170286462531696
1184.5933746635	586.0	0.33807501102688936
1188.4348200437844	126.0	0.8082826199083757
1187.8846469678313	221.0	0.6862766579568724
1186.65696213071	268.0	0.6315282475843009
1185.6310668327683	189.0	0.7250171270529084
1183.9777073743444	183.0	0.7322560579989242
1181.2330767420924	235.0	0.6681337219709699
1182.9850707465873	334.0	0.5596528846053558
1181.2276017422448	222.0	0.6835866117166378
1179.993320990294	160.0	0.7611928395557146
1177.2301797815915	413.0	0.4805783398517527
1178.9723195797237	315.0	0.5783054399714526
1178.1989861934728	225.0	0.6793042152768816
1179.9919103866016	996.0	0.08455542022392554
1180.7684395418878	341.0	0.5518372031652142
1181.1768399131074	215.0	0.6920160915813777
1179.2911042176568	224.0	0.6807504881535164
1179.4623602603142	258.0	0.6410340790373419
1180.913812981491	281.0	0.6155724126760711
1180.0165408660528	243.0	0.6584719951995648
1178.9575213999328	513.0	0.3936017973128053
1177.1178600754372	1284.0	-0.04342828990777658
1179.0948371956715	452.0	0.44577103710643823
1180.4506128875807	572.0	0.34719986310199813
1182.2430721982782	405.0	0.48968118734443283
1183.690107293454	296.0	0.599916227673614
1181.9644128906205	736.0	0.23251964942274106
1181.8917910336488	731.0	0.23571212608424927
1183.0692756553321	358.0	0.5353875316893042
1183.9914150595246	1257.0	-0.02990939848868542
1184.4816943246012	244.0	0.6583785413989987
1183.309435575306	715.0	0.2466981551052445
1184.2265874717898	324.0	0.5703563341326389
1182.553613009058	1349.0	-0.06574871104274202
1184.5877342424683	517.0	0.39233224406126344
1184.9568544376634	218.0	0.689227791559735
1185.0946273250158	196.0	0.716167167517516
1186.971341818789	283.0	0.6149584798709812
1185.2911457111352	443.0	0.4558712658152723
1182.639652181396	378.0	0.5155832424587603
1181.4920262155422	433.0	0.4636083759236944
1180.2581216761832	303.0	0.591439958329587
1180.2998922070951	967.0	0.0993340021955925
1178.168230878165	879.0	0.14542720735603426
1178.9303450769376	267.0	0.6306876041310372
1178.5587876547434	188.0	0.7248563300776233
1180.1705258707618	175.0	0.7417299200961383
1179.243065309662	235.0	0.6676667458877806
1179.64527618491	247.0	0.6537331260640772
1178.6320153622225	547.0	0.3660293792298693
1178.894374059603	980.0	0.09212788566658792
1178.8894503865408	198.0	0.7123952108945064
1177.4819727429326	166.0	0.7528809416607436
1177.6657989469963	440.0	0.456006302060149
1178.3951228941974	308.0	0.5855745282582931
1178.3842272743234	381.0	0.5113455768807448
1176.4430804538874	450.0	0.4466452525662077
1175.4182993642885	704.0	0.2508320258048702
1175.0455686807793	390.0	0.5016119558375007
1175.43499890615	477.0	0.42267018029059406
1175.711722443202	1167.0	0.0037186489313830707
1176.0719716415022	814.0	0.18193913426299285
1174.5364230520654	199.0	0.7102370251561116
1173.053405880528	1008.0	0.0756760038225168
1172.6725610728083	265.0	0.6313486016562021
1171.885263809835	278.0	0.6165213800856146
1171.341054694489	1508.0	-0.12564990362673276
1171.923227869572	436.0	0.4576855505997249
1174.2542558845712	559.0	0.3549705727222198
1176.664217344691	227.0	0.6765608224602099
1175.1869750696787	254.0	0.6445531558421648
1175.3499776202732	227.0	0.6762577051055271
1174.9494360895874	382.0	0.5092968452984242
1176.4989076445538	142.0	0.7846035378919238
1175.9217093655654	343.0	0.5483638190367734
1175.3954078822333	340.0	0.5512722313509576
1176.506244937019	303.0	0.5904038917890496
1175.823677197629	1535.0	-0.13249711732401465
1176.6597438718095	303.0	0.590446383021622
1176.3171976490555	597.0	0.3266856027884212
1175.7901180518068	298.0	0.5956004910740965
1176.895267506415	331.0	0.5609774668934799
1176.9967896944115	1293.0	-0.04696492351309509
1176.965428936376	375.0	0.516741812661378
1177.724635626619	382.0	0.5101699475990753
1177.7996599113785	360.0	0.5317985698855645
1178.333188572129	389.0	0.503615436926482
1178.8048369588435	574.0	0.34504973069802436
1179.1364275793276	606.0	0.32106029473417297
1179.7314356956595	295.0	0.5999271557389122
1179.5015907870124	1532.0	-0.13000118104694713
1179.6466156349375	284.0	0.6119281840763191
1179.3430736252099	404.0	0.48968734984894363
1180.3686527614313	259.0	0.6401199935775896
1180.4546218276462	154.0	0.769194100000067
1180.4400520287397	323.0	0.5703187505692106
1180.8281378764282	318.0	0.5756684946540312
1180.6804440268218	185.0	0.7290727844729002
1181.403339307614	311.0	0.5832225889493313
1180.9704233950035	300.0	0.5948602412838542
1181.333406010114	690.0	0.2625579196267811
1181.9515103188878	254.0	0.6462276084189038
1183.255122910534	380.0	0.5138349531936923
1182.5677008564305	210.0	0.6983988643843315
1182.8080538397453	251.0	0.6498834006018857
1184.0518911814493	1067.0	0.05199875295634139
1184.8364666866644	232.0	0.6725098408251131
1184.6017189785616	310.0	0.5851737676150143
1184.0957787684672	546.0	0.3688210714106721
1183.255506077973	251.0	0.649992628319944
1183.5628240630983	421.0	0.4752464737604509
1182.9525309593764	792.0	0.19795540643676265
1182.746601478527	415.0	0.48051837554720356
1182.3188239658	273.0	0.6248244776274322
1182.3319027825758	237.0	0.6660400579521033
1182.0020161918485	1207.0	-0.01046377677319802
1181.2991528565667	333.0	0.5601925823284912
1182.1112966236835	336.0	0.557344707535907
1181.6576904458377	534.0	0.3774982002834929
1181.3211297319083	316.0	0.5779128555320941
1181.681815432994	476.0	0.42570402164221527
1181.582995715035	306.0	0.5885943831282969
1182.2477716743642	419.0	0.47665813197433204
1182.0063648888001	354.0	0.5390644100284988
1181.1988253638897	399.0	0.49500025744150533
1181.0638988819792	996.0	0.0850061860733706
1181.26715473674	164.0	0.7561822580406437
1181.4290414337843	170.0	0.7484144638187732
1181.0475024653806	662.0	0.2816245928393429
1180.249528169354	178.0	0.7378979395046682
1180.3692857598103	174.0	0.743053830547575
1180.7802783666298	213.0	0.6943564157047557
1180.1533580846512	226.0	0.6785556871153243
1180.892712314705	383.0	0.5101965793636511
1180.9741317469134	279.0	0.6178014473911725
1180.3086385987854	394.0	0.49946282407409004
1181.310277576787	307.0	0.5874516159360986
1181.347803684217	561.0	0.3560413152715454
1182.4922865585233	307.0	0.5877789999042903
1182.1113112657936	311.0	0.5834202076517014
1182.9277598098083	445.0	0.4532926939559166
1183.2467957867584	203.0	0.707122857752341
1182.9036951217352	210.0	0.6984716161849988
1182.1752996929192	200.0	0.7106011082032295
1181.9534161096835	298.0	0.5972846215885023
1181.5055579782252	195.0	0.7166738646716242
1180.7851528289157	180.0	0.7354468490109541
1180.4995248048733	202.0	0.7077756680914442
1180.1678197435815	207.0	0.7015501699884242
1179.7000543095107	332.0	0.560759425716042
1179.1187695518493	328.0	0.5647323799204853
1178.8932551409864	420.0	0.47463659797230745
1178.5034194995612	352.0	0.5400206291403181
1178.2714147544932	302.0	0.5919667204408086
1179.3080479642335	860.0	0.1565766625022576
1179.5968178429519	603.0	0.3234589067317355
1180.8017368372132	308.0	0.5862444375510868
1180.1085363950215	618.0	0.31261101597458485
1179.978035031616	1262.0	-0.03358833035831222
1180.8770704948604	330.0	0.5631676376001729
1181.4555401550183	258.0	0.6415311306214913
1181.2701919177991	321.0	0.5726467825468717
1181.0006036278676	195.0	0.7165698917778429
1180.4510069969974	323.0	0.5703218814623534
1180.01465965563	398.0	0.4955686912479565
1179.2784538348358	191.0	0.72122454459461
1179.2250103522065	396.0	0.4972146869208763
1179.0432313257372	165.0	0.7544721834025423
1178.9053194114774	1133.0	0.0198560551014101
1179.5621399354166	307.0	0.5869664755308008
1179.963142852291	182.0	0.7327387294507155
1179.7447587279457	228.0	0.6760776432142096
1180.117442512995	403.0	0.49087794856168165
1181.7709193310527	321.0	0.572789177817081
1182.489250725456	296.0	0.5995912721654749
1182.807918254427	325.0	0.5689106071597647
1182.8913834270256	769.0	0.21204631924771217
1183.5823378300788	270.0	0.6285040166309966
1183.278763210315	314.0	0.5805724255024459
1183.7768495857108	258.0	0.642108277610179
1183.4718891143366	282.0	0.6151410312340719
1183.7708482539642	293.0	0.603188266688195
1183.8902942019627	366.0	0.5277085076676952
1183.3640759762848	305.0	0.5901540423838343
1183.057903753953	482.0	0.42104115548977866
1182.4970267299705	346.0	0.5472676832872564
1182.4411117812049	469.0	0.432011233516952
1182.5329657403317	270.0	0.628235632005246
1181.9537194343027	725.0	0.2396249656073761
1181.3517351414418	249.0	0.6518338896895491
1181.2923454232082	195.0	0.7166299723333305
1180.6992165460083	170.0	0.748278524311694
1180.4797369950813	182.0	0.7328400635133159
1180.557268009031	1207.0	-0.011075224182169817
1181.4319300874213	245.0	0.6564855359274175
1181.9091832133906	231.0	0.6730150773390334
1181.6410275796788	202.0	0.7080167529386627
1181.800299572664	602.0	0.32503655241652546
1182.1736977763253	524.0	0.3857600774376784
1182.5924287163323	179.0	0.7370725685236723
1182.2992010915227	353.0	0.5401547792781574
1182.0532607818243	320.0	0.5739165735928181
1182.3971362765544	201.0	0.7094109930847534
1182.422681985387	172.0	0.7460172481047453
1182.3694429169443	273.0	0.6248375265419398
1181.7999536058624	307.0	0.5875873057942428
1181.8561567446507	726.0	0.23893633444697
1182.4719544664304	269.0	0.6293417875939794
1182.73651853711	443.0	0.4550162403946912
1182.1767522990067	360.0	0.5331274453938845
1181.9504924837606	629.0	0.305337166741304
1181.9106511684622	793.0	0.19692569430336607
1182.1366920588127	867.0	0.1537899805708852
1182.4481729843544	336.0	0.557442913129361
1182.2717191109316	273.0	0.6248123337863203
1182.8624548315138	576.0	0.34503121785588786
1182.5945606512523	624.0	0.3091975215788797
1182.3189655178712	379.0	0.5145130388212633
1181.9816749833562	298.0	0.5972923110641201
1182.274615414644	305.0	0.589853821427635
1181.7276104149732	280.0	0.6168916862417203
1181.4219278202058	352.0	0.5408960917881538
1180.8990736663643	245.0	0.6563571650691377
1180.3909217252894	213.0	0.6942710094073751
1179.8341947620052	291.0	0.6043061807560348
1179.7865664143853	285.0	0.6108648092020063
1179.5100939439026	164.0	0.7558633898781147
1179.196773007529	404.0	0.48964019269374953
1179.6089456656396	337.0	0.5555874822403996
1179.0409247902894	690.0	0.2616534064630826
1179.0916649152107	297.0	0.597585966970337
1178.5059863192832	291.0	0.603948534120808
1178.3435890541814	388.0	0.504578685402876
1177.8281099619576	623.0	0.30809609584208364
1178.082632789016	339.0	0.5530896041215898
1177.7615159416187	439.0	0.4569390776915891
1177.4641939020714	505.0	0.39969004769275496
1177.495258328315	503.0	0.4013669511922778
1177.25176795089	239.0	0.6624893886687984
1176.9351782126466	202.0	0.7070203107562618
1177.2942449079503	161.0	0.7593952142997166
1177.2915287318167	584.0	0.3368502709821154
1177.0064687020456	148.0	0.7766048642087335
1177.203672908506	166.0	0.7528297407934391
1176.657886535672	139.0	0.7886988685698404
1176.8662097993144	335.0	0.5568390935273724
1176.7565148167532	286.0	0.6089574756933096
1176.5319493101033	463.0	0.43520466289806037
1176.962231544949	276.0	0.620086477118505
1177.617098828922	318.0	0.5747574693429273
1177.0787143795626	380.0	0.5119064996641282
1176.5775000542053	302.0	0.5914992619745282
1177.0304058294796	564.0	0.3521078114298718
1176.6004738778436	262.0	0.6357571059409406
1176.839431833863	566.0	0.350485202868701
1177.3611316489644	248.0	0.6520180121467252
1177.8436256634056	286.0	0.6092478800522338
1178.3575415719513	130.0	0.801277562333903
1178.9546135643918	722.0	0.24038165367219233
1178.6233636813886	152.0	0.7715356514115805
1178.8599801346118	212.0	0.6951526350201234
1179.5043175973628	228.0	0.6760223082097533
1179.902414579882	161.0	0.7598632111488248
1179.7026231573675	487.0	0.4156126075119062
1179.3805808475558	678.0	0.26993960527936983
1179.2265841460264	213.0	0.6940153241928627
1179.1337504402243	201.0	0.7087238828325347
1178.8048313675606	160.0	0.760980844629066
1179.0940351808754	838.0	0.1691017023657447
1179.0103919614603	283.0	0.6128618489225347
1178.7931995950266	294.0	0.6007586128441643
1178.6242745130828	365.0	0.5270869912756008
1178.4498357776558	331.0	0.5614296120950961
1178.167873436049	1456.0	-0.10547244515648223
1178.4276514311553	526.0	0.38278401015339775
1179.3457946610906	276.0	0.6207086989050974
1179.2096985793496	286.0	0.6096121936985507
1178.728601106701	840.0	0.16779303613224894
1178.3561023997127	426.0	0.4689458289680062
1178.13153209364	1192.0	-0.0058513494793722655
1177.9144698865339	427.0	0.4678844162577853
1178.1065220743155	336.0	0.556173895163357
1177.938626436983	409.0	0.4845421326490835
1178.1677461599952	307.0	0.5865786867594318
1178.052059074886	1014.0	0.07483949041982202
1177.7718974807435	1127.0	0.022029033561299625
1178.0639121241716	207.0	0.7010968256583349
1177.609932161684	147.0	0.7780478668763946
1177.6558952729217	193.0	0.7183830009185926
1177.550754572123	235.0	0.6672685930196057
1177.702181365526	153.0	0.770046217489482
1177.661367097335	340.0	0.5519422087546699
1177.362729006083	195.0	0.7158185720458521
1177.0770900794905	357.0	0.5345735852407502
1176.7709900196235	157.0	0.7645772757470305
1176.9911189335705	432.0	0.4630175456949359
1177.3594360602142	357.0	0.5346592309339571
1177.670601913255	647.0	0.2908309046886717
1178.0313893613602	206.0	0.7023188901878078
1178.303728783916	193.0	0.7185160428738073
1178.49595213416	157.0	0.7648813540031932
1178.9584682227608	542.0	0.3701184427074233
1178.8660266171512	476.0	0.42472684514162024
1179.208025468048	237.0	0.6653034077791319
1179.008480197533	241.0	0.660565407374926
1178.5576831253966	509.0	0.3967613610015155
1178.8233372345014	247.0	0.6535335149176668
1178.895135328984	229.0	0.6746916808594706
1179.1944693719686	248.0	0.6524650209594332
1179.2123798866146	332.0	0.5606176809841781
1178.800942975914	448.0	0.4492257925785663
1179.0191256415967	358.0	0.5341632462113178
1178.9556345498343	286.0	0.6095444896010317
1178.927786252064	511.0	0.3952404307958033
1179.2171394231384	439.0	0.4574275734633554
1179.0716633453037	297.0	0.5975805140423978
1179.4449197300555	340.0	0.5524681473015759
1179.0801704822854	205.0	0.7037743847907779
1178.9538887111148	284.0	0.6117444272283818
1179.1950253335965	184.0	0.7300459632252955
1179.5152686147078	316.0	0.5774031778455728
1179.4096340040091	693.0	0.2597773613052066
1179.3550743060653	145.0	0.7810254926142417
1179.5184142508176	258.0	0.6410480764040017
1180.2858133000368	210.0	0.6979038439563218
1180.4047744020381	294.0	0.6011949973246186
1180.5048641697504	786.0	0.20061219850392212
1180.1090850950802	916.0	0.1259996853088875
1180.2926167111832	299.0	0.5957527312415747
1180.039244133406	384.0	0.5089637278088064
1179.7907298043908	304.0	0.5902387123822016
1179.9541813317412	333.0	0.5598016065405433
1180.3002150022191	378.0	0.5148559996836531
1180.2010309250209	348.0	0.5445625373130976
1180.1685813495608	186.0	0.7277056396418352
1179.826703209577	511.0	0.39556194726519905
1180.1033357753424	420.0	0.4750339048615435
1180.0386152770684	510.0	0.39646349451442614
1180.0362089767436	308.0	0.5860315788796593
1180.3879175566879	252.0	0.6481400088464138
1180.7154214878308	342.0	0.5508024740882508
1180.5223307412448	424.0	0.47149379989728935
1180.450282051664	422.0	0.47330659212752485
1180.088903653089	336.0	0.556754225704849
1180.2716140648179	332.0	0.560925435732248
1180.2216651652448	489.0	0.41409818695159173
1180.5295366994537	1595.0	-0.14933022971660306
1180.4221164401729	1380.0	-0.07794725810184217
1180.2879710923828	1704.0	-0.18157411262553955
1180.595417283719	430.0	0.466035982239167
1180.404864696079	392.0	0.5014006776482882
1180.0331001377633	635.0	0.3002882427303362
1180.2717873246243	881.0	0.14518793162790847
1180.6426196521397	417.0	0.4779808764856375
1180.5686383218997	226.0	0.6786505914569114
1180.845380259701	670.0	0.27600651340633425
1181.101153443685	534.0	0.37729620328480085
1181.3562992476495	291.0	0.6047152443349529
1181.62087099109	203.0	0.7067789396317625
1181.431034822469	190.0	0.7229171643697047
1181.5138430075638	289.0	0.6069401163760232
1181.3579768052255	352.0	0.5408769441648619
1181.2430748233069	161.0	0.7601030647579328
1181.3275044438915	177.0	0.739385384716236
1181.127107496256	494.0	0.4101940112015003
1181.3248496829976	1440.0	-0.09868107356029701
1181.1439989088246	705.0	0.2524430792051319
1181.3590586851933	443.0	0.4545540930358366
1181.5694299790769	360.0	0.5329435145780153
1181.7813256302825	374.0	0.5192126376134717
1181.643816313121	298.0	0.5972003576610259
1181.451601001865	283.0	0.6135071998195185
1181.5092303049264	577.0	0.34376232998225675
1181.7738370148718	773.0	0.20911566815274593
1181.653624746561	384.0	0.5094700463365137
1181.8539557507856	288.0	0.6081243325254138
1182.0037179676617	1056.0	0.056301835853108446
1181.8782087153531	276.0	0.6213675486058544
1181.5279109531607	792.0	0.19737643880852399
1181.4148112667838	354.0	0.5388868240655635
1181.657218052429	410.0	0.484813695625141
1181.8818819148225	920.0	0.12459400509996647
1181.630094212489	176.0	0.7407246631460522
1181.4432555348858	247.0	0.6541689716508761
1181.6437116378384	1142.0	0.017061011307062723
1182.0837310571844	126.0	0.8073517818340763
1182.3390682575232	230.0	0.6742991747955213
1182.0901141026397	396.0	0.49812751951091183
1182.1379308787302	258.0	0.641700986456796
1182.263020767915	181.0	0.7344606326986788
1182.341445012278	479.0	0.4233575506852416
1182.0024432495045	386.0	0.5076538283957525
1182.1890005671592	237.0	0.6660064305666318
1182.1164258724857	138.0	0.7909275313974014
1181.8624099202425	397.0	0.4971062741052214
1182.1543251513956	468.0	0.4327803250074047
1182.2676939497194	191.0	0.7218313649385344
1182.4006846672248	256.0	0.6440491127001573
1182.3050074119287	360.0	0.5331662696160216
1181.994745566695	436.0	0.4610612905948677
1182.048790884114	1008.0	0.07947256317237167
1182.1626160380642	415.0	0.4803284326433176
1182.263286028656	263.0	0.6360524721794042
1181.9169540313499	803.0	0.19089813972406888
1181.6025777152122	241.0	0.6611843619922847
1181.4372901892189	293.0	0.6025602418636625
1181.154192422297	623.0	0.3093716683233748
1180.8645109383106	599.0	0.32691505862519993
1181.142223706503	418.0	0.4772197321747197
1181.0051751995582	451.0	0.44730567420553347
1181.179037973458	305.0	0.5895514709776885
1181.0301692491112	417.0	0.47810747503479034
1181.4259820956731	236.0	0.6670020121247213
1181.2543192322987	519.0	0.3895030947672115
1181.2851524642745	243.0	0.6587761943883703
1181.0818481976387	225.0	0.6799617315472605
1180.843110543267	1146.0	0.014974413352317424
1181.144599131851	440.0	0.45717365343519994
1181.0509350502614	307.0	0.5873797156148683
1180.8062247521134	469.0	0.4314483810721854
1180.6339688176583	850.0	0.1628230266482594
1180.6741354957746	310.0	0.5840807959052715
1180.8232625962553	320.0	0.5735673773520328
1181.0006650347511	904.0	0.13285399361257963
1181.0844511135126	433.0	0.4634729307982799
1180.95714893587	513.0	0.39431761857463465
1181.0836812062669	435.0	0.4616615401062523
1180.9931935798093	920.0	0.1242237216081181
1180.9775334727549	329.0	0.5642319270229906
1181.1543212765246	1130.0	0.022133667494895103
1181.0128956282297	308.0	0.5863031127476547
1180.743849680563	190.0	0.7227782564273005
1180.5977593564019	814.0	0.18379533298718445
1180.8979228199396	202.0	0.7078598547778693
1180.75014857693	187.0	0.7265582457518819
1180.9878025789824	527.0	0.38289957433624006
1181.0588267132111	226.0	0.6787625425328949
1181.3504144548863	1302.0	-0.04858339155152907
1181.5121477604926	362.0	0.530939875626853
1181.3447242865593	1105.0	0.03339160690668912
1181.1548913717297	665.0	0.2795837412039769
1181.0037371767648	340.0	0.5529268052541457
1181.0836917424442	572.0	0.34743560425062026
1180.8274520549735	309.0	0.5851868623124309
1180.5226333232722	399.0	0.4947840675628497
1180.8670341078023	266.0	0.6323089907649647
1181.1954839281213	200.0	0.7103958095327683
1181.3261472705653	341.0	0.5520013886493489
1181.1658679250527	153.0	0.7706432105957686
1181.2309980154744	445.0	0.45272227556473427
1180.9281077065668	332.0	0.5611159600924123
1180.8937374322998	180.0	0.7354679574914945
1180.72919868288	149.0	0.7758942194431963
1180.6371860245567	267.0	0.6311230430143554
1180.7630308724579	155.0	0.7679229078547544
1180.5063838627746	141.0	0.7866071602501749
1180.4113086179248	185.0	0.7290193821709917
1180.584082658568	195.0	0.7164840703548607
1180.469226434411	293.0	0.6022991254333572
1180.3993925187608	203.0	0.7065200388292826
1180.6305725055747	162.0	0.7586826885705712
1180.5171699687216	381.0	0.5120130507336891
1180.53940744129	255.0	0.6447328458164547
1180.7787451236431	729.0	0.23656077766976824
1181.0602509753448	337.0	0.5560123522324236
1181.0043106327541	633.0	0.30209647651917726
1181.1196145744416	375.0	0.5180319090026344
1181.1446574481854	417.0	0.4781448624734149
1180.9968026182864	449.0	0.4490786739228383
1181.2021303029476	367.0	0.5259016987294979
1181.145816903167	346.0	0.5468671083398723
1181.3315784021142	533.0	0.3781833027928051
1181.203305274712	285.0	0.6112408163660474
1181.1390712654797	341.0	0.55194632811508
1181.5335854927948	278.0	0.6190563851860436
1181.4564046308585	249.0	0.6518593657326361
1181.314663244191	342.0	0.5509791794800355
1181.1334550951444	210.0	0.6980879163952859
1181.356125815853	227.0	0.6776383531991951
1181.2462758979718	248.0	0.6529639374513175
1181.804995817133	291.0	0.6048356695876781
1181.7022098051716	468.0	0.43262487348517237
1181.8238319050663	768.0	0.2122365236969853
1181.8505227368498	1071.0	0.049204561784323066
1181.6988681350947	204.0	0.7055637343854544
1181.5460013452393	216.0	0.6908867403404477
1181.5004027422292	251.0	0.6495637983493592
1181.6579680133902	563.0	0.35460129111601435
1181.870423891803	298.0	0.5972620370149548
1181.8860636449351	167.0	0.7523882787420375
1182.024278603586	1116.0	0.02873088818874718
1181.9421551341989	472.0	0.42924243325583233
1182.1096107413432	345.0	0.5481660287207308
1182.2691846399382	249.0	0.6520570656139146
1182.108168378065	233.0	0.6706965513921747
1181.852280376917	359.0	0.5340241182468408
1182.0799303543058	544.0	0.3696699782746038
1182.189576262518	502.0	0.40386758465277156
1182.2130890990309	224.0	0.6814138600522939
1182.247602206592	235.0	0.6683712858160912
1182.1537683330162	337.0	0.5563319434479714
1182.2538871120512	936.0	0.11625324452857942
1182.1287303882452	1264.0	-0.03346973059703211
1182.4183138618557	428.0	0.468461087015787
1182.7218828084763	503.0	0.4032230285081392
1182.9961362401305	294.0	0.6018946931731155
1182.8193275777217	992.0	0.08774031256667794
1183.035988784371	345.0	0.5484399549064748
1182.9894124625007	423.0	0.4732219319535808
1182.8331622603785	250.0	0.6510410191712617
1182.6735396509707	297.0	0.5985600985065164
1182.42514363592	498.0	0.4072928486151045
1182.389040424678	194.0	0.7181029573729499
1182.2567739236254	208.0	0.7007747001829366
1182.1641552280498	733.0	0.2345303685858538
1181.917976315463	153.0	0.7707724328916467
1182.1589409438227	276.0	0.621440444864874
1182.2127144011333	366.0	0.5271967519765873
1182.3894097915686	534.0	0.37776358097566354
1182.2812211291118	497.0	0.4080800836135974
1181.9527281949124	583.0	0.33935907666347825
1181.8891106111355	812.0	0.1855113750522279
1182.1185149114626	347.0	0.5461437467192115
1182.2417916420604	351.0	0.5421465786892118
1182.188721892555	355.0	0.5381178707023931
1182.0473876761691	195.0	0.7167853455950104
1182.1877008210026	176.0	0.7408311091410844
1182.0506422267758	235.0	0.6683251917790076
1182.239170379562	386.0	0.507728148498451
1182.1153041955486	232.0	0.6718796560483045
1182.0218620573771	1223.0	-0.017038571910347675
1181.9337063787914	519.0	0.38974693951485406
1181.7741263026458	202.0	0.7080448374335039
1182.1539307117175	246.0	0.6554993201924579
1182.007187663122	650.0	0.2903957971593668
1182.0755055513348	256.0	0.6439686247185558
1182.0052939958832	463.0	0.43708387846542857
1181.9499630824369	261.0	0.6382410940398092
1181.7423509637115	672.0	0.2749801506658733
1181.842163063332	388.0	0.5056827888443624
1181.7435129006954	385.0	0.5085347450557437
1181.9173979589846	151.0	0.7734293209298384
1182.0116431184347	192.0	0.7205263856946075
1181.8809665514013	199.0	0.7117781983816017
1181.764680826856	271.0	0.6269182427456076
1181.9340313682787	157.0	0.7654850854159572
1181.730687379917	781.0	0.20416998111689963
1181.602474653661	247.0	0.6542075148513504
1181.4037814807045	388.0	0.5055447112101018
1181.1688173407206	226.0	0.6787876518936844
1181.0593313347379	612.0	0.3173678201217887
1180.9943154458347	1144.0	0.0159115724284
1180.781548212496	192.0	0.7202759605124298
1180.8938156692657	1590.0	-0.14764412191375192
1181.091555818253	181.0	0.7342322559348554
1181.2947910296598	701.0	0.25516449034368693
1181.2200794413225	458.0	0.4411976698624932
1181.1495773041115	344.0	0.548896704796572
1180.9313560512728	732.0	0.2346824179713221
1180.7004001648063	1110.0	0.030864097356301894
1180.5691153154999	526.0	0.38355851482433934
1180.6208456108775	263.0	0.6356384007620646
1180.6753422565769	488.0	0.4151049186834994
1180.7840210380207	1031.0	0.06772090747256822
1180.6734208271575	287.0	0.6089048204766816
1180.8387165027082	367.0	0.5257903861854228
1180.8710677058286	320.0	0.5735809599033191
1180.8792781683103	1261.0	-0.03281109043678418
1180.7680675921515	330.0	0.5631361198599452
1180.702140016831	1047.0	0.060017960936115465
1180.5696015119104	1053.0	0.057114674835097204
1180.2864376211817	362.0	0.5305670967860577
1180.4266843148791	590.0	0.33349400432436593
1180.5878818289846	349.0	0.5436679328517067
1180.4494939295078	229.0	0.6750504349587525
1180.7143493029648	431.0	0.4651657718547966
1180.6601334124775	283.0	0.6132982055879401
1180.8315388938224	641.0	0.2963125444746646
1181.0395525832234	236.0	0.6669112029092221
1181.1769288078824	374.0	0.5190257866200614
1181.3632620934193	154.0	0.7693511505497349
1181.538224192234	221.0	0.6848570738565348
1181.7135069309397	733.0	0.23435020712324459
1181.5094336079385	235.0	0.6681984681154713
1181.5271500432405	179.0	0.736866699066886
1181.4587391264263	230.0	0.6740960346565277
1181.4002007772224	525.0	0.38466955200676173
1181.2791473497587	315.0	0.5789555704790317
1181.3235856130532	544.0	0.36939365515402445
1181.2110431305193	238.0	0.6646023843289499
1181.0829191010687	566.0	0.35206280845419113
1181.2318184862436	894.0	0.13840950968830165
1181.0887204735113	285.0	0.6112104321927367
1181.2059636252711	242.0	0.6599227291269019
1181.0584217461533	205.0	0.7041971726678858
1180.9097757073766	327.0	0.566287048113869
1181.3822472482088	252.0	0.6483840922631953
1181.5092356446157	348.0	0.5449520775814937
1181.5440206549558	651.0	0.2895122925698331
1181.3354842940369	1011.0	0.07769590261815576
1181.500389206271	844.0	0.16662568469736339
1181.4034715466416	512.0	0.395300637322571
1181.219063798477	300.0	0.5949282488564896
1181.1395276479955	353.0	0.5398071770679322
1181.0114036593634	913.0	0.12798946710175668
1180.9035805989404	152.0	0.7719264885886212
1181.0128213579987	347.0	0.5458153293614265
1181.209352120744	661.0	0.2823834063820602
1181.38419231793	196.0	0.7154025709120975
1181.2596681686985	1556.0	-0.13690346450836105
1181.2368722702088	589.0	0.3345523311299607
1181.1070117026397	165.0	0.7548486137200968
1181.4511798101432	202.0	0.7079766847606125
1181.2693523134567	816.0	0.18288437255113418
1181.1924171492249	263.0	0.6357826050365907
1181.0808166173367	328.0	0.5652982976283208
1181.1862618231887	528.0	0.3821621296712478
1181.0537873907965	1151.0	0.012887261671791028
1180.9176076790109	763.0	0.21498730503192162
1180.9617892290694	537.0	0.3748405775183425
1180.7731764596795	409.0	0.4854611889844359
1180.5713473196843	230.0	0.6738910081549047
1180.3843830192627	412.0	0.4825369999939065
1180.8329380933892	160.0	0.7613423783763642
1181.064378306979	169.0	0.7496415686310737
1181.202964441983	468.0	0.43245311815413773
1181.377389560073	273.0	0.624581622404652
1181.35750036023	818.0	0.18173713320142237
1181.3908453482993	223.0	0.6824245889402756
1181.2630500620317	641.0	0.296479177385307
1181.3954003050505	308.0	0.5864093578684116
1181.2726928188522	1147.0	0.014720222817782593
1181.4295257002204	958.0	0.10443416014233678
1181.551521885914	445.0	0.45283012064193046
1181.6394486200202	301.0	0.5939673664016448
1181.7315244548115	351.0	0.5419941530531908
1181.5345240020886	569.0	0.349912849820126
1181.6191997408332	144.0	0.7827430380788798
1181.5124637232736	494.0	0.41032966248159325
1181.3176661470025	241.0	0.6611164921365863
1181.3408140730573	183.0	0.7317385830397055
1181.3092058836107	235.0	0.6681515603742934
1181.5298220033503	289.0	0.6069443874231861
1181.7119095009164	720.0	0.24278751539295332
1181.8721743541953	176.0	0.7407708865030603
1181.675907866233	555.0	0.3608479308244671
1181.5929785971111	551.0	0.3639590985227848
1181.4936371686645	264.0	0.6347268597915029
1181.3139009763877	224.0	0.6812100131588129
1181.0603923566773	429.0	0.46710073480900405
1181.240206926975	748.0	0.22456519689534638
1181.2643312333648	305.0	0.5895750256659956
1181.4415614994464	287.0	0.6091094020698512
1181.4153975432127	302.0	0.5928315150292182
1181.313157327979	603.0	0.32410967489249864
1181.2096697941065	294.0	0.6014125910101534
1181.0136321845062	351.0	0.5417795342989118
1181.1278931914435	258.0	0.6414495178356203
1180.9281193095953	348.0	0.544779122569682
1181.0290087622502	482.0	0.4203348258383776
1181.2008413286003	1008.0	0.07911601259183088
1181.0994502318015	905.0	0.13235200757141374
1181.0354657561356	339.0	0.5539577758057562
1181.0931574964172	770.0	0.21069888739906162
1181.1122292828638	314.0	0.5799646423190434
1181.0084938337868	346.0	0.5468263583376483
1180.8849309958948	620.0	0.31144962198430065
1180.9221763265166	417.0	0.4780722037932454
1181.0494150111676	534.0	0.3772774179844575
1181.009808840409	209.0	0.6992826976172858
1180.9070532416058	188.0	0.7253283200567762
1180.8616789019873	316.0	0.5777832989460995
1181.0279307981718	142.0	0.7853408885867851
1180.8330113043382	323.0	0.5704310284825462
1180.6377517976707	612.0	0.3172072836396737
1180.4400445923588	170.0	0.7482302147648238
1180.528359441958	177.0	0.7392319670246008
1180.5800813420326	821.0	0.17964811135657335
1180.6849782782654	317.0	0.5766800033416609
1180.641760238974	133.0	0.7975094823785063
1180.6869100853962	248.0	0.6528280643585145
1180.831052709259	171.0	0.7470098062072298
1180.96877538835	269.0	0.62895752713302
1180.873162613166	491.0	0.41263486850574393
1180.7413939388243	215.0	0.6919200061936065
1180.8868606085196	274.0	0.6233384087537954
1180.7113227784514	308.0	0.5862193088917128
1180.7895102008815	1047.0	0.06005482546186225
1180.6644308587904	982.0	0.09186096003803101
1180.7693341053882	298.0	0.5969621588342158
1180.9444745078717	1081.0	0.04418520243721567
1181.1422090001054	328.0	0.5653159814311746
1181.0636589808644	782.0	0.20328615282300144
1180.8875904845956	286.0	0.6100587368040682
1181.00757128593	607.0	0.3210319578641971
1181.1727399581334	827.0	0.17636567458112057
1180.9249650997135	554.0	0.36135566535217933
1180.7360823316444	738.0	0.2307436058603914
1180.576503992627	344.0	0.5487271395051441
1180.6080228580975	326.0	0.5672397928937554
1180.453558742542	600.0	0.326014433733667
1180.3868873440988	345.0	0.5476557418155196
1180.435011747008	191.0	0.7214596413771093
1180.5301213129599	734.0	0.2332322256735952
1180.4423849343555	167.0	0.752122982225862
1180.6038138843328	200.0	0.7102716970811497
1180.465299543904	564.0	0.3533835265769292
1180.6311687609564	190.0	0.7227554657585104
1180.7815153941128	199.0	0.711548534634255
1180.93358968421	297.0	0.5980874890820229
1180.7987549181776	476.0	0.4253979264687368
1180.887238878787	314.0	0.5799014242231274
1180.9437578640259	317.0	0.57675313464102
1181.0561395827372	495.0	0.40932766115670466
1181.172090909072	321.0	0.5726188737726583
1181.0682930517646	400.0	0.49401300151567346
1180.9433441967485	299.0	0.5959304777815198

Average Payoff: 0.5003