19.0	19.0	0.0
9.8675054795926	20.533333333333335	-0.3508399198908223
9.464397327006166	17.066666666666666	-0.28654219602626946
11.100943664541676	14.733333333333333	-0.14060349624223809
11.08337627155683	21.333333333333332	-0.31619362935682604
12.132827773197535	22.933333333333334	-0.3080036485124192
11.909090215192391	18.066666666666666	-0.2054185479199947
12.252770639083352	13.266666666666667	-0.039730344185718615
13.033021800678998	19.133333333333333	-0.1896488273924432
13.736474055556828	18.466666666666665	-0.14688606468267598
13.677277611022935	17.6	-0.125417641450821
14.57917449573045	16.8	-0.07077386642442499
14.647910099180098	23.133333333333333	-0.224593540689318
14.570392221161493	17.533333333333335	-0.09229274985989912
14.684586628405755	22.666666666666668	-0.21370313802332172
14.930575045747284	18.133333333333333	-0.09686568964764067
14.940233932775573	13.333333333333334	0.05683402396019574
14.882324246964979	18.533333333333335	-0.1092604291145529
14.851333611736807	16.933333333333334	-0.0655032731723951
14.776554595750609	14.933333333333334	-0.005276988521698499
14.735682691735565	22.066666666666666	-0.19919880395509007
14.83766435933913	20.866666666666667	-0.16885913092549534
14.795346778247103	22.733333333333334	-0.21151787197111582
14.66968671019444	25.8	-0.27502840260440664
14.682129707711645	22.4	-0.20812910027342188
14.662026761765063	25.066666666666666	-0.26189232534527684
14.618140081138291	22.8	-0.21866025144809417
14.6377504162034	20.533333333333335	-0.16762585307618197
14.751149395143074	20.4	-0.16070173243431526
14.757790243982114	22.0	-0.197025166854353
14.685806986421719	16.733333333333334	-0.06516812128128839
14.615374603387586	12.933333333333334	0.06105699308722148
14.546134563157052	22.066666666666666	-0.20540717593013913
14.67194954578141	23.6	-0.23327921781300268
14.66679590151856	20.2	-0.1586955140389155
14.653407215184778	20.466666666666665	-0.16552526259023426
14.589499419438061	19.2	-0.13644773257308626
14.613527626462723	18.4	-0.11469457055241032
14.582194287308228	14.533333333333333	0.0016781751171239235
14.682319905644132	15.6	-0.030304154279303656
14.663503345562491	12.933333333333334	0.06269450489418858
14.651993161730614	14.733333333333333	-0.002768054035961858
14.649947607670482	11.933333333333334	0.10219258790388294
14.608432087333348	24.333333333333332	-0.24972933663759647
14.938161789447145	21.333333333333332	-0.1763139766430436
15.021928633962943	21.666666666666668	-0.18111181358283548
15.021245793008552	21.933333333333334	-0.18704278884339187
15.035993903942915	21.666666666666668	-0.18065918545516568
15.030400784882897	20.333333333333332	-0.14995397631719098
15.00837275895781	23.0	-0.21025965230670718
15.002892412460216	14.6	0.013609900236999626
15.043799456914762	15.2	-0.005164712962330022
15.053077007172005	18.733333333333334	-0.10892711859801214
15.031517557212165	20.466666666666665	-0.1531106232131839
15.067576786926194	17.066666666666666	-0.06221057865038856
15.016397113034825	23.4	-0.21822980594191602
15.044018780911243	22.2	-0.19213772985090502
15.043811152827091	24.666666666666668	-0.2423253519532254
15.014710625844211	25.133333333333333	-0.2520327694613894
14.995073547427475	20.0	-0.14301802926030546
14.953911009144415	12.933333333333334	0.0724552648872999
14.930473345933517	19.066666666666666	-0.12166297868585925
14.92958407571881	24.133333333333333	-0.2356134633068066
14.931311038785527	16.466666666666665	-0.048899825405460014
14.941224178473437	16.733333333333334	-0.05657882210957119
15.047306037110888	13.933333333333334	0.03843851371041986
15.01819606671331	12.6	0.08755807442571635
14.986582029272954	15.4	-0.01360528045993391
14.982353428839028	15.133333333333333	-0.005013330948970662
15.152422047535476	14.4	0.02546058818208518
15.115818534692822	21.333333333333332	-0.17058050681543085
15.10629014226227	19.2	-0.1193282584844301
15.10246191868069	22.466666666666665	-0.19601744904081028
15.094754503330389	19.866666666666667	-0.13649079481446835
15.075067891991912	20.333333333333332	-0.14850332857108886
15.197253436812142	20.8	-0.15564372356970657
15.2278875999486	25.066666666666666	-0.2441714332318515
15.329390017458579	13.266666666666667	0.07213313966946383
15.390534376127261	15.666666666666666	-0.008891087453725145
15.402521920450662	16.2	-0.025234634171182165
15.384444276350104	19.466666666666665	-0.1171332069439964
15.34091712957116	18.133333333333333	-0.08341982763308393
15.34613324605681	28.4	-0.29840047074605935
15.344602067367493	13.333333333333334	0.07013296828840085
15.34945326512015	19.266666666666666	-0.11316153888031427
15.320095877507772	13.066666666666666	0.07938310003947796
15.299077834060107	14.0	0.044338522919309495
15.290949672853142	13.133333333333333	0.07590750271696242
15.263185410449724	20.333333333333332	-0.1424338138057141
15.251951248462227	17.0	-0.054199782768836975
15.240549904408866	20.066666666666666	-0.13668924460648266
15.281753828851249	17.466666666666665	-0.06671811356869722
15.291659746555295	12.0	0.12061046404371806
15.350136879285108	18.6	-0.09572459552284804
15.343233620639491	18.266666666666666	-0.0869813067291753
15.37012127666984	16.066666666666666	-0.02215701525398588
15.378047008873546	28.6	-0.3006489348755899
15.383013257286834	20.8	-0.149710769089201
15.360596393124624	19.066666666666666	-0.10764928559977462
15.365387764494448	21.933333333333334	-0.17609036920092663
15.36758453198839	22.066666666666666	-0.17895595397722186
15.368911653618122	23.133333333333333	-0.20166153122620772
15.372667530899674	19.933333333333334	-0.12917537219724803
15.365714838428476	17.533333333333335	-0.06588696680791477
15.395465347749168	22.0	-0.17661324951658502
15.381922134644766	18.133333333333333	-0.08209429289051316
15.384865794522687	17.466666666666665	-0.06336997747680136
15.412177154787235	20.933333333333334	-0.15190751496943958
15.412021642775539	21.666666666666668	-0.16868571432982335
15.412358837300763	25.6	-0.24840417502232454
15.436297112908045	16.8	-0.042303335346350994
15.420798469007307	19.733333333333334	-0.12267504965202664
15.411684971917186	17.6	-0.06628910429577889
15.409445812246314	19.333333333333332	-0.11294109502999437
15.388416027101266	14.066666666666666	0.044873388208624986
15.374473471218995	24.533333333333335	-0.22950045606288688
15.376765402551584	17.266666666666666	-0.05789529912503289
15.36709056173619	23.8	-0.21530599585822285
15.36259126963782	19.266666666666666	-0.11273921619140174
15.377822717533943	20.066666666666666	-0.1322869656354191
15.366254886809871	17.8	-0.07338016069333239
15.360981998447015	20.866666666666667	-0.15197466220106878
15.34972164209459	22.533333333333335	-0.18962598702502345
15.33945143044738	28.4	-0.29859881965645935
15.327143543299247	14.866666666666667	0.01525070447984046
15.32871663945697	16.066666666666666	-0.02350504913458919
15.319349276407614	19.2	-0.11241957930663056
15.323551245146074	19.4	-0.11739723065980362
15.319726423440882	26.4	-0.265588356551003
15.338756369003832	19.0	-0.10662132290559656
15.335872776646603	25.066666666666666	-0.2408460959161451
15.358712662047578	29.8	-0.3197896150412014
15.347133189736217	17.533333333333335	-0.06648932861287837
15.403104345346346	15.933333333333334	-0.01692052534572998
15.417517084508463	25.0	-0.23708737217715894
15.396976375132612	22.333333333333332	-0.183840445832448
15.412898740469887	26.733333333333334	-0.26859897162431934
15.4928157083051	16.4	-0.028444785182722566
15.484731732934382	20.6	-0.1417571371993029
15.49551901391216	21.066666666666666	-0.15237457906445126
15.50985830714166	20.4	-0.13617825085892363
15.517760584598763	19.6	-0.11624429768427615
15.50813587555889	19.8	-0.12155453744619914
15.516849631741078	18.933333333333334	-0.09917171427089042
15.511427442277322	19.666666666666668	-0.11812007812364347
15.510775424736561	23.933333333333334	-0.21353145434864454
15.51249317978483	16.4	-0.02781063877445231
15.509222736537792	15.8	-0.009287271865834995
15.494939819263111	14.4	0.036626259356360207
15.49355364468158	16.066666666666666	-0.018159347949133615
15.488835609970941	16.866666666666667	-0.04258413437428209
15.486804287031223	18.133333333333333	-0.07871856671696195
15.486308523431886	17.8	-0.06950880344509794
15.493533083938312	20.0	-0.12696585897505297
15.486413124782528	24.4	-0.22347426546808777
15.475119154594159	19.933333333333334	-0.12590819043162652
15.4643819426055	18.933333333333334	-0.10084830817686198
15.466216639248938	20.666666666666668	-0.14392568628937294
15.462538688394213	21.866666666666667	-0.171558111600793
15.463647935543484	16.266666666666666	-0.02530761958052719
15.447232804998972	20.066666666666666	-0.1300739690766219
15.448290180080633	21.466666666666665	-0.16303355064375027
15.449858920244273	23.133333333333333	-0.19914045376524317
15.440566361541782	17.666666666666668	-0.0672390925338936
15.433630582830288	16.0	-0.018017944687530776
15.415340121470377	19.333333333333332	-0.11275231029923893
15.40744199927177	16.333333333333332	-0.02917040697208358
15.40745239842925	14.333333333333334	0.036116028499838096
15.41772987532111	18.733333333333334	-0.09708639048086785
15.450306764550833	18.866666666666667	-0.09955306545209598
15.449187232453513	16.6	-0.03590770521572408
15.469486844591398	15.266666666666667	0.006598749510098617
15.496501373306907	17.066666666666666	-0.048219058152826864
15.522104362819496	20.533333333333335	-0.13898677399910042
15.518641904026094	14.6	0.03050077446896087
15.538786777256929	18.333333333333332	-0.08250285328914728
15.535662107032284	21.333333333333332	-0.15725058838878836
15.527338475143175	14.733333333333333	0.026238847135820316
15.523485068522485	19.4	-0.11100023161696213
15.515997923114169	18.0	-0.07411392262835621
15.50343204808032	20.0	-0.12665164161679435
15.49428264117948	25.4	-0.24222743911995462
15.481407421175412	20.866666666666667	-0.14815803534670766
15.477512962799262	19.533333333333335	-0.1158446824229465
15.47887400799001	18.133333333333333	-0.07897307363327763
15.479948871499943	15.266666666666667	0.0069367701485232485
15.475465423636061	17.266666666666666	-0.05470631045316401
15.462692949013974	22.866666666666667	-0.19316716459368416
15.463532854398728	22.333333333333332	-0.1817558218930958
15.480602132170358	16.933333333333334	-0.0448181061725453
15.4808557347861	17.2	-0.052604016221766504
15.529095453470346	15.2	0.010709571779249376
15.523486914409352	21.0	-0.14994496824535222
15.523245198334632	20.666666666666668	-0.14212307251585654
15.515041791036833	30.333333333333332	-0.3232021091718038
15.509041003083885	17.533333333333335	-0.061263525121994726
15.507842893545321	26.266666666666666	-0.2575451845248844
15.500123535312222	20.666666666666668	-0.14285323918714124
15.499327577678217	20.066666666666666	-0.1284187096699728
15.584069417401825	22.0	-0.17070877853443756
15.575228898216848	15.066666666666666	0.01659695727613562
15.566036280755279	17.133333333333333	-0.04793049747059282
15.574336331318849	22.733333333333334	-0.18688155830633418
15.581713633385728	19.6	-0.11421519737461326
15.578361404115238	13.133333333333333	0.08515791537700013
15.588262192361576	20.2	-0.1288617419546771
15.597229294005714	20.466666666666665	-0.1350224994540541
15.590025522200218	16.533333333333335	-0.029365167427708866
15.587390875659084	22.066666666666666	-0.17207377408727945
15.581991639271079	21.133333333333333	-0.1511995794182526
15.573868670098463	24.533333333333335	-0.2233879257512965
15.568435257212437	22.8	-0.18847692626266757
15.561160394565453	21.866666666666667	-0.16847107532546232
15.561887828687412	25.933333333333334	-0.2499431311415343
15.556330999424569	24.266666666666666	-0.21872626817992746
15.557641707698174	25.866666666666667	-0.24886414193817089
15.550053304688358	22.333333333333332	-0.17905685395710977
15.542335075010975	20.466666666666665	-0.13675279384255068
15.539438873805125	21.266666666666666	-0.15560537331405283
15.53580175760316	17.933333333333334	-0.0716341061463351
15.532391327664774	18.4	-0.08450947782148466
15.530565383496027	17.266666666666666	-0.052934384234477695
15.520559794901743	20.733333333333334	-0.14378520728776034
15.516612000194863	15.4	0.0037718233871851074
15.511509937054818	19.066666666666666	-0.10281504344070079
15.510610532033628	18.2	-0.07977872324236815
15.506579477366492	17.2	-0.051776142589456155
15.50218832394958	15.0	0.01646400968402894
15.499747357627902	21.0	-0.15069289626802382
15.50026554894525	16.666666666666668	-0.03626087529588274
15.49381884252583	20.466666666666665	-0.13828644840931412
15.49402631966274	15.2	0.00957926850653629
15.493779777939649	14.6	0.02969981785388213
15.49677493384106	16.8	-0.040351554259784664
15.502265657440708	19.2	-0.10655599202256813
15.50711963347155	18.4	-0.08531778569810246
15.50110836381246	20.666666666666668	-0.14282211992584876
15.497361623643735	17.4	-0.05783559174510863
15.493240680604336	20.466666666666665	-0.13830474973233664
15.502240760695898	15.8	-0.009512393747797727
15.50338614571041	20.6	-0.14116719782792841
15.49483319983966	20.866666666666667	-0.147734100258476
15.486072267878253	20.066666666666666	-0.1288394237985886
15.482632499719378	27.0	-0.27110766971318695
15.47363019277275	17.733333333333334	-0.06804907467025971
15.46738707854536	24.2	-0.22014590737129217
15.462548687625922	22.2	-0.1788899463032802
15.463602724829846	16.066666666666666	-0.019126507748755954
15.458621195558644	23.866666666666667	-0.21380760137256463
15.451193237470363	28.333333333333332	-0.29421672688481254
15.487474519846335	18.266666666666666	-0.08233633116196125
15.48495326800967	18.466666666666665	-0.08782241920691491
15.482329129336309	23.0	-0.19535384267925537
15.489001946506182	20.4	-0.13683852398051724
15.490723267744524	22.866666666666667	-0.1922952372811226
15.485519102607698	16.4	-0.028680132020102854
15.489201015912508	15.466666666666667	7.279508194345628E-4
15.485272558413193	25.733333333333334	-0.24862705938757085
15.486210855760289	24.333333333333332	-0.2221804055706953
15.488600971525413	15.333333333333334	0.005037569565113333
15.47775850582485	24.2	-0.21982697164948697
15.474510398989276	23.6	-0.2079485966181397
15.47383721239859	20.2	-0.13248260229092515
15.509565497042743	14.2	0.04407891785469217
15.509517797310586	20.266666666666666	-0.132969709895867
15.530095678481967	18.466666666666665	-0.0863779603002034
15.52604948697378	22.133333333333333	-0.17544854300683596
15.538892200595233	20.533333333333335	-0.13845669511132502
15.536818831787635	16.533333333333335	-0.031072958320088516
15.535738339438593	29.133333333333333	-0.30440737818563546
15.552381908145831	18.8	-0.09453836710764082
15.549607207710581	19.866666666666667	-0.1218947954341229
15.54579428435383	16.866666666666667	-0.040751993016168976
15.538148285770331	22.6	-0.18516503898707914
15.57753538101819	18.866666666666667	-0.0954915802983322
15.574358549682277	28.933333333333334	-0.30014979924737273
15.569131849527528	14.266666666666667	0.043654443575690184
15.563700468690108	20.533333333333335	-0.13767427240419544
15.558070580772755	16.066666666666666	-0.016082223289778992
15.552569941303997	21.0	-0.14903001532979676
15.550312097949327	16.133333333333333	-0.018401330637552317
15.565020540103017	23.733333333333334	-0.20785381544318762
15.577840599122156	22.0	-0.17090283258660344
15.587942508985574	16.8	-0.03742310863612775
15.582246086370494	20.533333333333335	-0.13709006823414388
15.580129253895146	23.0	-0.19232363627593926
15.573760419071188	11.6	0.14623520476328003
15.576627083524443	17.466666666666665	-0.057198885723409185
15.569899307800842	17.466666666666665	-0.05741418040639424
15.566104288018233	25.533333333333335	-0.24251497397952296
15.560231658005808	18.066666666666666	-0.07453661008103908
15.554190565783552	22.6	-0.18466672545623572
15.548838663541378	23.266666666666666	-0.19883363458671535
15.552022524021105	30.666666666666668	-0.3270245090743701
15.548829744484477	22.933333333333334	-0.1918941919641074
15.546699093167287	29.866666666666667	-0.315324956296561
15.549510908811545	15.466666666666667	0.0026710010265860677
15.54861824755034	18.666666666666668	-0.09113027779642213
15.543526870185298	22.666666666666668	-0.18641988268422222
15.552709222115245	22.333333333333332	-0.17897419877766918
15.550570216737727	21.533333333333335	-0.16133045725668066
15.552912260915951	20.6	-0.13960390528594666
15.553267944318737	18.266666666666666	-0.08023075010519275
15.549700724593873	17.266666666666666	-0.05232041443228251
15.546818522281797	16.066666666666666	-0.016443873279957125
15.5437315800129	23.0	-0.19344957310395955
15.537972688234793	19.266666666666666	-0.10713209639699278
15.534509838224903	25.2	-0.23728013912923254
15.529413143912972	20.0	-0.12582777086631797
15.525744629327237	19.2	-0.10580782096662979
15.518830696031086	21.533333333333335	-0.16232527289190615
15.516280282816963	24.8	-0.23027222878842357
15.513529306416327	14.066666666666666	0.04891322021890113
15.506826078066895	24.266666666666666	-0.22024318167932758
15.504070352906924	16.6	-0.034136781879866664
15.501882720486979	26.0	-0.2529552056762652
15.498900969475887	24.133333333333333	-0.21786388064539217
15.490659316257721	27.533333333333335	-0.27990600768174123
15.486252034849386	24.533333333333335	-0.22606634264823658
15.477608520244177	29.666666666666668	-0.3143047061377225
15.486852871313246	20.6	-0.1416900261965316
15.511065361910491	18.733333333333334	-0.09409620534147038
15.51849111124814	20.4	-0.13590517690825765
15.526980410717378	18.466666666666665	-0.08647751885101669
15.533738047167061	18.0	-0.07354569148730168
15.53473173007433	14.733333333333333	0.02647669730662243
15.530285382698393	20.133333333333333	-0.12906844892231167
15.531530611076628	15.4	0.004252314983388695
15.53056694144748	17.2	-0.05100532054757894
15.53121240491489	22.533333333333335	-0.1839538812985895
15.522658953835515	19.4	-0.11102651293791704
15.529334320923255	21.066666666666666	-0.15130976599386306
15.524662725573517	16.0	-0.015078266770507862
15.53005124326671	23.4	-0.2021561365936929
15.531574349170889	18.0	-0.07361496436537422
15.522715210008128	20.933333333333334	-0.148414826606693
15.519793461685703	14.4	0.037426510417582694
15.515846064841568	21.466666666666665	-0.16090903949733887
15.513479983087208	18.333333333333332	-0.08331222570008068
15.509136460207271	23.4	-0.2028023301895375
15.506573889204335	19.266666666666666	-0.10813179092184118
15.5054800029629	24.333333333333332	-0.2215892641141391
15.50074437321091	22.333333333333332	-0.18059351183656774
15.499114143681402	23.4	-0.2031122309658556
15.500202762595077	16.666666666666668	-0.036262897968257844
15.493984353011923	14.133333333333333	0.045925555397331556
15.489667934055493	28.533333333333335	-0.2962920524217024
15.493351582878143	19.133333333333333	-0.10512071136070633
15.492235358932296	20.0	-0.12700706493915545
15.48594418745442	18.666666666666668	-0.09313263026356418
15.479661596409853	18.4	-0.08619738999694161
15.480797497300022	21.733333333333334	-0.16801509793388605
15.480989422672005	15.933333333333334	-0.014399288954107912
15.478513376355842	16.666666666666668	-0.036962097854814434
15.479402634538463	13.866666666666667	0.0549557745304434
15.481443885036915	13.733333333333333	0.05983651830157963
15.483152138518637	17.6	-0.06398567623236612
15.48311892648829	18.133333333333333	-0.07883682627665559
15.480421368696504	13.066666666666666	0.08455344723916358
15.480948488997834	18.466666666666665	-0.08795074894003663
15.481915134826188	14.133333333333333	0.045536737702632044
15.480349773829476	19.266666666666666	-0.10896811527174466
15.479652837613047	19.0	-0.10209926355600335
15.518148290087089	19.133333333333333	-0.10432988356846462
15.51845562374854	22.466666666666665	-0.18291927533615887
15.540907327817191	27.266666666666666	-0.2739178665055965
15.59301465307951	18.8	-0.09324525283023831
15.592181041102977	19.333333333333332	-0.10711802987699695
15.589918290874081	19.8	-0.11896274171990852
15.586276696735164	14.4	0.03956065331926729
15.606201044472515	19.333333333333332	-0.10667378244251449
15.601991121098992	22.066666666666666	-0.1716194822228926
15.599523721424985	24.0	-0.21213579076533207
15.598303001615195	23.733333333333334	-0.20683172859730922
15.597579755517483	24.8	-0.22779632592285817
15.59594819726173	20.0	-0.1237234018414786
15.593006909196134	15.6	-2.2418777465803343E-4
15.591400993248163	14.2	0.046704785503827326
15.589644036176887	18.6	-0.08804876589641542
15.587745358962064	22.933333333333334	-0.19069009030218204
15.58676468930015	16.466666666666665	-0.027451100869508607
15.58374147956886	18.133333333333333	-0.07561723156330412
15.583619071354361	16.4	-0.02552497035511583
15.581015856060755	18.8	-0.0936267897788656
15.577899361426853	21.266666666666666	-0.15439908563184593
15.57269242256105	19.266666666666666	-0.10602876576015398
15.572038796154903	24.733333333333334	-0.2272971083791543
15.568314598103145	20.933333333333334	-0.14698017868419713
15.56747938839267	21.866666666666667	-0.16827383397524154
15.567754589067468	25.8	-0.24734833960837405
15.565117564140017	12.133333333333333	0.1238980563754102
15.559976165630536	24.933333333333334	-0.23147915751224635
15.563898420987671	18.933333333333334	-0.0976726172216302
15.568346386869145	16.2	-0.01988311275124905
15.567538287221485	24.466666666666665	-0.22228812560897104
15.566646124167136	22.866666666666667	-0.18993992483105848
15.5638577039469	16.933333333333334	-0.042141353934726074
15.567488700113092	18.733333333333334	-0.09229646537722203
15.571553525231808	26.066666666666666	-0.2520547970846479
15.568734362669066	16.533333333333335	-0.030047876660118964
15.566272748368961	20.6	-0.13918291460814283
15.561332112941887	20.066666666666666	-0.1264548868319648
15.558818459442367	16.533333333333335	-0.030366143105129577
15.55914088051281	17.6	-0.061547406395157156
15.558683720397694	16.866666666666667	-0.040338282567665786
15.555070935486432	24.466666666666665	-0.22266888608806445
15.551196655490683	19.6	-0.11518251808582133
15.54723076460916	23.066666666666666	-0.19473392747884186
15.54364606126651	19.133333333333333	-0.10351787654912743
15.542919434900378	21.2	-0.15396382900718078
15.538019975270934	13.733333333333333	0.061653679722663085
15.533993387886225	21.733333333333334	-0.1663478572482979
15.531128539268764	26.6	-0.2627243049142246
15.530774273551835	24.6	-0.2259917953395989
15.548507777900639	20.866666666666667	-0.14604238397543726
15.543731784379485	31.666666666666668	-0.34151236615817865
15.547095887733425	17.133333333333333	-0.048537840028654605
15.543224324631094	18.266666666666666	-0.08055164516018556
15.558787888016424	19.933333333333334	-0.12325398693514739
15.554700656232427	25.133333333333333	-0.2354164538782409
15.555010232341084	19.533333333333335	-0.11338019116080736
15.550890425177556	22.2	-0.17613119849453643
15.548744309806715	23.2	-0.19745815836042124
15.543996404431558	25.666666666666668	-0.24563230746302453
15.541966846896003	18.666666666666668	-0.09134243314722927
15.539826999185193	30.8	-0.32931009865624083
15.53551702295564	20.4	-0.13536699566439864
15.530550758522365	24.466666666666665	-0.22341843966667058
15.528261424959979	15.066666666666666	0.015087296721564896
15.526056001436524	18.066666666666666	-0.07562979310523381
15.523745856131589	17.466666666666665	-0.058893498503312366
15.52295492245703	23.866666666666667	-0.211825130772861
15.519438988403397	23.933333333333334	-0.21326497099658198
15.536402714771818	19.6	-0.11565205801559739
15.53267926633838	21.333333333333332	-0.15734422189848124
15.53287309802875	19.866666666666667	-0.12242513878556369
15.529592885596783	18.733333333333334	-0.09350457772536949
15.528977356066124	21.066666666666666	-0.15132099621366396
15.526668879406184	24.333333333333332	-0.22093988873669657
15.523729798709004	20.133333333333333	-0.12927602919944414
15.519982972131768	27.666666666666668	-0.28126015322157444
15.518921490985285	18.933333333333334	-0.09910561325402531
15.516479590769618	23.733333333333334	-0.20934758997329692
15.512692104684877	15.266666666666667	0.007993195694745998
15.512021541193997	24.266666666666666	-0.22008380667873972
15.508843599413487	23.0	-0.1945308064431363
15.50392092987227	21.533333333333335	-0.16279318009410165
15.502766343222078	16.466666666666665	-0.03015068559853517
15.498147088615678	13.133333333333333	0.08259488229150279
15.492030548202681	17.733333333333334	-0.06745758430583176
15.491036411288208	23.0	-0.19508343471129944
15.491119975360427	11.6	0.14363082733011515
15.486486747871385	13.533333333333333	0.06730411867036529
15.486495286980068	15.133333333333333	0.011533766502286854
15.484296567703353	21.133333333333333	-0.15427095584550787
15.485875989850781	23.2	-0.19940414460753106
15.487234982014503	21.466666666666665	-0.16180785838254133
15.484878231160685	23.733333333333334	-0.2103220614384247
15.483898119495596	21.866666666666667	-0.1708881400780257
15.48260590423468	23.8	-0.21173223884489556
15.505999497511857	21.733333333333334	-0.16722463488023076
15.507308393233739	15.2	0.010007662973855897
15.506085388569526	23.666666666666668	-0.20832289920785188
15.545961232364299	20.666666666666668	-0.14140662336298984
15.54263307996332	23.666666666666668	-0.20719659976589108
15.539351155920293	21.866666666666667	-0.16915234176372915
15.535768252401235	11.866666666666667	0.1338969181596864
15.531057700321668	24.733333333333334	-0.2285462513345835
15.527517333736348	21.733333333333334	-0.16655057220906525
15.522748092172254	22.466666666666665	-0.18278561590314535
15.520681571146273	24.733333333333334	-0.22886292917732898
15.521085304791832	19.6	-0.11613862896918087
15.531138989219723	16.666666666666668	-0.03526723807152826
15.542141647347687	19.466666666666665	-0.11210107422445321
15.538314985851631	17.4	-0.05652034765433624
15.535593979458698	19.0	-0.10031407082796619
15.561666963154204	18.8	-0.09424260587585113
15.559291732713293	22.8	-0.1887602179346742
15.558033665309702	15.466666666666667	0.002944976024437729
15.55765224219175	19.333333333333332	-0.10821365544314411
15.555353241018166	23.066666666666666	-0.1944826667171267
15.552285178860267	23.133333333333333	-0.19596554084002926
15.551434190800034	20.733333333333334	-0.14281197031472687
15.547943542368978	16.933333333333334	-0.04265194980683469
15.545612741921337	18.6	-0.08945182156092119
15.54210569260234	21.866666666666667	-0.16906625305220024
15.565330558501097	17.933333333333334	-0.07068946936147671
15.562177532772772	21.466666666666665	-0.15945647944321414
15.558596782919969	18.466666666666665	-0.0854679608302056
15.573498011101348	18.133333333333333	-0.07594411044082428
15.574812612928556	17.866666666666667	-0.06853327373997233
15.581057128547052	20.2	-0.12908905555414227
15.576406098637595	14.0	0.053299447315548254
15.574038617030956	18.4	-0.08318002504278096
15.570921330361177	19.266666666666666	-0.10608499465062823
15.569537463236252	25.133333333333333	-0.23496612604787356
15.567125811859638	20.266666666666666	-0.13114829689386817
15.561722492020268	20.933333333333334	-0.1471873578442737
15.561083917745652	22.066666666666666	-0.17289321439310323
15.55691708634292	25.0	-0.23283532359112497
15.553689759544545	21.333333333333332	-0.1566850097725755
15.553772845330647	22.133333333333333	-0.17458386050684918
15.549196035772878	32.93333333333333	-0.35856498255715763
15.545917614786543	27.266666666666666	-0.2737687819737071
15.542649165231477	18.133333333333333	-0.07692972783235841
15.539986935715868	22.466666666666665	-0.1822491346756343
15.534477263478445	32.06666666666667	-0.3473065569064745
15.532558249023541	20.133333333333333	-0.12899649721880757
15.52928848640096	14.533333333333333	0.03312935109385044
15.529604951605963	24.6	-0.22602751906809007
15.528423711697883	15.533333333333333	-1.580600102026632E-4
15.525134108161755	19.533333333333335	-0.11432899147289846
15.519637082555473	24.933333333333334	-0.23270716968364877
15.523283814479944	21.0	-0.1499513628987755
15.523457552495596	19.2	-0.10588065551784798
15.522409388028473	18.466666666666665	-0.08662363383753946
15.527221367236399	18.6	-0.09003893401393652
15.53316133606513	18.266666666666666	-0.0808733503135166
15.531229492245027	24.733333333333334	-0.22854100964539975
15.527217562799589	16.2	-0.02120521397341989
15.525213788645864	13.533333333333333	0.06854714542166218
15.526521346178079	16.133333333333333	-0.01916660683688958
15.531124109797299	15.666666666666666	-0.004344620355990806
15.531202803000326	22.066666666666666	-0.17382537776346577
15.529981937842877	23.0	-0.19387546234015537
15.534403205070475	17.8	-0.06796572240972075
15.536623810511156	24.266666666666666	-0.21932967730798766
15.542087490765642	18.266666666666666	-0.08058797917290511
15.540210415018684	25.6	-0.2445245049429519
15.537280078994911	28.333333333333332	-0.29167709906564826
15.536216436903272	24.333333333333332	-0.22064751037136815
15.534192231664283	17.2	-0.050888922400973584
15.529821362689484	28.266666666666666	-0.29081887331787565
15.524461028914832	22.066666666666666	-0.17403589726628
15.521537606368776	22.866666666666667	-0.19133817794799118
15.521637499549376	16.666666666666668	-0.035572832952134294
15.521651450484413	17.733333333333334	-0.06650677777261083
15.518416751741	19.866666666666667	-0.12288369829484885
15.516262752795672	23.533333333333335	-0.20530482729846838
15.516143426533349	20.133333333333333	-0.1295163443183521
15.512322278548375	25.466666666666665	-0.24291337205576963
15.507983439451946	21.333333333333332	-0.15812002404280454
15.503607855472236	14.2	0.04388718911908459
15.502739930059379	23.266666666666666	-0.2002591068098248
15.500526469673064	15.933333333333334	-0.013768810651082538
15.500209621718097	15.933333333333334	-0.0137790293710952
15.495824481315484	19.8	-0.1219457423628966
15.493581376609345	16.866666666666667	-0.042431235020852345
15.490445657893915	17.4	-0.05805802578560619
15.486616888465221	22.533333333333335	-0.18534260049682846
15.483435831772058	17.0	-0.04668730783535499
15.48378683475357	20.0	-0.12727540006590152
15.483182318606639	16.0	-0.016415674761312816
15.481093544870037	23.933333333333334	-0.2144453302487948
15.478948713104389	20.933333333333334	-0.149795187603809
15.48762400108601	22.8	-0.19098536902437663
15.496020280982869	19.6	-0.11693575756339858
15.494329556676185	23.0	-0.1949811967051673
15.493379334883926	19.133333333333333	-0.1051198256480871
15.491168659787851	19.533333333333335	-0.11540962593384956
15.49003863232313	19.733333333333334	-0.12046815691432121
15.489031266395372	25.4	-0.24238697828358557
15.487485407832425	19.333333333333332	-0.11044679776453047
15.486818543779043	20.066666666666666	-0.12881572919726172
15.484584874446501	22.0	-0.17381585383369427
15.484609360391957	25.0	-0.2350372348885107
15.48184235397709	16.133333333333333	-0.020606906815885135
15.480626997907443	26.0	-0.2535972516187671
15.489251298392283	17.666666666666668	-0.06567199769793838
15.486111848818481	19.666666666666668	-0.11892530247663381
15.482797351943196	21.2	-0.15585514357601046
15.48254381403388	15.333333333333334	0.0048420001152975145
15.480471832141346	20.666666666666668	-0.1434745611937261
15.479153595589777	18.933333333333334	-0.10037576606648495
15.478074759708603	17.266666666666666	-0.05462226388257217
15.474621739775229	20.733333333333334	-0.14523635988113892
15.471794792669453	27.333333333333332	-0.2771055492638127
15.46834263746565	23.6	-0.2081392967700728
15.467676067942142	23.333333333333332	-0.20271785159106273
15.466603289837085	24.466666666666665	-0.22537757079830073
15.462503808878132	21.8	-0.1700770357147042
15.458373322987413	22.4	-0.1833577638899151
15.455518560160167	16.4	-0.02964891116294806
15.462774573080516	17.466666666666665	-0.06085411771783633
15.467220237582648	19.733333333333334	-0.12119448880700298
15.46306284258211	21.733333333333334	-0.16857198910068621
15.460706707208194	15.333333333333334	0.004136299547158101
15.45766510175138	22.133333333333333	-0.17758688275093457
15.477537337076784	19.6	-0.11752428978432858
15.474407656193026	17.466666666666665	-0.060479478930992134
15.47508758351958	13.266666666666667	0.07683667801308966
15.491885859381373	18.333333333333332	-0.08400381554848732
15.48994663553288	20.933333333333334	-0.14944800969197
15.488471290098197	24.6	-0.22728551168655664
15.486741951432126	14.6	0.02947284730475504
15.484570800758593	15.333333333333334	0.004907454665547969
15.4826782337293	16.0	-0.016431949100075643
15.480487499138048	15.733333333333333	-0.008100444849489605
15.47857104282706	24.133333333333333	-0.21848892212602034
15.474463237733657	17.933333333333334	-0.07360168427657378
15.469595787172649	26.066666666666666	-0.2551281760430638
15.468137840483758	18.933333333333334	-0.1007281193104012
15.465451098868094	29.466666666666665	-0.31160818283393316
15.463511983534659	20.733333333333334	-0.1455878628003778
15.461524155664788	15.6	-0.0044581149218962885
15.457395898366451	18.2	-0.08148592689450045
15.455130639786116	16.133333333333333	-0.021469948463601802
15.450973755491129	30.4	-0.32603508759110206
15.448082929960467	16.733333333333334	-0.039937658208002075
15.44467094989363	20.8	-0.14775493637422818
15.440495237938423	15.4	0.001313054074715619
15.442244187147924	17.466666666666665	-0.06151593677808036
15.440214577399649	18.2	-0.08203828237333671
15.44091441612957	20.866666666666667	-0.1494385494358368
15.438688348856973	16.8	-0.04222602471949804
15.437415233029649	19.066666666666666	-0.10518324887435884
15.434561314268468	16.133333333333333	-0.022135528101109858
15.439898702206559	17.866666666666667	-0.07286154959490519
15.444135457021998	13.2	0.0783453723150111
15.44269256883478	18.733333333333334	-0.09628506175405836
15.443263031057986	11.466666666666667	0.14777431264443464
15.44019237994498	11.933333333333334	0.12811133952359466
15.440469507461783	21.0	-0.15256473277326496
15.436435003409706	14.733333333333333	0.023304841529727047
15.43572374884286	23.0	-0.19680327344908835
15.43488432183598	25.0	-0.2365560292452373
15.430876569314583	15.133333333333333	0.009735021351082668
15.429442511067894	21.333333333333332	-0.1605942610877293
15.424583645609193	13.933333333333334	0.050795508187637575
15.421285750489604	16.2	-0.02462626775061916
15.418136746443546	18.133333333333333	-0.08092630756368466
15.415951190582158	20.266666666666666	-0.135940571835009
15.413487718558919	14.866666666666667	0.01805872734120071
15.411726882584501	24.933333333333334	-0.23600426916681502
15.408406481019941	22.933333333333334	-0.1962594000363131
15.419314450157755	24.466666666666665	-0.2268303790750335
15.415945471958725	25.133333333333333	-0.2396439134721774
15.416819726525164	25.133333333333333	-0.2396171869552513
15.427268216224244	20.0	-0.1290737901626192
15.437305962933218	28.666666666666668	-0.29995848253485247
15.439078648258565	12.0	0.1253350628985798
15.438646635169945	11.466666666666667	0.1476280883238086
15.440311665200241	14.933333333333334	0.016691389258397672
15.43753249565783	27.333333333333332	-0.2781285954144101
15.437036496881573	15.0	0.014358707258715867
15.439044454125709	16.8	-0.04221451252411817
15.43718164243495	20.866666666666667	-0.14955673508779257
15.436836883920522	12.933333333333334	0.08824422029955377
15.443787761699845	19.266666666666666	-0.11013623900707678
15.450535200428574	18.933333333333334	-0.10129163126263589
15.448062781217516	17.866666666666667	-0.07259863506418951
15.447300217646202	18.266666666666666	-0.0836260668670324
15.445437834296253	18.2	-0.08187030227604591
15.445041307264331	20.4	-0.13823275164510687
15.451599238138554	25.333333333333332	-0.24228884227963202
15.448779302932603	24.133333333333333	-0.21940602590382619
15.448003324541489	21.0	-0.15232649717522914
15.445307854106833	19.6	-0.11855202308934189
15.45637811818292	34.06666666666667	-0.3757904755116578
15.455023635457547	19.8	-0.1232441767581888
15.452166489363927	19.066666666666666	-0.10471096056360381
15.44824742034296	24.4	-0.22464608004534403
15.446358390097775	18.733333333333334	-0.096167483599106
15.445706692517513	24.066666666666666	-0.21818380525464726
15.446258623170134	17.133333333333333	-0.051783174952454505
15.445924197259199	14.6	0.028154374340609065
15.446815717896369	19.0	-0.10314986183926496
15.44674010921486	19.866666666666667	-0.1251628477961108
15.454318250351786	15.733333333333333	-0.008946331923481685
15.46306814826444	18.066666666666666	-0.07765043573332465
15.462556846683205	22.066666666666666	-0.17597246097122826
15.469794088006891	21.8	-0.16984815899560116
15.467089143199454	21.2	-0.1563503127944317
15.466673968529914	16.6	-0.035342799586334656
15.463530715681312	21.4	-0.16103908575944906
15.461701343606954	12.133333333333333	0.12061474280570347
15.4603409754387	18.066666666666666	-0.07773809458481992
15.457194564811765	22.4	-0.1833946100602385
15.456688924108455	17.4	-0.059145067245824856
15.455263888872286	31.8	-0.34588180799423257
15.452563624389835	17.533333333333335	-0.06308058597316141
15.452593284774286	17.133333333333333	-0.05157870967600715
15.450761293691572	19.333333333333332	-0.11161917770960932
15.455086971712939	18.533333333333335	-0.0905675031082091
15.455519948684195	22.0	-0.17472671745798873
15.461051691881593	16.866666666666667	-0.04348017881111594
15.461518720634354	17.733333333333334	-0.06843876300474239
15.465731649446917	23.0	-0.19586962284289255
15.463931204500007	21.666666666666668	-0.16705186066996575
15.462948978317874	15.866666666666667	-0.01288613601020743
15.458426841043158	24.133333333333333	-0.21910888664921024
15.45542299640327	19.2	-0.1080516894566649
15.45359733711707	17.133333333333333	-0.0515463089544495
15.452103274705157	22.533333333333335	-0.18641960422088832
15.45032250868337	20.866666666666667	-0.14914078179310114
15.44915699251927	19.6	-0.11842918242988461
15.448200120315349	16.6	-0.035939612064345754
15.445997950459704	20.0	-0.12847718537661412
15.442985469758673	26.466666666666665	-0.2630344236936979
15.44011117980141	22.866666666666667	-0.19387053425977444
15.437164252587614	15.933333333333334	-0.015816423675995492
15.436003291749293	26.266666666666666	-0.25971150973588086
15.434155443727654	21.933333333333334	-0.17392600097856645
15.43252878914012	15.8	-0.011765656676114372
15.4367025828544	22.666666666666668	-0.18974605727033297
15.437222769968809	18.2	-0.08213452248792037
15.438954782459902	21.866666666666667	-0.17229874840638143
15.43935916510158	21.0	-0.152599852530445
15.441697400961706	21.4	-0.16172714666731827
15.446596914907632	17.4	-0.05947048609488683
15.444126183691596	20.466666666666665	-0.13986158712519103
15.44227982126984	22.933333333333334	-0.19520348722206507
15.445154099151761	22.533333333333335	-0.18663669127903876
15.442689109324304	17.0	-0.048001905311483926
15.462988637116116	24.733333333333334	-0.23062669024873383
15.463374369263017	18.933333333333334	-0.10088055502499141
15.468043664830292	20.733333333333334	-0.1454444583356631
15.46738320139442	14.8	0.022049583769887058
15.464519529784729	16.0	-0.01701854909013875
15.461631989583244	19.133333333333333	-0.10613397959725257
15.460693209325095	24.333333333333332	-0.22296412036859195
15.457777374719203	27.8	-0.2853180023182112
15.45419400507973	17.933333333333334	-0.07425345708070154
15.453188474194787	13.866666666666667	0.054110833764559524
15.450710677453248	17.2	-0.053575842186942425
15.45077611401976	18.8	-0.09778534287313022
15.45097088451196	18.533333333333335	-0.0906995897006717
15.450289346890806	23.2	-0.2005084770143542
15.447334911709408	21.0	-0.1523476298539099
15.447819159017055	24.133333333333333	-0.2194356057720875
15.446526824971556	18.0	-0.07634494273175149
15.444082942446004	24.466666666666665	-0.226069011797277
15.441694126832106	19.933333333333334	-0.1269720344827747
15.441749916626145	19.933333333333334	-0.1269702571431357
15.440401525009563	17.333333333333332	-0.05775758596039
15.437495521431343	21.4	-0.16185965940870725
15.436726503303719	10.733333333333333	0.17972420389294722
15.433180047985083	21.066666666666666	-0.154342747319544
15.432156232818008	17.266666666666666	-0.05610325605566583
15.429814822873558	17.466666666666665	-0.061917012141275506
15.427982277929502	19.466666666666665	-0.11573936150352357
15.426634662245851	16.0	-0.018244566875083097
15.426949353085554	15.4	8.742140773282959E-4
15.42342545707171	16.333333333333332	-0.02865241639636538
15.422510859121468	19.733333333333334	-0.12262036578080697
15.418968744496933	16.733333333333334	-0.04087933068228682
15.419158488235121	12.466666666666667	0.10587787182799084
15.42433941104079	15.466666666666667	-0.0013702129195598384
15.424240677586953	15.733333333333333	-0.009920305593691184
15.43830694457133	22.666666666666668	-0.18969596451743861
15.437322400542266	22.133333333333333	-0.17822448935203455
15.454207373381749	18.0	-0.07609783122955836
15.45247424815663	23.933333333333334	-0.21532779460290738
15.45005576048598	21.333333333333332	-0.15994386916989972
15.447613187015392	20.333333333333332	-0.1365453019399422
15.445324954808326	22.4	-0.18376576376332757
15.443438762477745	21.666666666666668	-0.16769631431177537
15.44096679617232	20.266666666666666	-0.13514476884939636
15.438326132987141	24.733333333333334	-0.23138220635717166
15.436255493246952	20.133333333333333	-0.13205319473854502
15.441592962693454	20.8	-0.14785241484342065
15.441502527366234	16.866666666666667	-0.04411157223862908
15.46286970319529	21.133333333333333	-0.15494677479185617
15.462937860318146	19.933333333333334	-0.12629566116040433
15.46414710533737	15.266666666666667	0.006426137626417429
15.470269996958654	15.466666666666667	1.1647340301227185E-4
15.469331441068567	21.666666666666668	-0.1668821505111836
15.474311562347019	21.466666666666665	-0.16221430486140218

Average Payoff: -0.1176