18.666666666666668	18.666666666666668	0.0
9.8675054795926	21.8	-0.37680563529378797
11.10898157360493	28.466666666666665	-0.438595092307264
12.33438184949075	26.6	-0.36640155751428327
14.416070743638306	19.333333333333332	-0.14569924193269657
15.220442190101855	23.266666666666666	-0.20906284508169193
14.994408086650063	24.466666666666665	-0.24004056248418454
15.56914286908335	24.066666666666666	-0.2143900653755758
15.773995545010276	18.4	-0.07684218403818291
15.644686183149426	22.066666666666666	-0.1702930284440474
15.772996277054371	25.266666666666666	-0.23132915108565238
15.833142328044762	26.933333333333334	-0.259553559970176
15.624270738409908	18.8	-0.09225262274174126
15.368967497072461	19.4	-0.11593765340506444
15.094125108242798	19.133333333333333	-0.11801075537014177
14.814186661933629	16.4	-0.05080424985092766
14.768372889295923	13.8	0.03389667633674564
14.775703782403292	16.933333333333334	-0.0680446253556923
14.835369928080244	33.06666666666667	-0.3805954409167172
14.871978788017023	29.266666666666666	-0.32612436857466315
14.893677661600357	13.333333333333334	0.055278411467196455
14.844478034776571	19.6	-0.13806340628596717
14.92021024627393	28.6	-0.31433188572192833
14.883878702715771	20.866666666666667	-0.16734815936751243
14.775152124234527	25.666666666666668	-0.2693131730485516
14.937521309615418	28.6	-0.31380929091540116
15.26606052038533	20.8	-0.153438978357139
15.224205714929642	17.533333333333335	-0.07049148640261296
15.185748479410863	17.466666666666665	-0.06985450163645258
15.36090894258419	21.733333333333334	-0.17179012158677454
15.382491667073454	21.4	-0.1635970827477474
15.290287887768955	24.333333333333332	-0.22822359912799536
15.253202339776655	19.2	-0.11455532119482308
15.21658332243916	23.133333333333333	-0.20643460797984634
15.233283804904232	23.733333333333334	-0.21813670656281028
15.229926678955241	23.8	-0.2195769772138902
15.173893569567085	27.6	-0.2905067879832638
15.076182890148637	21.4	-0.17336839024237038
14.965412901843436	26.933333333333334	-0.28563910634256723
14.844931838459763	22.6	-0.20710594947792085
15.070392834056335	17.866666666666667	-0.08489749464577889
15.140582571220037	22.866666666666667	-0.20327922305266571
15.092874238615984	21.533333333333335	-0.17584291472344146
15.119418893480725	19.266666666666666	-0.12060831309023717
15.17181318807319	17.6	-0.07409375849885884
15.195854069830215	18.0	-0.08447277555417108
15.218097029953968	16.466666666666665	-0.03940599490239732
15.209070022184456	20.2	-0.14095060883238764
15.228977553740759	26.4	-0.26834726920299823
15.224966448952866	20.8	-0.15475471875725183
15.1629427147083	24.333333333333332	-0.23218367745532636
15.120566175302354	26.466666666666665	-0.27282653150978703
15.09670581344456	25.0	-0.24698523196972538
15.053706272405908	26.133333333333333	-0.2690076093593171
14.997348556781436	24.0	-0.2308529111949856
15.245789700401605	22.933333333333334	-0.20135464154425553
15.19965802434879	17.333333333333332	-0.06558497143794648
15.218024594645588	24.666666666666668	-0.23689896482127634
15.306909937802565	22.933333333333334	-0.1994344895103548
15.367090768056915	30.133333333333333	-0.3245297787196942
15.423558964700188	28.333333333333332	-0.29503407784773883
15.442106538137866	27.333333333333332	-0.27799192319063076
15.437134635412791	19.6	-0.11881295111329429
15.495277949408363	18.666666666666668	-0.09283396343210497
15.472610232599656	21.466666666666665	-0.16226783351533505
15.417748694083343	21.8	-0.17148407762050558
15.361817262172329	20.0	-0.13116358538477274
15.339004064182285	27.2	-0.2788263664547012
15.339512340203832	14.466666666666667	0.029284051247762063
15.409819171578269	21.333333333333332	-0.16121409726515015
15.402633802176972	27.2	-0.27691635809662524
15.356465334033219	21.533333333333335	-0.1674410873042876
15.36752377026171	18.933333333333334	-0.1039568647600323
15.40818659589344	16.6	-0.03723464309782134
15.430537140100668	22.066666666666666	-0.17697665033274665
15.417582013464175	22.466666666666665	-0.1860690101767684
15.40160042565987	20.333333333333332	-0.13800873232155697
15.396431460588389	17.6	-0.06678202586978535
15.393379893498567	24.6	-0.23020360197158748
15.399931239446259	20.466666666666665	-0.14126612845978506
15.397635179553145	23.2	-0.2021461880799399
15.380365314886424	16.6	-0.038136984149641784
15.400761108869553	27.466666666666665	-0.28147024871604126
15.504749657956495	19.4	-0.11159657010047015
15.48252606832856	23.133333333333333	-0.19812603897857334
15.468565500573023	18.733333333333334	-0.0954557478991124
15.484733246453565	16.0	-0.016365606451643484
15.462038042303432	26.266666666666666	-0.258925569334546
15.458816999689107	18.866666666666667	-0.09928045588816492
15.471877013423967	20.933333333333334	-0.15001853492643893
15.516762738384953	18.733333333333334	-0.0939142064948669
15.502133035395175	24.2	-0.2190780771615096
15.480069764510006	17.0	-0.046795781120851414
15.487488687677818	18.133333333333333	-0.07869660783433578
15.481945593028602	27.6	-0.28127918180492545
15.465171200330422	20.533333333333335	-0.14078812991421508
15.442572095331437	17.2	-0.05383852410698698
15.416005896164188	21.666666666666668	-0.1685601478672202
15.407290213366773	20.933333333333334	-0.15206241887581343
15.389465146723149	20.6	-0.144779446764056
15.42218091022235	20.066666666666666	-0.13087169839431165
15.41168305108816	23.933333333333334	-0.21658779345735102
15.480884410549953	31.666666666666668	-0.34330059327171003
15.455713557544076	25.466666666666665	-0.24463271819169133
15.439316917189595	29.0	-0.3051505743906921
15.415479364996274	20.866666666666667	-0.15024434599081363
15.394343277430869	16.466666666666665	-0.03365628996435663
15.37145117816823	26.4	-0.26402120373533533
15.345954024208215	21.666666666666668	-0.17077182119170412
15.323601310817116	24.6	-0.2323537552878399
15.341156326724796	21.666666666666668	-0.17092360015533542
15.344518998998831	26.6	-0.26834211643408823
15.345433056624334	24.8	-0.23550790771244612
15.360521440466032	28.733333333333334	-0.30328062632467884
15.346623860465758	22.8	-0.19538756999302215
15.414526799317215	31.133333333333333	-0.3376912813869678
15.396683251092423	19.933333333333334	-0.12840781071811797
15.368099111733587	20.8	-0.15018485963239928
15.334474568097972	23.6	-0.21229323173336498
15.311660218558414	28.333333333333332	-0.2983543370052923
15.287898818306727	27.466666666666665	-0.28485303756952723
15.291240463542733	20.666666666666668	-0.14949218773102246
15.376172497420214	25.266666666666666	-0.2433514580346041
15.373196854780398	18.666666666666668	-0.09675332011279056
15.368860219411237	22.6	-0.1904492191443742
15.348231029518372	26.8	-0.2717022444538994
15.401561835949675	22.733333333333334	-0.19225886067963477
15.437453229568368	24.066666666666666	-0.2184383163013008
15.485980516019627	21.6	-0.16486066699353863
15.48280282795744	19.733333333333334	-0.12069837775241322
15.478148462478545	17.666666666666668	-0.06602897604529687
15.47759392691726	19.4	-0.11246206035031471
15.478196989217516	19.6	-0.1175032745283192
15.484453750812827	14.4	0.03628822396605897
15.54002684926081	18.066666666666666	-0.07518263634619057
15.532934600380775	21.266666666666666	-0.15580962480210936
15.510965851067054	22.666666666666668	-0.18743175895665484
15.485060485748797	15.533333333333333	-0.0015562652233411195
15.469683810810492	14.0	0.04987104104155206
15.464943554767753	16.266666666666666	-0.02526575570241171
15.448250359502687	17.666666666666668	-0.06699144996832872
15.442145071671213	20.0	-0.1285998609596535
15.427546603107427	29.133333333333333	-0.307574418408593
15.416440612088085	24.866666666666667	-0.2345952607177008
15.404625409533278	28.533333333333335	-0.29880104354942344
15.404368568532067	32.733333333333334	-0.3599873712319812
15.449247880493566	22.666666666666668	-0.18935446969908334
15.50254052335985	19.0	-0.101368172418266
15.54388362292553	22.733333333333334	-0.18782582126133981
15.528224485645978	23.2	-0.1980926214987585
15.521133992037573	16.866666666666667	-0.04154442868189884
15.539770458848695	27.533333333333335	-0.27844668293120606
15.525090186919021	25.333333333333332	-0.24005437071140656
15.553340497022663	21.733333333333334	-0.165742668933891
15.591158159567499	16.8	-0.03732011786912416
15.61393256169723	25.266666666666666	-0.2361201716014023
15.617911091303126	20.733333333333334	-0.1407220666856542
15.70470651079824	20.866666666666667	-0.14114756180523186
15.688886574826	21.6	-0.15852212195481954
15.683204220490621	19.6	-0.11101020630191834
15.718571466325937	21.933333333333334	-0.16505836557473813
15.716117417847592	22.666666666666668	-0.18108507276373714
15.699699274128745	22.933333333333334	-0.18723961260570032
15.704132880368855	24.866666666666667	-0.22584060182682084
15.723503777085275	19.466666666666665	-0.10636955838461969
15.730785291868521	22.333333333333332	-0.17345858199100223
15.720051024739963	19.733333333333334	-0.1131988491721943
15.716606865685666	22.533333333333335	-0.1782153496758277
15.710557539418943	21.4	-0.1533106166496613
15.715732941297471	20.666666666666668	-0.1360804613966538
15.718392119618592	22.933333333333334	-0.18666543677324293
15.72004405303656	22.466666666666665	-0.1766746202141219
15.756676539873329	23.333333333333332	-0.19382591148060177
15.753493177783652	20.866666666666667	-0.13962728482349598
15.750042835314854	23.733333333333334	-0.20219371474006873
15.752650021662163	25.933333333333334	-0.24422317748805497
15.796459369385815	21.6	-0.15518957485491766
15.798119520642548	24.933333333333334	-0.2242791055217437
15.779475870147062	23.533333333333335	-0.19723488654939006
15.771873016654965	23.2	-0.19060225768904052
15.757195779454074	26.0	-0.24529435057479904
15.743792156140593	36.46666666666667	-0.39691040794825644
15.736473326443008	25.466666666666665	-0.23615174333438713
15.720369108097335	22.8	-0.18378927969344047
15.726041408159356	23.666666666666668	-0.20157601867391753
15.762254913668077	22.266666666666666	-0.17103855388742095
15.789057020748336	16.4	-0.018979834633175572
15.800157155086254	22.066666666666666	-0.16548812071163368
15.81942205988934	21.533333333333335	-0.1529716138285406
15.814775532883429	23.933333333333334	-0.2042501651531436
15.846574922963613	19.866666666666667	-0.11256585974179197
15.83654910644987	24.6	-0.21672103795208156
15.840229551294158	23.533333333333335	-0.19538754479957857
15.877915781954837	17.133333333333333	-0.0380299923518219
15.889044555101082	21.733333333333334	-0.1553407601072674
15.89020573708253	23.2	-0.18699810157261737
15.893314901742242	19.6	-0.10443333085453259
15.890237618855616	15.4	0.015667430360458402
15.877855062367736	19.2	-0.09470775598238704
15.868351535771904	20.066666666666666	-0.11683075008460306
15.852243490458866	15.733333333333333	0.0037646979755634256
15.84203910116188	15.0	0.027301667649145777
15.838345786894038	17.533333333333335	-0.05079119754006997
15.826454247917145	20.333333333333332	-0.12463787502316767
15.82148063402669	21.333333333333332	-0.14834827874925513
15.822610005600014	21.333333333333332	-0.14831337418794538
15.822456817143525	28.466666666666665	-0.2854924382087898
15.830053007502087	20.333333333333332	-0.12452595792297735
15.820051833956203	19.666666666666668	-0.10839590120576936
15.855796407455756	18.066666666666666	-0.0651742255384003
15.854443650416306	23.066666666666666	-0.18530362976527995
15.855245040823508	23.6	-0.19629215206148531
15.846493462853482	23.866666666666667	-0.2019525310415052
15.830742975718072	16.933333333333334	-0.03365241697079858
15.823910228651043	17.0	-0.03583027625765264
15.822379201658869	17.733333333333334	-0.05694869777185345
15.810120057080322	31.666666666666668	-0.33398525266359697
15.800184133245127	33.733333333333334	-0.36204069723471927
15.822218250223571	25.533333333333335	-0.23482010785151597
15.822602934861134	21.466666666666665	-0.15135892421916156
15.823240362081707	21.066666666666666	-0.1421371515113537
15.848758665348592	29.933333333333334	-0.3076437544267361
15.853801674166265	14.8	0.034377519805459035
15.853273843204429	17.933333333333334	-0.06156461580354681
15.847527319442994	31.066666666666666	-0.32440372633769965
15.835810279061164	21.733333333333334	-0.1569778410473671
15.85952266663549	22.6	-0.1752615962447196
15.84934551522453	20.533333333333335	-0.12874224675994328
15.838938610839234	28.6	-0.2871594549300999
15.860151192108628	21.666666666666668	-0.1547297587663762
15.88768010730375	18.466666666666665	-0.07507016728715567
15.878506510887714	23.2	-0.18735346211535578
15.870257370253663	22.8	-0.17920084067185202
15.858558908700447	23.6	-0.19619168325968944
15.847651790558846	28.0	-0.27714935037998467
15.841884705299957	19.466666666666665	-0.1026601721260255
15.857760748020832	15.066666666666666	0.02558152720973054
15.856110076717917	20.533333333333335	-0.12853242089774605
15.878008434585162	20.733333333333334	-0.13261805397699897
15.873533805259076	19.0	-0.08965154527211809
15.868708861386333	18.666666666666668	-0.08101715306403895
15.891315929585248	21.866666666666667	-0.15825397243746195
15.883508082410332	22.866666666666667	-0.18020973142637683
15.874729248426698	18.866666666666667	-0.08612024184497793
15.86993603542829	21.933333333333334	-0.16039346329435394
15.867348591493855	27.666666666666668	-0.2710367514965441
15.854985790828938	30.333333333333332	-0.3134633997739573
15.845892925631892	24.466666666666665	-0.2138483348172641
15.843842613659612	30.266666666666666	-0.3127882185235539
15.83683520481115	21.933333333333334	-0.16141040309008067
15.83251633870075	15.8	0.0010279403115637212
15.82787955132124	27.866666666666667	-0.2755215045668416
15.85462771758375	22.133333333333333	-0.16528145870566557
15.867261641729257	24.466666666666665	-0.2132052439620009
15.85801755867806	26.933333333333334	-0.25882136328448785
15.848589246924485	20.466666666666665	-0.1271663190459259
15.841523553166146	23.333333333333332	-0.19124025907415707
15.866445269342055	20.266666666666666	-0.12177809110705291
15.861802471847822	18.733333333333334	-0.08300389042136543
15.85021308380155	19.733333333333334	-0.10912684767311186
15.838499199505952	13.933333333333334	0.06399222701764022
15.833604602677147	20.133333333333333	-0.11954669975814794
15.833347187720369	21.866666666666667	-0.16003494063024645
15.85913248290902	29.733333333333334	-0.3043090695366957
15.861596688057624	22.066666666666666	-0.16360016066583621
15.877702280191174	27.333333333333332	-0.265108921609754
15.873746623075025	22.6	-0.1748270955470408
15.867448049339025	17.0	-0.03445816508056369
15.861716025793273	26.466666666666665	-0.2505399442715414
15.863139889042628	18.4	-0.07404050297703918
15.861269945256204	17.8	-0.05759527367496177
15.877329338899381	14.333333333333334	0.05110765104087465
15.868218207496355	22.4	-0.1706842413484549
15.866041414874841	18.733333333333334	-0.08287120618001871
15.866974871152795	21.533333333333335	-0.1515056622314376
15.876300684502349	27.0	-0.2594370115404643
15.868523066122409	24.466666666666665	-0.21316730273254914
15.861358154735134	24.066666666666666	-0.20550248975835664
15.862578042633421	23.0	-0.1836579639553663
15.866499199293925	20.2	-0.12015307548315951
15.86445603829654	21.866666666666667	-0.15907850596718628
15.868248318713473	23.266666666666666	-0.18904904611948345
15.858648705548068	26.4	-0.2494483760685886
15.855367526215863	26.333333333333332	-0.24835952740047068
15.847813291749237	21.066666666666666	-0.14137686297616706
15.839806587947221	28.4	-0.2839115805599996
15.84058134411563	19.266666666666666	-0.09758911668322166
15.851456376381453	21.333333333333332	-0.14742256174490886
15.843492885280199	31.933333333333334	-0.3367708096479761
15.85819423566097	22.666666666666668	-0.1767293189783934
15.854178056202265	23.466666666666665	-0.19359931517536783
15.850136203796632	31.0	-0.32336861797587807
15.84472264883904	22.133333333333333	-0.1655853761300022
15.840323134814584	20.666666666666668	-0.13220327280054892
15.834831817998797	20.8	-0.1355313491452089
15.834982371278302	27.266666666666666	-0.2652261468076167
15.838688788602303	18.733333333333334	-0.08372795014771223
15.880891142423753	20.2	-0.11970626890913615
15.89792471438477	19.4	-0.09921476443593998
15.888411597769352	23.333333333333332	-0.18981617846533358
15.880758149607605	19.933333333333334	-0.11315588406468616
15.87508268367598	19.066666666666666	-0.09134013157127144
15.869238770878532	20.0	-0.11516166416319783
15.861990452529163	26.0	-0.2421769590475441
15.858120318734809	19.533333333333335	-0.1038446470927526
15.857720240924493	29.266666666666666	-0.2971552046391664
15.85703728235953	18.0	-0.06329445485051388
15.849711705312137	22.8	-0.17982768791862927
15.84373178527313	27.866666666666667	-0.27505891749334943
15.836433022249961	18.066666666666666	-0.06578258816688075
15.829005431006157	18.0	-0.06417553638759967
15.828566462343776	20.6	-0.13098054634097275
15.819705041545582	26.0	-0.24343296893990174
15.839480191895014	21.866666666666667	-0.159846257889464
15.84014028373566	20.866666666666667	-0.136937173252982
15.832829106913307	22.133333333333333	-0.16595051544480238
15.830788785808315	24.8	-0.22074912848663397
15.848343412711777	18.2	-0.0690681646029875
15.858289760756541	23.666666666666668	-0.1975556107252915
15.858731087904435	20.533333333333335	-0.1284511422963102
15.871761245598105	21.0	-0.13908309723105847
15.863317081707725	22.533333333333335	-0.17371349270124808
15.859799536555371	21.866666666666667	-0.15922156869275705
15.873817510902658	20.533333333333335	-0.12798353384932276
15.868770225066532	20.866666666666667	-0.13605109573978802
15.860294611181681	16.0	-0.004384937130157237
15.857029820199353	25.0	-0.22377960953197934
15.871365672009043	18.533333333333335	-0.07737221188625834
15.866304098307715	25.066666666666666	-0.2247665487360995
15.859551995882365	33.666666666666664	-0.3595492478865496
15.871747593834385	19.533333333333335	-0.10341978167007296
15.886018381931603	21.666666666666668	-0.15393435322278878
15.87891850698222	16.133333333333333	-0.007947420494509165
15.897854609989416	15.8	0.0030871051430268383
15.898059298710653	19.266666666666666	-0.09579506950438618
15.914931946901273	17.733333333333334	-0.054041460125441046
15.914336488705981	23.8	-0.19855961872953753
15.913666646597504	22.8	-0.1778786136757658
15.912368392706972	20.066666666666666	-0.11546441607186386
15.90696836602489	20.066666666666666	-0.115631859189698
15.922405082376276	24.666666666666668	-0.21543388915999476
15.937178705456084	15.333333333333334	0.019310376861552885
15.92938458297406	25.733333333333334	-0.23531707100947116
15.942780272725011	26.866666666666667	-0.2551746676243532
15.957119711972817	18.333333333333332	-0.0692966528678099
15.970764957997323	22.666666666666668	-0.17330090089101713
15.981453003700429	20.333333333333332	-0.11983769611759669
15.977479074868688	25.4	-0.22772100030748946
15.97414798012182	24.266666666666666	-0.20607233624199628
15.977270345722323	18.8	-0.0811659347101369
15.992901334312105	25.733333333333334	-0.23343663948125107
16.007234720255017	17.0	-0.030077202412105396
16.002299527805338	21.533333333333335	-0.14735421741761487
15.996028882303902	21.866666666666667	-0.15505070886381672
15.988292924933626	20.6	-0.12604324242532944
15.980475679388242	20.666666666666668	-0.1278732989062897
15.974192172741567	17.733333333333334	-0.052188380315093964
15.970306657721762	22.133333333333333	-0.16174377768261386
15.989379592755292	17.4	-0.04224757765642278
16.001923812459722	15.333333333333334	0.0213366839791883
15.992627260152643	16.866666666666667	-0.02659945793298513
15.994225630714073	20.866666666666667	-0.13218456559986258
15.990858636177377	25.8	-0.23471978523387116
15.985655901479094	20.666666666666668	-0.12771389197736144
15.979834030838486	19.866666666666667	-0.10842990418026208
15.979084326403802	20.533333333333335	-0.12473151050612516
15.991133803212724	22.733333333333334	-0.17410696721395777
15.987871099370432	15.266666666666667	0.023075191132324632
15.983217752226516	19.8	-0.10666403100475769
15.97844836643156	21.533333333333335	-0.14808374103266306
15.97982518987602	28.2	-0.27660079589731557
15.996681711343097	23.466666666666665	-0.18928918255416163
16.00978625274254	17.6	-0.047314009535770286
16.007635219091817	20.4	-0.12064405596452657
16.007569948674206	18.4	-0.0695320842156125
16.001534010314565	18.266666666666666	-0.0661001339902169
15.99523700824061	20.933333333333334	-0.13372021389989872
15.994271753643817	23.066666666666666	-0.18106054792952495
15.99336393953074	21.733333333333334	-0.15214608775020494
16.005773377300184	25.533333333333335	-0.2293636216686915
16.004714845843683	23.8	-0.1958382363583314
16.006870523456765	22.466666666666665	-0.16790231975000725
16.006466597258342	18.2	-0.06412627847734118
16.001753880154094	25.333333333333332	-0.2257544396842204
15.997863846844064	17.0	-0.030369728107469025
15.993163069196303	29.466666666666665	-0.2963826234228326
15.987595839705046	24.533333333333335	-0.21089687892237205
15.982375148728641	20.466666666666665	-0.12302906454029071
15.97574098154763	19.0	-0.08646733231607291
15.971066990256904	26.4	-0.2461333582215712
15.981292311299645	19.933333333333334	-0.11003987793547487
15.973268412444606	26.0	-0.23888374593632028
15.966546962096485	17.533333333333335	-0.04676990954653043
15.966305185364874	19.533333333333335	-0.10048068929179807
15.960684154365367	18.6	-0.07636758097282231
15.970309695924545	22.8	-0.17615774435749165
15.964858401367486	18.2	-0.06542224095806728
15.959092074807767	18.2	-0.06560209271032984
15.970838973817289	17.733333333333334	-0.05229306162614525
15.996179816721302	20.533333333333335	-0.12420514606845359
15.99549389685217	22.733333333333334	-0.1739747861827752
15.994853257841877	18.666666666666668	-0.07708298466552817
15.99138410087943	27.333333333333332	-0.2617893411463399
15.988028979043552	23.333333333333332	-0.18680187873291854
15.997989076729521	22.733333333333334	-0.17389915545083198
15.994839706176645	23.666666666666668	-0.19343256628656472
15.988104733329246	29.6	-0.29858436419531964
15.984764020058968	28.666666666666668	-0.28402007397218487
15.997882622582287	25.266666666666666	-0.22461856978283448
15.995199058089959	22.0	-0.15804104441536004
15.99105923043977	16.133333333333333	-0.004428849591820954
15.983476465418551	20.466666666666665	-0.12299513296840221
15.996251094529013	28.2	-0.276126336583821
15.989657454779852	25.0	-0.21981990347590574
15.983003547983575	18.866666666666667	-0.08274577925477315
15.977271417958226	21.533333333333335	-0.1481197637898334
15.974029175643743	22.6	-0.17177284732651163
15.973188754524763	24.333333333333332	-0.2074141887158002
15.98047170187298	20.266666666666666	-0.11824919587345539
15.991510088954715	24.0	-0.20025475140177704
15.98808607831025	25.733333333333334	-0.23357899593184475
15.981366841350079	28.933333333333334	-0.2883680942232751
15.988821878099936	18.266666666666666	-0.06649576127311514
15.998497041788715	19.933333333333334	-0.10950837322968558
15.994607662515223	19.333333333333332	-0.0945066589420099
16.00586355491757	26.266666666666666	-0.2427298072285713
16.01574694359558	21.933333333333334	-0.1559349092667034
16.01484640227929	20.933333333333334	-0.13311851805011504
16.02900926558811	25.266666666666666	-0.22369551272711605
16.024637609571474	24.733333333333334	-0.21366852967144281
16.020182173029518	19.4	-0.09542067882259574
16.022775911432245	17.866666666666667	-0.054409002183648754
16.022655782672345	27.066666666666666	-0.25630504858782566
16.018601682542165	24.933333333333334	-0.21768767818505444
16.012361974727476	20.8	-0.13005517082982468
16.006564209471758	21.6	-0.1487356239025807
16.015433001891125	24.8	-0.21522660307687672
16.00867259536088	28.333333333333332	-0.2779454938910877
16.00519242593851	23.533333333333335	-0.1904001417055734
16.003510886805845	18.333333333333332	-0.06785196774609252
16.001099410140945	20.2	-0.11598820638808623
15.998439861804114	17.866666666666667	-0.055166718678174353
15.994724906957096	18.0	-0.05898783115707815
15.988146613454568	21.2	-0.14014824241495805
15.984403136126362	22.533333333333335	-0.17002375522246874
15.980105615459907	27.8	-0.26998323138732166
15.974156441696795	19.6	-0.10192352879106702
15.967549304332106	18.266666666666666	-0.06715846404317356
15.979138270455731	22.2	-0.16293876738329044
15.98052195579659	19.8	-0.10674740991542858
15.990673292295982	15.6	0.012366728897521032
15.985590735655405	18.933333333333334	-0.08441676472774827
15.978129663087756	21.466666666666665	-0.14657676210185716
15.972140312141649	19.2	-0.09177319489835176
15.983238128652374	17.066666666666666	-0.032781593312418304
15.977161024709877	28.2	-0.27667778308464525
15.971986060926712	15.133333333333333	0.026961714070942416
15.968262004359723	20.266666666666666	-0.11862600038023441
15.981277791879915	18.266666666666666	-0.06673068737170389
15.978299902684615	20.666666666666668	-0.12794026582366316
15.985042562918299	21.666666666666668	-0.1508995001821594
15.982338756839766	19.266666666666666	-0.09317505190193781
15.974890686604446	29.2	-0.2927535432269934
15.973270476884478	18.733333333333334	-0.07952558168875858
15.972586189665614	24.266666666666666	-0.2061191470580659
15.96996146865577	21.666666666666668	-0.1513606685893434
15.967350533152368	14.866666666666667	0.03569706338790526
15.976969692540232	23.533333333333335	-0.19125046031271314
15.988481999314285	15.866666666666667	0.0038240390564464027
15.985170547399166	18.333333333333332	-0.06842264435812132
15.981046075995078	15.933333333333334	0.0014950233576466823
15.975337260938453	20.733333333333334	-0.1296150472182271
15.968933512832674	22.333333333333332	-0.16616248448328388
15.96547134971522	16.6	-0.019484706469336296
15.961933728098998	14.6	0.04456307445123542
15.961502879938367	24.0	-0.20115602619382847
15.960962228545265	24.066666666666666	-0.20250273777997874
15.97243472065107	22.0	-0.15873528583804183
15.969141016752937	21.6	-0.14987989692753784
15.97913572465437	16.266666666666666	-0.008916848727252792
15.977008023277062	18.933333333333334	-0.08468336874329879
15.971443569366663	20.133333333333333	-0.11527255175077496
15.965833492233262	20.266666666666666	-0.11870097717717042
15.966817706333645	22.733333333333334	-0.17484468264901937
15.96512618404827	21.733333333333334	-0.1530090943537234
15.964449100158548	23.266666666666666	-0.18613331341146944
15.975114383946071	22.333333333333332	-0.1659743301611076
15.983529944714615	23.4	-0.1883139999308441
15.981192854511669	22.866666666666667	-0.17724203848094403
15.97877487521199	22.2	-0.16294983652886183
15.975104757549671	25.8	-0.23518541244770325
15.972248741039307	28.266666666666666	-0.2779095692632147
15.981891898239777	20.066666666666666	-0.11331312349347167
15.991184325903783	17.6	-0.04789398487672801
15.987191056376657	21.733333333333334	-0.15233463399369393
15.985742826080077	22.133333333333333	-0.1612733341580505
15.981534072769225	30.133333333333333	-0.30688149086364597
15.989556114514569	22.733333333333334	-0.17415480391517021
15.9901452936288	23.866666666666667	-0.19762045647013352
16.00141884110776	22.266666666666666	-0.16371991810998948
16.000357349527153	20.333333333333332	-0.11925504682765829
15.996810446078483	22.866666666666667	-0.17676895458062958
15.993662547650871	22.666666666666668	-0.17260598278983366
16.004479887934433	21.8	-0.15330246915829804
16.00661876998399	27.266666666666666	-0.26020783453492735
16.008446884496056	27.2	-0.25901308476606383
16.017635396993043	25.266666666666666	-0.2240326421265829
16.01490326908512	22.4	-0.16621405203572037
16.012526298366637	21.733333333333334	-0.15156118024034115
16.01428437832507	23.533333333333335	-0.19012647006526753
16.028254216842047	21.933333333333334	-0.15555406129120133
16.027789403343153	19.2	-0.09004852845963138
16.024278856319665	24.0	-0.19927207613938064
16.0244296211682	25.8	-0.23372871949182986
16.020208277536998	18.533333333333335	-0.07273133052751163
16.018272546936615	22.6	-0.17043039522453937
16.015046101386055	22.866666666666667	-0.1762170459453182
16.012262575354455	17.066666666666666	-0.031875399702260346
16.01284353774309	21.066666666666666	-0.13629692250688194
16.007418420253316	21.333333333333332	-0.14263009347604932
16.005227436734394	20.4	-0.1207181735343616
16.00212550142473	20.333333333333332	-0.11920058176795122
16.000732521153985	25.0	-0.2194904072556001
16.008303905001018	18.133333333333333	-0.06224157949714035
16.018305626636973	19.466666666666665	-0.09717806770502765
16.013978767834253	18.133333333333333	-0.06206504802545246
16.01170022514667	17.066666666666666	-0.03189294214464665
16.019286980248758	20.666666666666668	-0.1266800839129519
16.016454542948733	26.2	-0.2412221861665593
16.02466024408315	24.333333333333332	-0.20587428543275124
16.022679546206394	22.066666666666666	-0.15867920354110948
16.02404584558992	20.466666666666665	-0.1217466175697322
16.025295570697992	22.066666666666666	-0.15859962945260547
16.021627994745998	25.533333333333335	-0.2288945780382698
16.027616472571687	19.0	-0.08485828688217575
16.02503192373869	18.066666666666666	-0.05988656556709573
16.021495668326207	20.6	-0.12502231949072812
16.018842930931804	23.866666666666667	-0.19675876815692947
16.02362357602401	22.666666666666668	-0.17169793891369559
16.02313974096265	20.2	-0.11530917222821462
16.024140685947668	25.133333333333333	-0.22132535740940495
16.035602649350704	21.533333333333335	-0.14633714104963205
16.054256141888178	24.6	-0.21020539222968837
16.062721027455883	31.333333333333332	-0.3221916362411559
16.060100523413713	25.533333333333335	-0.22775789184770395
16.05703227691473	17.0	-0.028525480302833767
16.056348242909635	13.533333333333333	0.08526671377234374
16.06537779974849	22.333333333333332	-0.16323348749548997
16.063867263780338	18.4	-0.0677849853105374
16.061648085117735	19.466666666666665	-0.0958395748669141
16.057095715731606	18.333333333333332	-0.06618811339498588
16.052426939098748	16.0	0.0016356620732140377
16.053692495687933	17.6	-0.04594763277492351
16.05254200827586	19.333333333333332	-0.09271471437078418
16.049515814408803	24.933333333333334	-0.21676915352806714
16.054838767424805	23.066666666666666	-0.1792320571879521
16.051713983406955	19.133333333333333	-0.08758320891784646
16.058719924200616	16.933333333333334	-0.026509820480269543
16.053745625316957	21.533333333333335	-0.1457838134760218
16.05308768995385	19.2	-0.0892662888914248
16.04976889014375	25.4	-0.2255798128727232
16.045668168854306	28.666666666666668	-0.28227106779907674
16.04287799204877	22.2	-0.16100048770470105
16.039209476811045	19.733333333333334	-0.1032670189571961
16.037835921650125	25.866666666666667	-0.23455309424808388
16.037099187834198	18.133333333333333	-0.06134643289049921
16.03437769430764	21.066666666666666	-0.13563739401504207
16.035688305916242	21.2	-0.13869252668717874
16.04514567704036	18.0	-0.05741947299928785
16.05216950104978	23.8	-0.19441427144251533
16.05924860922871	21.733333333333334	-0.15013752520873583
16.06587010672634	20.133333333333333	-0.1123633351032734
16.064531062573792	19.0	-0.08371618979269303
16.06592818320431	20.533333333333335	-0.12206271288043326
16.066154972266734	20.933333333333334	-0.13154718035194898
16.064747917933502	23.8	-0.194037401114149
16.061922032525874	21.933333333333334	-0.15453011814952136
16.069285080999826	23.466666666666665	-0.18710518550001648
16.07797253682064	23.333333333333332	-0.18409338732435027
16.07632647294248	25.2	-0.22103889339663704
16.074837812803516	23.666666666666668	-0.19103023283340892
16.07182914749195	23.2	-0.18150850131622356
16.080087797452425	18.666666666666668	-0.07444087682736669
16.078312400345574	23.533333333333335	-0.18820275691421973
16.085814021932222	19.933333333333334	-0.10681872264915374
16.084078308074584	22.6	-0.16843936774280954
16.07967873091758	29.133333333333333	-0.2887145537630977
16.076456936243243	22.133333333333333	-0.158516347626035
16.071888552594103	24.866666666666667	-0.21482873704186797
16.068809877955285	18.133333333333333	-0.06036240017545566
16.06653499899339	20.8	-0.12839462675664676
16.063455189748765	16.8	-0.022412275459124237
16.06024766259375	23.8	-0.19417220893661194
16.05648761223818	21.4	-0.14265919546647324
16.05400436298043	22.2	-0.1606628048321979
16.0523001543881	25.066666666666666	-0.2192264837661924
16.0491473331534	20.4	-0.11936774890997663
16.04598423075998	21.333333333333332	-0.14145119405958323
16.044076219338006	20.4	-0.11952350649378367
16.040858912537825	19.866666666666667	-0.10654612626230428
16.037142914831417	16.8	-0.023231530439392373
16.038231803527555	21.0	-0.1339634198196222
16.034995526699042	14.133333333333333	0.06303505249457389
16.032177441580373	20.333333333333332	-0.11827569034779124
16.030512955168756	21.6	-0.14800454757197898
16.042701151936665	20.266666666666666	-0.11633266477765072
16.042466715583593	21.666666666666668	-0.1491468895365915
16.043659793441286	18.866666666666667	-0.08086452231981367
16.044565961446665	15.4	0.02049848492858669
16.04287097270648	18.733333333333334	-0.07736503779854959
16.039981112963172	24.333333333333332	-0.20541668015396045
16.040399294717066	21.933333333333334	-0.1551844822929859
16.047759115269898	20.066666666666666	-0.11128260977104931
16.045432798338894	30.4	-0.3090630517749098
16.043059499950257	20.333333333333332	-0.11794115631656503
16.05104439652871	17.8	-0.05166622284926133
16.048866015149958	19.866666666666667	-0.10629942998032132
16.054911845976193	15.6	0.014370971815990672
16.053237372038428	17.533333333333335	-0.04406808823319922
16.050362041384332	22.533333333333335	-0.16802359724716862
16.048122427356745	21.466666666666665	-0.14443755036792047
16.04785799566973	15.733333333333333	0.009896566150727239
16.044953529376734	23.266666666666666	-0.18370428644955153
16.04267862351348	19.866666666666667	-0.10649005188626767
16.049161295112388	22.2	-0.16080976671437727
16.056951895211842	25.666666666666668	-0.23031834492502298
16.05394524303673	27.133333333333333	-0.25654286297999557
16.051010256031855	24.866666666666667	-0.2154486049462023
16.048155452698445	19.533333333333335	-0.09794918648831426
16.04791972629923	26.466666666666665	-0.24506287898619267
16.047555447766538	18.333333333333332	-0.06648396730288574
16.04458852673719	22.266666666666666	-0.16240862139648055
16.0428853784613	30.533333333333335	-0.3111125882617555
16.038795348924047	21.4	-0.14319917617835498
16.0354156095134	25.4	-0.22600435527757876
16.032002100840863	21.733333333333334	-0.1509673134621038
16.031685963726446	24.333333333333332	-0.2056643973959796
16.02820491436643	23.333333333333332	-0.18559052171681334
16.025337442953496	15.8	0.007080441593350273
16.021908548970796	19.733333333333334	-0.10380085797152402
16.01901790300269	20.066666666666666	-0.11216771448105198
16.016761116503297	18.8	-0.07993962661212149
16.01519425010882	18.266666666666666	-0.0656753267281389
16.01856450007005	15.666666666666666	0.011106052266167673
16.019352663380065	20.666666666666668	-0.12667806669011758
16.016481179594148	16.133333333333333	-0.0036346136209339025
16.01248180754951	18.333333333333332	-0.06757305122222138
16.010292028136423	17.066666666666666	-0.03193687328624372
16.016547144293753	18.2	-0.06381277592091514
16.013641192407018	17.466666666666665	-0.043399406014298474
16.009517018560995	20.6	-0.12539042727910438
16.015828896054828	22.2	-0.16182224179320595
16.02211117881196	17.333333333333332	-0.03931058853207403
16.020541218753394	20.133333333333333	-0.11375799040998102
16.02657921679714	18.333333333333332	-0.06713504038087066
16.024462855581827	16.466666666666665	-0.013609985789568688
16.02983167264214	24.666666666666668	-0.21222550702064208
16.026520470362062	22.733333333333334	-0.1730350402490899
16.032732707921635	23.066666666666666	-0.1798987726475554
16.032882321060825	25.733333333333334	-0.23225592408327136
16.03832440379859	18.6	-0.07395495135210658
16.03674531419334	22.266666666666666	-0.16264664243452728
16.033786644990712	18.466666666666665	-0.07051733493756458
16.030794425955175	21.2	-0.1388422045176976
16.028698479474194	20.6	-0.12480109068269106
16.034402043109985	21.466666666666665	-0.14485626171342875
16.031641635718714	22.8	-0.17430008310685255
16.031809772959065	26.2	-0.24077088530436608
16.027642518409284	25.266666666666666	-0.22373601424954775
16.024842457046493	20.8	-0.1296721784627696
16.021915578300987	21.2	-0.1391138618539462
16.027493892519946	21.4	-0.14354437203057757
16.032218670076325	21.6	-0.14795251321046768
16.029550723492527	26.933333333333334	-0.2537954061794051
16.026789180731022	22.066666666666666	-0.15855420180650928
16.024110586973883	25.6	-0.23005631298757068
16.02250274533518	26.6	-0.2481669675256804
16.021015104152816	18.466666666666665	-0.07091377085783566
16.016881089996666	21.133333333333333	-0.13772335699154353
16.016440086739074	20.266666666666666	-0.11714064643950704
16.017360418757676	18.733333333333334	-0.07815593363261227
16.01542168402748	17.866666666666667	-0.054637865395958114
16.011936605865905	24.133333333333333	-0.2023002146894873
16.009480919790686	28.733333333333334	-0.28437756153557653
16.014053801445392	26.266666666666666	-0.24248907662190267
16.01146154476254	18.2	-0.06397091373526848
16.009107084188027	20.666666666666668	-0.1269928104071724
16.015378122580675	17.066666666666666	-0.03177822141235031
16.013349312867355	19.4	-0.09563203573919263
16.011767794817633	19.866666666666667	-0.10744334109637056
16.01281484852124	25.533333333333335	-0.22915526231551384
16.010754269793747	24.266666666666666	-0.20497619273828432
16.00826763667242	17.333333333333332	-0.039742113699127564
16.00514876294551	25.666666666666668	-0.23184778018707675
16.005369726504593	25.866666666666667	-0.23551032597426558
16.00514710185489	20.4	-0.12072064661211554
16.00234967341515	17.533333333333335	-0.045652377487290195
16.000121061697744	25.4	-0.22704955196372031
15.997646709508732	25.666666666666668	-0.23206958602339287
15.995733997234483	26.266666666666666	-0.2430276678107688
15.996579826314107	27.533333333333335	-0.26503047375049404
15.996341747686204	25.533333333333335	-0.22964281726359706
16.013687445886454	19.333333333333332	-0.09391586092026374
16.0201506805884	26.866666666666667	-0.25291025674052464
16.018603570620314	24.133333333333333	-0.20210058065502648
16.01918748082483	21.066666666666666	-0.13610254642559583
16.019883715552115	20.733333333333334	-0.12824590597094834
16.017437471304408	23.4	-0.18729179272676055
16.016166696122763	30.466666666666665	-0.3108782086875078
16.013679225143377	22.866666666666667	-0.17625839699555856
16.021950603458883	18.333333333333332	-0.06727881318422498
16.028260791135484	22.866666666666667	-0.1758174220263118
16.034858887317323	21.933333333333334	-0.15535304951411058
16.03931601777818	18.333333333333332	-0.06673961300224797
16.036220113837373	16.666666666666668	-0.019278009218597104
16.034016225207417	20.466666666666665	-0.12144020577889139
16.03299276374666	18.066666666666666	-0.059639126515914215
16.033855874763752	16.866666666666667	-0.025312995890997992
16.040239445479035	16.0	0.0012559033944645687
16.03802000785826	12.666666666666666	0.1174495781618697
16.044204019631216	21.0	-0.13378060378197107
16.049654737589396	21.466666666666665	-0.14439080715580854
16.055650902750365	17.333333333333332	-0.03826658581611378
16.060904352644357	21.2	-0.13792192477987794
16.065992772810436	20.266666666666666	-0.11561702222359219
16.066529384192574	25.733333333333334	-0.231264011905179
16.064570510210675	22.266666666666666	-0.16180266052558562
16.068628302343413	16.333333333333332	-0.0081694137523594
16.065224879035878	22.8	-0.17328537637246244
16.06269480499057	18.866666666666667	-0.08027549727616194
16.061002602718606	19.533333333333335	-0.09755290102484417
16.060972487901726	23.8	-0.19415049430736195
16.0606820624027	22.2	-0.160460232454407
16.061121076315256	18.2	-0.062428748870198295
16.057975888067062	21.733333333333334	-0.15017625909748689
16.055866163739005	29.933333333333334	-0.3017549190104465
16.05361443519639	21.533333333333335	-0.14578781261736093
16.05350277029077	22.733333333333334	-0.1722190112438283
16.060441378770825	22.2	-0.16046753252135162
16.05899687210949	24.733333333333334	-0.21264626015570076
16.06505809114328	22.066666666666666	-0.15739147950012852
16.06552217206459	25.866666666666667	-0.23373796517746082
16.075359321434554	22.733333333333334	-0.1715588327369437
16.07759707292817	23.466666666666665	-0.186855662363489
16.092127986673862	24.266666666666666	-0.2025466506174805
16.097728256276167	18.933333333333334	-0.08094545093370024
16.095314052311483	17.866666666666667	-0.052156928920383656
16.093215316062174	33.53333333333333	-0.35142717944145396
16.099955585665086	21.4	-0.14133468510989206
16.106456082097605	23.333333333333332	-0.18323823119623933
16.10402023500807	21.466666666666665	-0.1427348519257324
16.103392323160858	21.0	-0.13197196725816787
16.108343364821938	21.533333333333335	-0.14412190009530748
16.105430495697973	17.8	-0.04997929474799147
16.109263827812	28.466666666666665	-0.27722142200453437
16.107779911958136	26.133333333333333	-0.23734112695272594
16.114139896277152	16.466666666666665	-0.010820074994412933
16.119754219740663	17.866666666666667	-0.051400306397802284
16.118430048700624	13.4	0.09209263650592714
16.116839866911494	27.933333333333334	-0.2682507833216911
16.11495235526892	20.066666666666666	-0.10921883592334461
16.114363027599513	19.533333333333335	-0.09590999292399585
16.112036460595355	17.133333333333333	-0.03071997330962124
16.115935841031824	27.266666666666666	-0.25703231666786425
16.116251192188674	24.533333333333335	-0.20706440765366155
16.114186992636423	29.133333333333333	-0.28773170876337695
16.11206906738043	19.266666666666666	-0.0891664875477836
16.110198112469252	22.733333333333334	-0.17050806078497724

Average Payoff: -0.1514