477.0	477.0	0.0
505.76140158656244	1335.0	-0.4504867375525759
759.1914157008332	1312.0	-0.26690366718814923
842.9356693109374	1078.0	-0.12236970474569975
824.8763945715496	1074.0	-0.13119527218340143
829.1613981495834	1151.0	-0.16253149978136508
880.219470358264	786.0	0.05654685474177375
851.16186850975	280.0	0.5049338069203372
963.7378955933195	649.0	0.1951574998351042
951.9170256447748	894.0	0.03137574703529508
994.4834664688299	830.0	0.09015344314803632
1012.4350220610211	853.0	0.08546801157666147
1024.3892658886944	460.0	0.38021648287169346
1032.921524654666	356.0	0.4873720456042123
1052.2411921669413	1710.0	-0.23812504487236888
1080.1805092321329	772.0	0.1663879452871992
1105.6320400921031	1041.0	0.030108578873783154
1103.1087341838336	238.0	0.6450697934722779
1091.7410432494717	452.0	0.41440955790283296
1094.480834258597	1162.0	-0.029922330700223945
1113.3725671169402	1259.0	-0.06138472299906738
1104.8272849952448	1079.0	0.011826615214811285
1090.8721420218812	417.0	0.4469027069618098
1091.8334788399306	403.0	0.46080950727334635
1089.6760932546842	765.0	0.17505811092055723
1090.8245832101054	898.0	0.09695404252237907
1093.8457106175144	994.0	0.04782236068008274
1089.5624252501912	552.0	0.3274699865088963
1082.4340993578699	1100.0	-0.00804876566366815
1086.4809883876646	281.0	0.5890253650526952
1088.9883462293783	360.0	0.5031015936921674
1093.9168160255665	707.0	0.21484435737540122
1089.203975469828	885.0	0.10343610792356492
1089.038330068465	485.0	0.3837507121203278
1087.4312931622153	419.0	0.443718406671626
1092.7740920876874	464.0	0.40389552683554736
1089.5293249874803	1147.0	-0.02569636551170255
1089.7448021265338	873.0	0.11042943631372856
1084.0019357492017	733.0	0.19317642366983698
1088.6583022635423	562.0	0.319059554325288
1083.8937984325946	870.0	0.1094705344805226
1079.7795167106228	539.0	0.3340661968650879
1084.0464010155615	1198.0	-0.04993482995513439
1092.4595957736342	460.0	0.4073919846258297
1098.473876280204	1124.0	-0.011485455011295604
1101.000305064036	572.0	0.31619857059367834
1115.15457416481	706.0	0.2246676805852409
1115.0690817537784	847.0	0.1366257101988311
1111.8915898048988	673.0	0.24589257538765855
1119.4723181124648	756.0	0.19380308341648836
1120.6653944711545	1316.0	-0.08016472264598326
1124.2988527089708	290.0	0.5899027996175924
1131.8079044606086	948.0	0.08837734680515054
1136.0388059709585	593.0	0.3140697618212275
1132.7102783503021	887.0	0.12165620038879939
1132.196614201487	249.0	0.6394430779227551
1131.1114194264958	471.0	0.4120259124442134
1136.30679982537	311.0	0.570236248406316
1133.989093085023	186.0	0.7181794895512528
1136.636705825779	631.0	0.2860523908330829
1133.6582457251177	564.0	0.3355553140095053
1136.8668009013168	487.0	0.40019711009586034
1137.2765848015795	1238.0	-0.04240492069130321
1136.30289542621	472.0	0.41304588663951
1133.7840032466504	698.0	0.23790141330761033
1135.7127449580412	1132.0	0.0016372201312957213
1133.0841216474287	1023.0	0.051057433493511
1135.1240467566083	971.0	0.07792705610543513
1132.417834605593	990.0	0.06710169519097468
1135.2555521400652	547.0	0.349682633766149
1134.0809923482639	1373.0	-0.09529768219731587
1131.2927558496076	1109.0	0.009950822628604764
1140.252653542688	1592.0	-0.16533878954113862
1147.3932528496366	723.0	0.22690054735978785
1149.5819624059407	1966.0	-0.26204351143553234
1151.451995761592	648.0	0.2797807315490587
1155.157176561763	1425.0	-0.10458387027329133
1157.628773008434	854.0	0.15093678171760824
1160.2494506387263	1160.0	1.0751026733684188E-4
1161.0878229011619	1008.0	0.07057705146138639
1161.8716883920667	633.0	0.2946571010130845
1160.6246496879094	909.0	0.12157984769163495
1158.9782312674238	303.0	0.5854931441252418
1157.506020696513	1059.0	0.044442027125899015
1158.1053285632715	525.0	0.3761531247148397
1160.0974373934966	736.0	0.22366858845423554
1157.7343740875108	818.0	0.1719534662873983
1159.3041768046294	466.0	0.42656887658264375
1158.2392123180764	823.0	0.16920683289214836
1156.4695201262937	1060.0	0.043523955213603326
1158.6104753540715	689.0	0.2541717973665832
1159.3920741925033	634.0	0.2929599621594556
1158.3082154832407	879.0	0.13709669129125365
1156.6138740679457	770.0	0.20067013908273718
1155.5751972851556	448.0	0.4412485292133956
1154.3806192415652	347.0	0.5377587860761252
1153.6168327142136	918.0	0.1137357203288943
1152.6877230363443	1104.0	0.021574860597387228
1153.9915321388685	265.0	0.6264953045906323
1155.3798345739306	1267.0	-0.04607872136027014
1156.6276166414436	294.0	0.5946582063828598
1157.2984023463168	586.0	0.32771119481174454
1157.3646569870648	348.0	0.5376535533968095
1155.4466955773291	854.0	0.15001477582898573
1154.9790374498532	287.0	0.6019359608617323
1153.9643908907672	1120.0	0.014936201739492712
1154.5236008678012	1020.0	0.0618634816444926
1152.8217699420977	1418.0	-0.10314920822530411
1153.1074560972936	626.0	0.2962763459232379
1152.9795791921606	340.0	0.5445349625157347
1153.953318945482	578.0	0.33254552108607477
1154.3761493497693	1294.0	-0.05702712415627454
1154.5576847590644	924.0	0.11092195634002307
1154.0261730830941	161.0	0.7551379534560386
1154.7944622761183	449.0	0.4400778771080485
1154.0064071269235	859.0	0.1465501580533831
1153.914169718084	843.0	0.1556973126000591
1153.5011326555634	720.0	0.2313855727650959
1154.7353709190188	571.0	0.3382531184999458
1154.8114129493838	828.0	0.16482223716034586
1155.4799720848682	421.0	0.46589870159500396
1156.5091429273812	711.0	0.23855794474399794
1157.8588246858828	647.0	0.28304641764698274
1157.1356151968039	489.0	0.4058812706733916
1157.8375230229053	403.0	0.4836105692545092
1158.9090492947741	638.0	0.28989171683408976
1159.0759333115607	237.0	0.6604769205671723
1157.5019442554444	1191.0	-0.01426358442090863
1157.0884913759326	829.0	0.16519328962459157
1158.280561368421	1143.0	0.0066400253949630336
1158.1676653979264	469.0	0.42353820079714366
1157.9386537372234	822.0	0.16967124365349606
1158.6240194743325	1224.0	-0.027438647470737373
1157.4855422321891	856.0	0.14973315472529114
1157.0785759987161	625.0	0.2985718941716852
1158.0391015282594	529.0	0.37286575098254915
1158.0293035645655	1452.0	-0.11263118618398396
1159.2097039257778	402.0	0.4850147305782931
1159.3408045287053	931.0	0.10923616093318705
1159.0485894002027	812.0	0.1760730766692113
1157.654182868859	1152.0	0.0024480646976491405
1156.9691254141617	1120.0	0.01623611185656165
1157.4724250456795	965.0	0.09068312161536665
1158.440576852754	1460.0	-0.115167564165121
1159.2987571366236	890.0	0.1314101988296233
1159.8435442199705	1521.0	-0.13471746852168992
1159.3351882516376	273.0	0.618804310277074
1158.861043459426	839.0	0.1601017470692385
1158.1117086183071	819.0	0.17151873975562734
1157.7414819747796	1144.0	0.0059700370707965475
1156.5853858357868	1252.0	-0.039614378931849235
1157.6502575567426	431.0	0.45740102587103787
1157.867892832013	393.0	0.49318700604169513
1157.2552664391756	856.0	0.14963590134896443
1157.9415928440553	228.0	0.6709818059040612
1158.433814116295	387.0	0.4991697522532945
1157.9362111080313	235.0	0.6625832566832822
1158.4212989009338	763.0	0.20579625047724698
1158.5031039191028	1521.0	-0.1352851189277224
1158.1686824252654	687.0	0.25535263356300164
1157.0514860996655	895.0	0.12770219844617386
1158.171002395614	1170.0	-0.0050808113288131505
1157.764149956486	999.0	0.07361219814400627
1158.7048517217002	336.0	0.5504129131407142
1159.4182341916294	844.0	0.15744003364275022
1160.0582089106351	1145.0	0.006532680542480358
1159.5526664562956	413.0	0.47473937272869315
1159.553387030985	750.0	0.21447600774742806
1158.410183978755	326.0	0.5607683057977919
1157.9000120019052	699.0	0.2471323221691241
1158.7602227404645	781.0	0.19474583420767877
1159.252129079886	429.0	0.45978350395975176
1160.7782489248088	900.0	0.12654357598197058
1161.2793838660068	1208.0	-0.01971933595174331
1160.7354452492718	305.0	0.5838266707835126
1159.6151153504225	1274.0	-0.047002043966638894
1160.4769933094792	220.0	0.6812695886041763
1160.925565311495	365.0	0.5216018286901292
1160.7388434648926	827.0	0.1678987380873141
1160.4845554414685	185.0	0.7250061336611933
1161.262448211691	199.0	0.707409404322495
1161.5386889541146	486.0	0.4100290290499691
1161.1362646969628	520.0	0.3813707896025504
1160.2459023591578	256.0	0.6384808604585409
1161.053147151687	1161.0	2.2887999679147597E-5
1162.8155129581792	808.0	0.1800348691317148
1163.2609101692897	1126.0	0.016276392963235565
1163.2884276438454	746.0	0.21855704020518238
1162.8754254308276	1038.0	0.05673897940242704
1162.3285165520626	1193.0	-0.013022167919419146
1163.0267432135074	947.0	0.10238104512576232
1163.4932694357788	1130.0	0.014603604851222618
1162.998092395134	715.0	0.2385508772395891
1163.0134060455782	1086.0	0.03424319563349791
1162.6325626572216	1121.0	0.018230849979113173
1162.6107211160938	783.0	0.195111343187054
1162.1728205258257	669.0	0.26932074078306273
1162.4553226141686	350.0	0.5371764114062549
1162.4015063816873	1337.0	-0.06985612082433044
1162.5715391540173	269.0	0.6241892317041107
1163.95986606397	1356.0	-0.07620761605064193
1163.7653765140503	568.0	0.3440219931601206
1162.4537361441087	1002.0	0.07413128470463445
1163.697797584303	315.0	0.5739494567252288
1164.4356929305911	637.0	0.2927863009489693
1165.231060410239	994.0	0.07930186979512341
1164.977612971913	296.0	0.5947918744656486
1165.615058455667	1034.0	0.05983549619271695
1165.314632915198	703.0	0.2474500947379682
1165.289432209752	448.0	0.4446129862930222
1164.919753892436	567.0	0.3452352527007269
1165.8103632144087	713.0	0.24100908323696224
1166.0402687223102	1209.0	-0.018088001219785908
1165.23283894822	1054.0	0.05012220304064061
1163.9476270187747	561.0	0.34954546884466775
1164.2054472961986	1161.0	0.0013785651929922862
1164.3796333496891	1413.0	-0.09646245490315744
1163.0520406628516	2140.0	-0.29577128888986437
1162.2834565078635	310.0	0.5788854399881735
1162.5542481711682	713.0	0.23969141314335402
1162.633849983289	1214.0	-0.021612984270619584
1163.4067442889261	463.0	0.43064672890000083
1163.981677698721	234.0	0.6652316640012083
1163.7235513979845	549.0	0.3589158045361295
1164.6259001437677	855.0	0.15330854101332672
1164.4854172650491	844.0	0.15956571778422646
1164.716371205942	1234.0	-0.028883626937196386
1165.298229558187	994.0	0.07933050989127896
1165.4892370181426	625.0	0.3018667891677843
1165.9194894442003	350.0	0.5382340520889738
1166.4056712264367	920.0	0.11810055667726106
1166.599971638215	956.0	0.09921792822586102
1166.4022381942311	564.0	0.3481284437211955
1167.2025302333166	730.0	0.23044589244752364
1166.4824420229022	1100.0	0.02933287317397644
1166.629937574748	754.0	0.21484093812251592
1166.7228408663836	1281.0	-0.046687131903041516
1166.5495219344623	742.0	0.22244616503539744
1166.1948649538356	452.0	0.4413528187621646
1166.039001318036	956.0	0.09897980253311892
1166.5861620820708	1737.0	-0.196451493455563
1166.747417903013	290.0	0.6018527351605609
1165.9757638296535	1151.0	0.0064634961070548875
1165.187312057564	1004.0	0.07430769632552901
1164.9826268962884	449.0	0.4436123505698033
1165.1902518513734	354.0	0.5339622544726113
1165.744339322194	1283.0	-0.047883994582407906
1165.0473888391812	321.0	0.5679814756772358
1164.839040167548	1265.0	-0.04122123242597393
1165.5396410453507	972.0	0.0905431821375258
1165.8059853611605	1137.0	0.012509080462826205
1165.5084995034945	216.0	0.6872983407954
1165.6219458917626	868.0	0.14635067569614202
1164.938484908102	1531.0	-0.13578259190301076
1165.424959534278	448.0	0.44465963867409475
1165.2189537231172	285.0	0.6069559023920831
1165.4255384369671	565.0	0.3469814361265787
1165.3055920615882	944.0	0.10491869594167674
1165.857014963431	1389.0	-0.08734069410916245
1166.6223298839861	520.0	0.38338300070322434
1166.8389283834729	257.0	0.6390041108206251
1167.3434001788132	1200.0	-0.013794618819863698
1167.7636366867962	1315.0	-0.05930341541077511
1168.2376205667929	1148.0	0.008737281696443845
1167.8869908303159	809.0	0.181541480365339
1167.4838958540724	894.0	0.1326636101325294
1167.2998310484386	1080.0	0.038846543679803676
1166.5716545621262	1574.0	-0.1486654599085717
1166.1100270019294	1024.0	0.06488716331592971
1166.648695426604	941.0	0.10706181533774586
1166.8819131337289	611.0	0.31266526141430884
1166.3609053380937	952.0	0.1011918718844943
1167.0039118785626	1010.0	0.0721192603384355
1167.3834823833402	243.0	0.655412867443164
1166.7381866157868	550.0	0.3592499959656431
1167.1412378918076	200.0	0.7074186712290109
1167.5345385475428	546.0	0.3627207532533188
1168.1228185152906	1065.0	0.04617874917594218
1168.522635668964	802.0	0.18600275329724134
1168.8653601315405	406.0	0.48440036808468645
1169.5912802199712	1656.0	-0.17214404757865834
1169.8688831988154	624.0	0.3042969797354562
1170.0734850520294	357.0	0.5324390037617128
1170.628745597946	828.0	0.1714319111804023
1171.140591155418	1211.0	-0.016732601338718175
1171.3921383149784	805.0	0.1853843330035481
1171.586750090282	1727.0	-0.19161518967559568
1171.051715739468	611.0	0.3142735481765032
1170.4712170981709	403.0	0.48775675637305754
1170.8301936482958	1085.0	0.03804816244146677
1170.965896836989	1249.0	-0.032245951591716754
1170.6891567133862	1334.0	-0.06520204028068208
1171.1840355684444	723.0	0.23661060760336544
1170.605511998357	346.0	0.5437178656378577
1170.436232986708	751.0	0.21829307982536084
1170.0150694484628	314.0	0.576823704200391
1170.243482373903	663.0	0.27669182367257805
1170.914627460726	1488.0	-0.11925368692340896
1170.4893502894474	1045.0	0.056641820586071694
1170.782386682582	575.0	0.34126955984171414
1171.390700729089	572.0	0.34380744401035457
1171.3400073840842	366.0	0.523852891042912
1171.5048630297351	957.0	0.10077724827201323
1172.086961896343	332.0	0.5585361639177876
1172.521939469231	845.0	0.16233872507745586
1172.5396605632336	734.0	0.2300186403852094
1172.354955385998	312.0	0.5796153758669318
1172.6151921559604	1257.0	-0.03473175839387115
1172.6012227788967	959.0	0.10020693387501063
1172.7121832424066	898.0	0.13266555606595742
1173.0168981293878	689.0	0.2599422693830754
1173.1204458276532	1139.0	0.014757209508365081
1172.4876115742688	896.0	0.13366655426272614
1172.21797082616	277.0	0.6177248618548529
1171.815509622702	459.0	0.4370914462222742
1171.415632272703	867.0	0.14933933367323088
1171.2294760977952	1025.0	0.06658205697048199
1170.8167490615626	884.0	0.13958264122216846
1171.2155377584618	480.0	0.4186101220297335
1170.9171562589788	413.0	0.47850807932978495
1171.0790936020328	518.0	0.3866480238111964
1171.3358696631078	866.0	0.149870168296599
1171.3908985086332	1046.0	0.0565488469322068
1171.7378728698357	677.0	0.26760844797420813
1172.0920800370227	498.0	0.40362569710652085
1171.5845035767852	454.0	0.4414316831871114
1171.4636916844972	1591.0	-0.15187034297622842
1171.6119522888014	484.0	0.41532193056362754
1172.215224662464	1456.0	-0.10797623142677822
1172.5001119672706	783.0	0.19918184079029586
1173.0688608518496	1712.0	-0.1868000956445195
1173.264324352195	1397.0	-0.08704773027738887
1173.2510597510764	1621.0	-0.1602393380818154
1173.055548558705	587.0	0.33297559786599973
1173.6130566583927	671.0	0.2724761460644223
1173.8623545031203	784.0	0.1991265390063962
1173.5120794647594	1005.0	0.07735191420474533
1173.020740579819	404.0	0.4876414880232172
1173.1268777751359	585.0	0.3345190186270261
1172.7683020618229	1244.0	-0.02947394579671005
1173.2522482535464	523.0	0.38334643265648916
1172.963682308506	1111.0	0.027129889493635203
1172.719279892595	540.0	0.36942380886392134
1172.7848924646025	836.0	0.16765602615190772
1173.2058770891188	431.0	0.46266248471541216
1173.067430273478	724.0	0.23671664122594802
1173.1194020503058	958.0	0.10094197530337524
1173.1151034105267	857.0	0.15571289671184835
1173.3176153159045	1408.0	-0.09091573361280254
1173.658302416382	570.0	0.34620217824778243
1173.3576715674785	249.0	0.649877094942519
1173.337359356594	389.0	0.5020281661059439
1173.5271867074036	1212.0	-0.016127593727279215
1173.1395422106468	1007.0	0.07620592122382333
1173.295279599199	1209.0	-0.014987529340530827
1173.4468112459178	1534.0	-0.13317092223435484
1173.3990876792595	555.0	0.35778721019205745
1172.702376563972	1299.0	-0.051097423635446046
1173.156009979997	725.0	0.23610072492656686
1173.6237596803196	569.0	0.34696173303136674
1174.2867284856416	415.0	0.47775314225969223
1174.4052857372876	640.0	0.2945346830381013
1174.561900935058	840.0	0.16607178999055391
1174.4100640265092	740.0	0.22691589027317913
1174.2408416760659	910.0	0.12678037796417693
1174.0687048806312	872.0	0.14763370563270214
1173.8346139231423	578.0	0.3401203567891616
1173.9202248742167	1618.0	-0.1590589054691884
1174.2976844443099	199.0	0.7101866518029947
1173.7891592345854	880.0	0.14304738045461102
1173.7739228260778	991.0	0.0844309518415989
1173.914250023488	216.0	0.6891894589952584
1173.400555311156	257.0	0.6406600947605272
1173.2967857844817	271.0	0.6247308687974347
1172.7812925696578	1112.0	0.026602674298553116
1172.6687902187132	497.0	0.40467234829861437
1172.4262616535436	608.0	0.3170174883453704
1172.5301168165765	587.0	0.33277641071352887
1172.706147487923	759.0	0.2141661908701409
1173.3543928294926	587.0	0.3330888343948858
1173.7543503249467	1154.0	0.008486441158273019
1174.0031174031708	1785.0	-0.20648740753373782
1173.7241732513555	412.0	0.48036360049271537
1174.344770524881	282.0	0.6127290656616092
1174.579984503613	585.0	0.3350685900589718
1174.9137711938847	469.0	0.42941046152391443
1174.539659452635	239.0	0.6618418190083921
1174.8007408856533	206.0	0.7016224080704498
1174.5012242755806	482.0	0.4180505357479736
1174.3141538339567	556.0	0.3573421349319269
1174.0850208841168	1340.0	-0.06599417988558581
1174.0989797975571	1384.0	-0.08205351781151721
1174.7357456816187	1077.0	0.043404625018302626
1174.5810135552767	812.0	0.18251509054059925
1174.733930014868	793.0	0.19399672089406098
1175.1102159241673	1002.0	0.07951375849416208
1174.6316388977637	1506.0	-0.12361577633191337
1174.8630571516346	807.0	0.185614770820913
1174.695167380313	1237.0	-0.025834455972047726
1174.8576121545564	996.0	0.08239030102810004
1175.160971624382	983.0	0.08903922096216405
1174.8415047279946	350.0	0.5409358954163122
1174.2750837371614	267.0	0.6294947397443644
1174.009605938579	623.0	0.3066258544849494
1173.8936990778973	905.0	0.12934461208726847
1173.878030623261	542.0	0.3682534651916623
1173.5148891579363	984.0	0.0878394351345138
1173.662750254557	590.0	0.3309378452146333
1173.7626008792088	444.0	0.45109375163117454
1173.2961204506712	549.0	0.36247896806927277
1173.0877198832184	1039.0	0.06061591440428826
1172.6560176087912	276.0	0.6189571621625174
1172.7372216186304	1903.0	-0.2374269080103869
1172.851552896223	278.0	0.616776782648714
1173.0395621212926	965.0	0.09730388801359813
1173.1101297223322	471.0	0.4270456808394636
1173.2804810768378	1661.0	-0.172078777022753
1173.1417841396544	1183.0	-0.004184050351598561
1172.8049795247723	1215.0	-0.01767104970340813
1172.8728097306105	987.0	0.08605729415788767
1173.347929042709	384.0	0.5068539369541627
1173.7187873392322	958.0	0.10119476763090689
1174.1548356907751	915.0	0.12404769204436975
1173.6086439394467	448.0	0.44746224476005075
1173.5534275826171	737.0	0.22849579670482126
1173.734577436164	954.0	0.10327161092664836
1173.888367417821	966.0	0.09714916468688388
1174.1325361954196	1024.0	0.06830003820209701
1173.9967814582872	569.0	0.3471014908886484
1173.995133666737	812.0	0.1822739278310247
1173.6527992127737	1524.0	-0.1298711238486525
1173.8727607325723	732.0	0.23184798578197155
1173.5868617052524	599.0	0.32415159680947436
1173.5064295357454	367.0	0.5235333096135134
1173.7985576072806	722.0	0.23831569857163684
1173.8834898818543	557.0	0.3563980438244062
1173.475552460333	550.0	0.36175479923129494
1173.8241396288224	798.0	0.19059718971670964
1174.0248564110213	1128.0	0.01999320566971485
1174.2936098345335	841.0	0.16538215980444593
1174.084662698825	728.0	0.23452408373131275
1174.4118148828832	200.0	0.7089664133641889
1174.1119470729584	215.0	0.6904497143617068
1174.2665216178482	336.0	0.555045423850003
1174.3303757710692	1105.0	0.030416992862482936
1174.5899185419	1069.0	0.04706293145162752
1174.302128603534	1137.0	0.016139010189062337
1173.899662009603	1078.0	0.04258611679173207
1174.0274266269366	1076.0	0.043567214100092816
1174.3544417784217	670.0	0.2734585231307802
1174.04023652861	764.0	0.21157467672759375
1173.8249411097352	790.0	0.1954476354154256
1173.3173638079672	894.0	0.13511102296043648
1173.2951574719448	380.0	0.5107175887698427
1173.371878196268	925.0	0.1183640901677376
1173.4916093902275	1711.0	-0.18634423787538773
1173.7529071067868	1057.0	0.052337893065086925
1174.1763635837544	311.0	0.581194519889137
1174.2321801524631	918.0	0.12246832955881178
1174.178196015147	1307.0	-0.05353174721516138
1173.9125162351581	545.0	0.3658781411474224
1174.2177221987647	882.0	0.14211419298842
1174.5421301990823	773.0	0.20617891853155224
1174.5883979138605	928.0	0.11727849262295928
1174.7157681928823	600.0	0.32383538732970796
1174.4339246254024	268.0	0.6284058556517947
1174.4571524620537	830.0	0.171845605199872
1174.4985168261235	894.0	0.1356048914439236
1174.6175017305613	1088.0	0.03828199051068597
1174.2321235748284	1559.0	-0.14077394784967215
1174.0383725452996	1007.0	0.07658662710751103
1174.1564133058905	220.0	0.6843969616316932
1173.9524131039946	1214.0	-0.01677068046927675
1174.3054916787096	420.0	0.47312481554866276
1174.671223126563	700.0	0.25320238411453816
1174.5283667191084	755.0	0.21742534287405027
1174.7489874966366	1068.0	0.04759738521420095
1174.8276906400972	1049.0	0.056581582813135814
1174.6414220142697	560.0	0.3543334168168005
1174.9369421142683	954.0	0.10377805830869449
1174.79470884011	347.0	0.5439595130877036
1174.9904571353186	464.0	0.4337978015918476
1174.848775524332	1098.0	0.033811653618091464
1174.5683584178737	1051.0	0.0555221581716397
1174.5117700562562	677.0	0.2687057020659068
1174.2284333141884	210.0	0.6965818719715103
1174.0281079397237	564.0	0.35098863197492086
1173.9226777696142	265.0	0.6316688810398621
1173.8799143430901	273.0	0.6226362709251556
1174.36113216163	1197.0	-0.009546782027979624
1174.7044850235263	640.0	0.2946509965872456
1174.8014764413394	1765.0	-0.20076135354319982
1175.265806153407	257.0	0.641128065899699
1175.0304300636772	980.0	0.09050008173569705
1175.336400219649	710.0	0.24681876410248882
1175.3400770924845	1318.0	-0.05721639186655717
1174.991978038766	1867.0	-0.22748515675159192
1174.7511935711632	799.0	0.19037414381055093
1174.8215848254838	157.0	0.764232684334257
1175.1233870044332	888.0	0.1391692754844508
1175.01448382892	315.0	0.5771853181043741
1175.1442015050895	489.0	0.41231054429329217
1175.3301377986895	316.0	0.5762172412522438
1175.1092777148958	701.0	0.2527087752011768
1175.0624443744587	1636.0	-0.1639727201891145
1175.2598720863025	445.0	0.4507053989715827
1175.1539689120843	740.0	0.2272161799916674
1175.24358544072	322.0	0.5698762671202656
1175.0701600919476	609.0	0.3172914231482765
1175.0068831362764	906.0	0.1292676565926862
1175.0402206213182	846.0	0.16280735893527296
1175.204247840794	292.0	0.6019640749681296
1175.3018720879877	328.0	0.5636272313764507
1175.1883353012245	738.0	0.22851296301280802
1174.9224040515433	1262.0	-0.035732609213852906
1175.1069799116567	1017.0	0.07212557660759263
1174.9672198422081	961.0	0.10017345671532107
1175.1026399585173	818.0	0.1791692172792214
1174.6569027450807	962.0	0.09952786639346202
1174.6472870376228	1177.0	-0.001000453161214016
1174.5079233384513	1214.0	-0.016534203749406062
1174.6687572412866	542.0	0.3685444583135509
1174.60624568891	694.0	0.25720038493809166
1174.4824343429102	774.0	0.20553556310502
1174.1941109662994	1257.0	-0.03405976045277138
1173.9555381243272	1236.0	-0.02574506495831958
1174.1445713103608	906.0	0.12890669956725484
1174.3223842364773	1394.0	-0.08553350510505692
1174.0998329234899	446.0	0.4494166458925095
1173.9738013419483	948.0	0.10649226734045499
1174.1634844621383	426.0	0.46755440411366334
1174.0826637085756	340.0	0.5508831741495432
1174.0518212797665	591.0	0.3303312765383962
1174.2205249758113	347.0	0.5437873808525985
1173.999793488319	581.0	0.337891659981136
1173.6479503207825	500.0	0.4025027785512877
1173.4898997094538	748.0	0.2214374896135502
1173.455942202225	708.0	0.2473913588736038
1173.1918463605089	936.0	0.11245626933832144
1172.9233179678063	768.0	0.20862406784404589
1172.7937639632755	889.0	0.13764410821466158
1173.0128282449562	965.0	0.09729260063219965
1172.7440950803273	206.0	0.7011773240080521
1172.5263751910938	819.0	0.1775152865636398
1172.9045908451212	378.0	0.5125425480957282
1172.9851451832737	852.0	0.158512345607465
1172.5330045184148	602.0	0.32151163323854326
1172.366885523586	733.0	0.23059437469065178
1172.4643725421563	1294.0	-0.049275241439055664
1172.5807266636355	817.0	0.17872143708383995
1172.262021747666	638.0	0.29512966373336275
1172.022664229485	417.0	0.47514908454474086
1172.0673190827465	743.0	0.22404816520405949
1172.4275924626704	304.0	0.5881951792936486
1172.8955859660189	1271.0	-0.04014263727032453
1173.0184718890284	436.0	0.4580546990388184
1172.675432439044	723.0	0.23721119382787773
1172.7903894739557	962.0	0.09874055575353118
1172.7697382997417	1033.0	0.06336551629703625
1173.025536618826	1514.0	-0.12689662183495048
1172.7159873017665	1056.0	0.05236916142153705
1172.686208786808	929.0	0.11594795063506419
1172.4080593545714	678.0	0.26718866514612055
1172.0972608783463	179.0	0.7350301785326212
1172.2055528201854	689.0	0.25961966000370557
1172.026767593257	672.0	0.271160254493415
1172.0982084408747	1371.0	-0.07821239105078376
1172.0277322714333	1101.0	0.031248071135698528
1172.343222300724	389.0	0.5017110979265822
1172.4028890558263	768.0	0.20841181557537428
1172.5122263585558	1656.0	-0.17093359863743254
1172.5883615030527	602.0	0.32153279818637603
1172.6777181887455	753.0	0.2179376716180141
1172.641594695334	413.0	0.47907521929083347
1172.8234783246435	1674.0	-0.17604762834480311
1172.7447330247733	1399.0	-0.08797734241264109
1172.7453700375154	2051.0	-0.27243300234728657
1172.4096434802955	351.0	0.5391915739772721
1172.4956681901374	1317.0	-0.058045624925677095
1172.407896991696	913.0	0.12439192225458848
1172.5278908981716	1354.0	-0.071826679513645
1172.603093930438	1285.0	-0.045734360583753124
1172.5043772451725	995.0	0.08189343426875785
1172.3064034372753	1252.0	-0.03287274102387883
1172.7182828506188	334.0	0.5566523565797683
1172.6886499601396	893.0	0.13539729231001807
1172.9840143544031	612.0	0.3142795732864314
1172.686367463061	1258.0	-0.03509857696119877
1172.4663593033918	976.0	0.09144493161489065
1172.216335246589	1495.0	-0.12101892916892658
1172.0993394853201	937.0	0.11146906885035153
1172.5818893690052	863.0	0.1520852052112579
1172.5766222675054	770.0	0.2072384778303319
1172.640657902901	564.0	0.3504701189236647
1172.3391043961808	1476.0	-0.11466088126696057
1172.2528041222083	405.0	0.4864488445460137
1172.2405243179212	1372.0	-0.07851438327971441
1171.9346282385804	1966.0	-0.25305350997931814
1171.7899783454677	324.0	0.5667841011230937
1171.572361612817	1030.0	0.06430511396368761
1171.267927545811	873.0	0.14590451844729
1171.2272875475762	235.0	0.6657723796416526
1171.5179421512098	396.0	0.49474262545723374
1171.2967614603328	622.0	0.3063055559265187
1171.1821669682265	937.0	0.11108251015376128
1171.0543787315207	373.0	0.516856394259341
1170.7919334865903	375.0	0.5148118037410458
1170.8054542731431	1522.0	-0.13041957604830134
1170.751240406839	656.0	0.2817850778041338
1170.9338911103762	1849.0	-0.22453011666434558
1171.1191837950032	1057.0	0.05121771969156147
1171.259047686057	484.0	0.41519727600752276
1171.538490709079	1453.0	-0.1072422867057582
1171.5026934443786	956.0	0.1012937347193129
1171.7550780305496	1107.0	0.028416866145402172
1172.0675393380989	763.0	0.21139703448181596
1171.7561300802515	1057.0	0.05148886795260074
1171.6791310077606	1311.0	-0.05611714669534712
1171.5840166532164	572.0	0.3438801978720297
1171.3583979421758	1255.0	-0.034472072274550083
1171.4679410143285	645.0	0.2898305712570656
1171.5675912609042	710.0	0.2453101304490431
1171.8499562678794	1291.0	-0.04837892922745346
1172.1348512485488	396.0	0.4949413952700498
1171.8802797881053	238.0	0.6623826811227267
1171.9674308726633	1166.0	0.002552401198521352
1171.7280325751162	544.0	0.36586686272938407
1171.6169713864986	612.0	0.3137540068098136
1171.7273231169088	296.0	0.5966553250893964
1171.9708517400331	904.0	0.12908218413347464
1171.8574018320107	435.0	0.4585704997791992
1171.9373246897567	399.0	0.49202301870471093
1171.8712312394637	1251.0	-0.032659089653747954
1171.9952965022644	579.0	0.338661844316095
1172.2195802601352	592.0	0.3288817258079527
1172.298707620386	981.0	0.08883983766088381
1172.4027170982981	325.0	0.5659150390353337
1172.169890547828	197.0	0.7122343963886366
1172.0992850420016	210.0	0.6961144510054238
1172.0355011019954	247.0	0.6518762218306947
1172.3414920475475	446.0	0.4488184327082725
1172.0649421322146	1250.0	-0.0321771132194238
1171.8315507783368	796.0	0.19098766387279648
1171.7920992336572	762.0	0.21191114566868577
1171.7534075589324	908.0	0.12681955783811288
1171.524351945505	327.0	0.5635706559249941
1171.7672632463064	715.0	0.24208988153653271
1171.6716621075827	1342.0	-0.06776077419339875
1171.376316983236	397.0	0.4937439494577073
1171.5467629432526	1314.0	-0.05731263606887921
1171.650006728293	1121.0	0.022092341430069665
1171.6886797130992	1369.0	-0.07766056576013937
1171.7629489919289	344.0	0.5461031684027108
1171.8070966162338	426.0	0.46676917269654866
1171.6894812054431	1559.0	-0.14183616315963593
1171.9823251093783	1103.0	0.030322136725199258
1171.7567072391282	741.0	0.22520203725275764
1171.9811293396292	782.0	0.19958285342879842
1172.1026986933055	529.0	0.37805048406971664
1172.0369897246228	219.0	0.6851269928582497
1172.116657522002	468.0	0.42930888744574336
1171.8701830203474	1493.0	-0.12050486324841761
1171.732266982636	814.0	0.18015130888023392
1171.643005569957	711.0	0.24467889249693442
1171.8128688801546	638.0	0.29495473154108925
1171.9182961280885	856.0	0.15578452876098234
1171.7598563967256	1037.0	0.06101154727457195
1171.7074510189138	826.0	0.17305209070656902
1172.0246360558738	1285.0	-0.04598055806452122
1172.1872522704489	623.0	0.30592198756751904
1172.5654257976762	270.0	0.6256668915370661
1172.2762249466007	746.0	0.2222183747069414
1172.052873020372	1006.0	0.07623913775339233
1172.0833412199993	655.0	0.2830102653526067
1171.996233486231	501.0	0.4010745631435119
1171.8022097517241	1116.0	0.024391186228367133
1171.9718605781063	661.0	0.2787668875707396
1172.1170182453586	392.0	0.49875873041807406
1172.0106677757071	1106.0	0.028977330400371305
1171.8657756070238	670.0	0.27247684508477493
1172.2155172017603	1342.0	-0.06752980467927597
1172.149625833107	1167.0	0.0022014948407897837
1171.9368260368385	1011.0	0.07372491229121929
1172.0765869713202	528.0	0.37885151287139374
1172.2309958115816	1359.0	-0.07378583957665831
1172.3049034189278	453.0	0.442566131379919
1172.2876328316688	1405.0	-0.09029351796200172
1172.2176274577369	1136.0	0.01569073341564713
1171.9652593362862	1282.0	-0.044839567408331796
1171.8906642225616	384.0	0.5063920507655018
1171.5007873515308	1050.0	0.05469311019078405
1171.310956019841	264.0	0.6321354632001421
1171.250033399067	1397.0	-0.08790030708270019
1171.270027717438	729.0	0.23274062173610294
1171.3840728677285	1001.0	0.07843183670685233
1171.3998290260229	336.0	0.5541992329704589
1171.5607843084185	236.0	0.6646681228534587
1171.7143839006408	401.0	0.4900536243517514
1171.5540242035133	1323.0	-0.060710641792912017
1171.3460347618866	502.0	0.4000045542625217
1171.404349994529	916.0	0.12235499556911354
1171.1756617126598	1396.0	-0.08757653075339278
1171.3295526055315	848.0	0.16011727862267003
1171.2085187146065	935.0	0.11214868642671794
1171.544015782921	837.0	0.16656046029069335
1171.3363833408716	1671.0	-0.17579327330420533
1171.483047681104	1641.0	-0.16694036705608356
1171.3592589206626	1361.0	-0.07488698154153915
1171.5030742864765	1531.0	-0.1330236879780198
1171.5967545921314	463.0	0.43349942583786805
1171.523018312835	1469.0	-0.11265835579696568
1171.3122749319496	494.0	0.40671787815869365
1171.7163639471864	821.0	0.17599913880994333
1171.7702355906936	658.0	0.280784016264663
1171.479777334051	1306.0	-0.05429720310803204
1171.5988804119347	1116.0	0.024304470896542342
1171.691991725569	855.0	0.15626054329840752
1171.668548777123	1196.0	-0.010276544508497135
1171.976450445894	803.0	0.18682574689059686
1172.2298434459817	1118.0	0.023678777744152123
1172.0222506978732	457.0	0.4389272463230982
1171.786490047577	1322.0	-0.060235112569543676
1171.712335748441	600.0	0.32268914327275783
1171.7709354033752	739.0	0.2264902230742874
1171.5318735009523	2026.0	-0.26722739922635935
1171.3354529879844	519.0	0.38592070694302677
1171.559085134014	1207.0	-0.014900161651434972
1171.3204035608621	428.0	0.46477266337993983
1171.40317428165	438.0	0.4556988491146734
1171.026667137983	988.0	0.08477276817548716
1171.1347262064176	615.0	0.31136213749541475
1171.2143000713438	213.0	0.692244185038369
1170.9294561811494	778.0	0.2016129701026117
1170.7798471990848	1126.0	0.019496795591311743
1170.5793816618202	729.0	0.23246166278953329
1170.4960166936	980.0	0.0885823620294302
1170.5909352203626	751.0	0.21835601299412097
1170.664550920477	458.0	0.43757601927155493
1170.900305268364	911.0	0.12483801679200102
1170.5272300489114	321.0	0.56956870309438
1170.6159853026375	818.0	0.17731728393452223
1170.699699823538	753.0	0.21713352653839565
1170.745460568933	993.0	0.08214712118781141
1170.4659437296857	1020.0	0.06869129563981659
1170.3189486243043	1220.0	-0.020784277095861423
1170.2284126362508	1281.0	-0.04519023473810683
1170.4684148287029	737.0	0.22724801703604083
1170.7019714465555	992.0	0.08262903248154345
1170.7756617932916	1385.0	-0.08381969568346041
1171.0218309401528	776.0	0.20288515755851064
1171.0115309558814	1147.0	0.01035867623401328
1170.9089189520203	1148.0	0.009879180145796085
1170.8311780150889	742.0	0.22418663128446045
1170.9776137901174	702.0	0.25039146775550847
1170.8724614880873	435.0	0.45823842125431835
1170.5963303718831	995.0	0.08108451603338707
1170.621436126494	473.0	0.4244416754326175
1170.7623204716638	432.0	0.46093067639265406
1170.6803252209268	971.0	0.09323535490775385
1170.8306340148174	412.0	0.47941366417078946
1170.8895804593485	338.0	0.5519884233051655
1170.8227096767123	300.0	0.5920650422022106
1170.8746358163535	854.0	0.15649098971927292
1170.8588959904464	474.0	0.42365876956931015
1170.585733517825	641.0	0.2923326915858681
1170.896839436301	471.0	0.4262733337598669
1171.1138519789313	1361.0	-0.07499115723910534
1170.9223545875502	1665.0	-0.17422114699762548

Average Payoff: 0.2189