168.0	168.0	0.0
505.76140158656244	312.0	0.23694124130906688
604.3785529999999	141.0	0.6216687495702603
726.8260222853124	182.0	0.5994832992516057
757.4415410266746	369.0	0.3448395028761427
829.1613981495832	230.0	0.5656941417959087
880.219470358264	147.0	0.7137904717699115
861.4925718807658	793.0	0.041397932541278194
935.456935509292	401.0	0.39990584156430237
924.3450715510995	430.0	0.3650067342032247
959.3791184745345	272.0	0.5582189174411842
1008.3538920432812	336.0	0.5001316216084827
1020.6220689492424	332.0	0.5091016069878149
1029.423413210889	366.0	0.475428036343709
1048.9762881527497	262.0	0.6002978812543209
1080.180509232133	294.0	0.5721086159717375
1093.284396130559	172.0	0.7281243639358813
1116.8573055229626	256.0	0.6270551950736324
1102.9310136281715	146.0	0.7662000568376202
1103.0749849480032	161.0	0.7452682761432501
1121.5574725354222	312.0	0.5647192303379511
1120.0306839895777	202.0	0.6944095134155109
1129.0114518541889	215.0	0.6800622499110591
1135.5647178703991	496.0	0.39199469740016896
1134.6817335365822	153.0	0.7623636399969894
1149.2995841094425	294.0	0.5926001736064984
1151.6633567949195	246.0	0.6479839028417831
1153.0473593211934	138.0	0.7862200809232008
1151.747956012058	257.0	0.6351370038860235
1148.2338361881568	190.0	0.7160436466900306
1156.7789493133207	238.0	0.6587272841805184
1167.7270267468582	210.0	0.6951500610453145
1170.2491309985714	267.0	0.6284568983325892
1170.4182546608872	376.0	0.5137150006258135
1167.830656815753	258.0	0.63810569120995
1164.0794773875282	304.0	0.5858534845252751
1160.6736727600403	406.0	0.4817044454640746
1158.099434249578	378.0	0.507844360108547
1155.985477744002	266.0	0.6258752228299653
1158.080201961437	289.0	0.6005750066813484
1156.885242480361	281.0	0.6091482244921392
1156.0703388596346	283.0	0.606690524628201
1162.741107737101	378.0	0.5093270399526476
1162.9991468889616	294.0	0.5964307863491072
1162.0824414578888	326.0	0.5618522322182437
1160.4909591966625	359.0	0.5274733320035031
1161.9579921039965	308.0	0.5809404055701618
1163.8638294148523	311.0	0.5782661506813299
1165.9491084886752	313.0	0.5767264766536127
1169.251397542297	501.0	0.40009030887541847
1169.3780004978094	203.0	0.7041631388343957
1168.0663482420666	144.0	0.7804989051156839
1175.9825603947866	207.0	0.700646984382927
1175.5715244032153	218.0	0.687134824180113
1174.6626310754896	190.0	0.7215428990676456
1174.696851501931	202.0	0.7065439645923144
1170.2578897163753	372.0	0.5175904075700185
1169.426986345164	223.0	0.6796959521944783
1174.4399776003504	203.0	0.7052503146399918
1175.5478932393594	135.0	0.7939792956878325
1175.4275661918452	192.0	0.7191807379827779
1175.833415034742	196.0	0.7142510193265175
1174.7229624987888	197.0	0.712769990171869
1174.0160253169274	291.0	0.6027347210252558
1171.5720107433133	338.0	0.5521909553243919
1172.0142633798393	256.0	0.6414601638584527
1171.9069500525661	267.0	0.6288849671756107
1173.7015607706549	292.0	0.6015559950056019
1174.5403883189058	237.0	0.6641966436649276
1174.3601832020138	239.0	0.6617988778224421
1180.7446471170374	261.0	0.6379386592183233
1180.707181160562	279.0	0.6177315510934502
1181.227836960573	680.0	0.26929955968157526
1182.6456169042797	351.0	0.5422671363825152
1184.4084581641287	298.0	0.597951565428796
1185.3070203464704	316.0	0.5790334745426371
1186.2893901803775	299.0	0.5973848571507151
1186.0804327376177	324.0	0.5708837847628793
1186.1507455085857	315.0	0.5803219617450494
1185.710699644935	297.0	0.5993824013394891
1184.425069907935	163.0	0.7580570472669961
1185.0234312877426	206.0	0.7038151976932623
1185.869493049929	230.0	0.6751112992701661
1186.5857477064067	161.0	0.7610541662762131
1186.489928289586	172.0	0.7467776589016637
1185.5967963004277	182.0	0.7338396806831667
1188.7254880351356	208.0	0.7021605150306134
1187.7923921749039	211.0	0.6983111987449003
1188.135481297925	273.0	0.6263180197944487
1188.570749437829	358.0	0.537040254860463
1187.561021292406	321.0	0.5744288822668974
1187.668170692166	266.0	0.6340292711047752
1186.0476080887895	312.0	0.5834578309589908
1186.3613070655608	308.0	0.5877837594646883
1186.1957335936718	291.0	0.6060102349577398
1187.6981192785986	381.0	0.5142468836831251
1187.1666532989295	164.0	0.7572468213309037
1187.153059294796	224.0	0.6825291225149724
1186.0676132768124	186.0	0.7288763349558418
1186.355771795661	225.0	0.681157643598632
1186.2149164872253	192.0	0.7213787230087934
1186.1869716721114	212.0	0.6967501424412985
1185.7848933179266	203.0	0.7076581103715558
1185.289697606867	221.0	0.6856977614554334
1185.0552087238937	338.0	0.5561552883126324
1186.7108296105298	276.0	0.6226185047478052
1188.6472931682279	373.0	0.5222993032655054
1188.1379829676744	279.0	0.6196676751076285
1187.8850983767218	349.0	0.5458346230715382
1189.5211590757415	400.0	0.4967037743208302
1190.0477451590039	281.0	0.6179593749764702
1190.0291119873684	279.0	0.6201572892962532
1189.3167216548218	202.0	0.7096275824820927
1189.016602012119	299.0	0.5981227634212043
1190.5185193911452	246.0	0.6575052856203139
1191.6248475944988	226.0	0.6811568301959594
1191.225639700657	307.0	0.5901818900104552
1191.5007638007155	171.0	0.7489909664006454
1191.6982846335175	191.0	0.7237285933993556
1191.3624710610654	160.0	0.7632019485129391
1190.7616869158112	204.0	0.7074769089032003
1192.4047441583334	239.0	0.6660623056121948
1193.3953679334218	217.0	0.6922848657423504
1193.845966565634	212.0	0.6984022360317346
1194.1198955703683	165.0	0.7571958139414093
1195.7893427450372	243.0	0.6622160134486607
1195.8168284162243	205.0	0.7073136246774323
1196.3034741823685	241.0	0.6646498052374131
1198.0062498366053	296.0	0.6037499842689781
1198.0186808032972	296.0	0.6037532812630588
1197.894315225954	279.0	0.6221801423112459
1197.7740257336673	259.0	0.6444197996054175
1197.1272648465163	296.0	0.603516716935141
1197.2981487088064	307.0	0.5918362323805169
1197.8880886626162	491.0	0.4185523560784784
1197.3797043334769	268.0	0.6342244959344528
1196.9441042765989	290.0	0.6099382630914891
1197.4913184573625	304.0	0.5950692537971772
1197.6726791680323	325.0	0.5731190236136954
1197.2814446872767	284.0	0.6165482244868636
1196.584193912462	480.0	0.42740722268187886
1196.6470006749744	282.0	0.6185702201116665
1197.3695497621623	332.0	0.5658341699667938
1197.8682989339768	329.0	0.5690525499419956
1197.9765570162242	558.0	0.3644562078343915
1198.1033402223993	141.0	0.7894113235852542
1198.3746430219373	199.0	0.7151801759195427
1198.390424523736	193.0	0.7225796633377541
1198.2394725291863	184.0	0.7337653805193083
1197.7298779368703	232.0	0.6754631716380148
1198.2050549254132	184.0	0.7337587511428555
1197.9443133955165	221.0	0.6885008130147833
1198.1319839659238	191.0	0.7250081314020261
1197.86304387723	224.0	0.6849204275129311
1197.5609203111326	201.0	0.7125616809666263
1197.404240001125	138.0	0.7933210096743684
1196.9517364530032	238.0	0.6682815261950172
1196.5913043336977	184.0	0.7334475461022808
1196.2699064876194	236.0	0.6704531751578208
1196.825511259332	209.0	0.7026658026531631
1197.229581413393	234.0	0.6730084354895512
1196.8771471986577	220.0	0.6894579033405015
1197.11518904771	223.0	0.6859409691272471
1197.1770086530662	245.0	0.6602358815457474
1197.1034468444645	294.0	0.6056611623798803
1196.7678073342993	231.0	0.6764179738282705
1196.3808531912262	304.0	0.5947695555386368
1196.3552266528354	216.0	0.694127941860771
1196.8193453933527	292.0	0.6077428723592354
1196.633218001828	338.0	0.5595038657639726
1196.964006996605	411.0	0.48879452747493274
1197.6281899907613	299.0	0.6004351621870149
1197.4586373967315	278.0	0.6231680198226398
1197.2184277087993	292.0	0.6078479898355146
1196.949003801509	314.0	0.5843671769067201
1196.444695681128	303.0	0.5958503826480093
1195.8471170787825	176.0	0.7434116414155898
1196.5714312145737	216.0	0.6941747578538009
1196.3476067759632	204.0	0.7086437695713687
1196.9013953717913	187.0	0.7297495318302477
1196.6618203356302	232.0	0.6752205501712125
1197.7047672292595	183.0	0.734917986316167
1197.7178953244186	202.0	0.7113704116025729
1197.905675522939	193.0	0.7224829786859015
1197.7492073465999	328.0	0.5700472942464532
1197.5601429449591	342.0	0.5557172591571476
1197.4213005656875	361.0	0.5367106444592852
1197.391288291202	281.0	0.6198570673061883
1196.9674284208359	296.0	0.6034742696120442
1196.7246937707462	288.0	0.6120492893957759
1196.075391410819	290.0	0.6097102452861616
1195.9881981569508	284.0	0.6162131558161491
1196.1473074917812	220.0	0.6892978592888696
1196.0136208328438	247.0	0.6576608890809464
1196.1908727955156	192.0	0.7233809791396285
1196.262612637098	308.0	0.5904970350089999
1196.2017377288919	145.0	0.7837760033840486
1195.8650555870659	252.0	0.6519012610635574
1196.2158296347907	204.0	0.7086163494477733
1196.6210902750825	228.0	0.6799148888691868
1196.4033948400233	284.0	0.6163207933866027
1196.1364127719414	335.0	0.5624165199056013
1196.025432240305	394.0	0.5044104427375553
1195.6129828656706	272.0	0.6293300711078598
1195.408215442581	390.0	0.5080131461396168
1194.9955836875556	286.0	0.613773324984692
1195.612179341417	276.0	0.6249011745424439
1195.9934704966204	273.0	0.6283169319905727
1195.5343477808028	178.0	0.7408146359243338
1195.2827213189871	211.0	0.699918093565001
1194.8282670862898	219.0	0.6902028271774059
1195.7766741680978	195.0	0.7195811468197932
1196.383508849293	202.0	0.7110949911498563
1196.0534623751455	231.0	0.6762559972833387
1196.1941021510554	217.0	0.6928942745094969
1196.2194370084749	204.0	0.7086171001370476
1196.6415680610296	175.0	0.7448312969292957
1197.6179745548388	174.0	0.746285039671528
1198.2530851186993	187.0	0.7300132343917842
1198.6047569090788	221.0	0.6886457319554412
1198.330781531027	176.0	0.7438753430175913
1198.371874703039	135.0	0.7975058533013284
1198.6732530582617	233.0	0.6745067360834209
1198.9866881404523	189.0	0.7276630941565992
1198.6313078951252	328.0	0.5702957245751277
1198.7147707676845	362.0	0.5361099839890162
1198.9863135352214	345.0	0.5531048468816238
1199.0343858751144	298.0	0.6018795522511668
1199.1473682602418	298.0	0.6019095964530325
1198.8696375821378	251.0	0.6537619748785444
1199.2884207117384	388.0	0.5111159447304212
1199.3110858669029	413.0	0.4876919179924396
1199.7721444907531	265.0	0.6381689793914934
1199.4861888987566	246.0	0.6596300927822561
1199.1664890905968	370.0	0.5284120549701111
1199.2740745377027	363.0	0.5352928069200451
1199.2519413938794	318.0	0.5808210998789594
1198.8558340353977	597.0	0.33513594055208257
1199.0126741009578	297.0	0.6029445403215119
1198.90567031192	274.0	0.627946302980863
1198.86396941865	243.0	0.6629363030716746
1198.6837676807206	166.0	0.7567201956507229
1198.3210621933438	176.0	0.7438735316780879
1197.9683120395	180.0	0.7387458065220875
1197.978493126103	349.0	0.5487978642873724
1197.8550973180616	353.0	0.5447672698623449
1197.4943867896275	232.0	0.6754097082940943
1197.369292625137	172.0	0.7487894596054963
1197.2112929417126	267.0	0.6352985374623404
1197.06121950501	378.0	0.5200186566477804
1196.7451941825948	173.0	0.7473982741684464
1196.5117088242248	202.0	0.7111214747428491
1196.384402633614	215.0	0.6953345954527845
1196.2861543428849	235.0	0.6716240155234501
1195.8402143000453	227.0	0.6809198984979901
1195.814761574389	185.0	0.7320422620785642
1196.077525689121	222.0	0.6869000516849485
1195.8014319114563	229.0	0.6785516986843805
1195.7374926285654	226.0	0.6820791444668705
1195.6406503126534	341.0	0.5561746984493502
1195.5211446248638	194.0	0.7207671135477752
1195.1962699196954	273.0	0.6281151156787341
1195.1419842581001	214.0	0.6962690738184641
1195.0992048789383	240.0	0.6655283492819636
1195.2291856462466	370.0	0.5272257847054703
1195.076535362693	289.0	0.6105322156725949
1195.1745211081727	346.0	0.550991798448354
1195.435725765267	309.0	0.5892147538003728
1195.9155950070335	353.0	0.5441972420732234
1195.6159743277578	322.0	0.5756502231829328
1195.4439257037145	262.0	0.6404664421329342
1195.4423141731577	372.0	0.52534138368437
1195.6098889569655	203.0	0.7097117622250042
1195.3903457128376	138.0	0.7930088507934644
1195.2364265754393	174.0	0.7458437467440349
1194.8932331265592	302.0	0.5964976080903072
1195.1616193867678	199.0	0.7145237722330477
1195.5667207829883	279.0	0.6215837560041335
1195.2874010794624	202.0	0.7108683584437294
1195.0628501329604	186.0	0.7306422369089242
1195.2322525343575	310.0	0.588103431243845
1195.5960921716712	537.0	0.3801209613408359
1195.3599280726776	360.0	0.537084640664372
1195.324832787377	314.0	0.5839199181264195
1195.722686624958	323.0	0.5746425560840214
1195.6504283196414	334.0	0.5632989161230685
1195.3960605426146	310.0	0.5881482513136621
1195.105651783105	394.0	0.5041235935975684
1195.4975014872186	253.0	0.6506725075600934
1195.6603306765642	225.0	0.6832458890537927
1195.2924696025448	156.0	0.7691099395441992
1195.1968489640574	222.0	0.6867054846159479
1195.4077036255817	141.0	0.7889865501112022
1195.0216214735335	239.0	0.6666716925029139
1195.000223985999	380.0	0.5174603860838841
1195.1743111097417	192.0	0.723178264674755
1194.8372553879947	385.0	0.512608025051989
1195.0217318461869	317.0	0.5806938573390196
1195.36175829255	284.0	0.6160506402061019
1195.3093191951507	508.0	0.4035140954432861
1195.184914073383	322.0	0.5755296575741913
1194.869766666357	332.0	0.5651233559691712
1194.8475662464239	394.0	0.5040430455757237
1195.024530285935	258.0	0.6448786725586398
1195.1921044635228	187.0	0.729415325993949
1195.1161272878696	237.0	0.6690212539553915
1195.0169374692873	419.0	0.4807985092684654
1194.9740937359493	153.0	0.7729926699467108
1194.66486293462	176.0	0.7431903235292971
1195.0108377910087	200.0	0.7132638764058653
1195.5033214277585	209.0	0.7023858942710944
1195.4383539469038	143.0	0.7863181377337116
1195.423365923538	212.0	0.69874025807311
1195.106116403872	173.0	0.7470956413019507
1194.854023244708	126.0	0.8092143449879826
1195.0460771106023	241.0	0.6643561737449202
1195.0977563610766	262.0	0.6403810261099943
1194.7818478358179	208.0	0.7034464049832153
1194.746000184548	405.0	0.49366962011059395
1194.6009740028487	144.0	0.784849999668843
1194.3830525990143	754.0	0.22602488356258918
1194.2397787263214	688.0	0.2689560514276693
1194.194419675077	298.0	0.6005882396143941
1193.9358260511744	259.0	0.643480468502292
1193.9853646573806	312.0	0.5856533438875994
1193.715754990794	306.0	0.5919226707038516
1194.127417482588	668.0	0.2825410401796566
1194.4792684034844	364.0	0.5328779697238016
1194.3989399855423	332.0	0.5649892157247638
1194.2988327266241	334.0	0.5629127067981677
1194.2119493965924	271.0	0.6300876468942204
1194.1681878836052	247.0	0.6572225197910784
1194.3232404998153	320.0	0.577368963981057
1194.2528417843334	279.0	0.6212462761489216
1194.0407747088423	371.0	0.525890946746713
1194.259295268939	293.0	0.6059866615968708
1194.5248854901022	208.0	0.703392072180857
1194.4244598854036	135.0	0.7969045943210087
1194.1991383461436	289.0	0.6103018232302205
1194.3401161765337	212.0	0.6985082092710662
1194.8815018263692	286.0	0.6137435714508196
1195.168401925285	189.0	0.7269118414535201
1195.4262972701592	164.0	0.7587217485356498
1195.7812554327377	227.0	0.6809066760849922
1195.741574446313	207.0	0.7048636701571969
1195.4856147843961	189.0	0.7269744113167508
1195.2346252966495	181.0	0.7369634556884003
1194.9309766461197	129.0	0.8051257923932071
1194.9969060361902	366.0	0.5310688975939397
1194.6665813389843	167.0	0.7547123469303596
1194.796887400438	217.0	0.6925903408109005
1194.962969057674	203.0	0.7095774287399953
1194.6855889086344	216.0	0.6937659224730485
1194.4498131058037	257.0	0.6458713244103522
1194.3662398613067	306.0	0.5920995929256759
1194.4990240857658	374.0	0.5231109560708919
1194.8343996485357	312.0	0.5858868100266719
1195.0725660339983	264.0	0.6381262918024758
1194.9712071874415	229.0	0.6783642831482392
1194.724285207855	244.0	0.660810618811861
1194.6388973195426	354.0	0.5428243464467799
1194.3851091652969	356.0	0.5407592631076483
1194.5290694010882	371.0	0.5260388232306278
1194.4491055931935	409.0	0.48984972635138163
1194.1821187691485	263.0	0.6390293339282112
1194.0974835597315	418.0	0.48142093854399065
1194.2100013782501	274.0	0.6267563907849851
1194.1392703067343	377.0	0.520093467046498
1193.8982919219702	198.0	0.7154964538010944
1193.824964728633	188.0	0.7278960725146256
1193.6016287854247	226.0	0.6816008161481755
1193.5663044969106	163.0	0.7596873820915825
1193.4602095339953	156.0	0.7687964433514183
1193.7726978273236	149.0	0.7780711504767861
1193.690303249091	178.0	0.740466197685621
1193.60987475007	172.0	0.7480978965072599
1193.7736319385508	358.0	0.5385924948953166
1194.0333914871292	276.0	0.6244983255505642
1193.9297778933417	297.0	0.6015908939458491
1193.9340628297482	330.0	0.566910395864198
1194.0613594973215	357.0	0.5396700487520378
1193.9829247095277	301.0	0.5973198154641348
1193.701788650704	246.0	0.6582625625122651
1193.5758651038573	259.0	0.6433921198580814
1193.4911233042383	326.0	0.5709089773540887
1193.390546879725	204.0	0.7080272219451925
1193.4076938537064	235.0	0.670962287572125
1193.3257477976865	218.0	0.6910706116710764
1193.565240862913	131.0	0.8021992485403625
1193.5835988123858	135.0	0.7967760551602837
1193.3355433988713	158.0	0.766157264534611
1193.2965284264012	208.0	0.7031320697931429
1193.2414471403752	262.0	0.639922295348523
1193.1139581559896	286.0	0.6132819943683636
1193.6156459839867	267.0	0.634400739531819
1193.5599322155676	345.0	0.5515286824047332
1193.429429482967	284.0	0.6155484731350085
1193.3048963324434	280.0	0.6199021659440417
1193.372997227997	356.0	0.5404592688307798
1193.3823581101096	326.0	0.5708782608144845
1193.298987792286	116.0	0.8228059425974248
1193.2294151207097	285.0	0.6144035599822949
1193.3416772911094	179.0	0.739132020892448
1193.2693404414915	155.0	0.7700756141955358
1193.4372036331647	200.0	0.7129400600493054
1193.58677807181	220.0	0.6887350625900888
1193.6507983559954	233.0	0.6733608528891609
1193.5828141919956	175.0	0.7442610002328297
1193.440506652957	204.0	0.7080376602384237
1193.3404097437324	147.0	0.7806527372727563
1193.3909822108835	155.0	0.7700963562573595
1193.4030958690405	177.0	0.7416818445119528
1193.1590089867163	389.0	0.5082668710408158
1193.5736702544816	239.0	0.6663347861788579
1193.684498330681	211.0	0.699576666147094
1193.5089731989642	193.0	0.7216029557245361
1193.4441355838073	285.0	0.6144595617237044
1193.1184608728977	444.0	0.45758354008999086
1193.372603641814	287.0	0.6122597793366871
1193.494829406047	302.0	0.5961203020408399
1193.6078970169337	409.0	0.4895819485710692
1193.7508978481246	464.0	0.44020540045877327
1193.9464340887148	349.0	0.5476187736794321
1194.3438799704359	593.0	0.33644554173894203
1194.1677935780244	255.0	0.6480738791877235
1194.013570166273	282.0	0.6178896919379505
1194.1310377334637	301.0	0.5973597064023238
1193.8833659052345	421.0	0.4786001157873028
1193.932694126525	257.0	0.6457451113475441
1193.7465475719762	486.0	0.4213412723455231
1193.6844115665465	313.0	0.5845181677102982
1193.5117053331371	262.0	0.6399891542747387
1193.9030689698418	181.0	0.7367087119303387
1193.9944227660862	215.0	0.6948178125816569
1194.2887626864633	203.0	0.7094372968265958
1194.472298138889	239.0	0.666543957200569
1194.3306292799205	184.0	0.7330103589207375
1194.0771707578692	468.0	0.4368492531708348
1194.1598269797994	496.0	0.4130732584192132
1194.317482574731	188.0	0.7279930227753069
1194.1689722841156	122.0	0.8146134689860104
1194.0739656571686	169.0	0.7520310646993814
1193.8379069810862	211.0	0.6996094724502038
1194.1702111995248	336.0	0.5608331706619694
1193.9345681865448	165.0	0.7571627010413206
1193.7825217253362	169.0	0.7519780341972109
1193.6957179367064	324.0	0.5730369451915236
1193.4585752269818	256.0	0.646764654919633
1193.3886520597803	249.0	0.6547393802018346
1193.3766218821715	294.0	0.6046730926455419
1193.3835674815489	341.0	0.5555218300992388
1193.189680046258	370.0	0.5266089525500821
1193.117496558212	262.0	0.6398916230205349
1193.1836396278509	223.0	0.6850690916629985
1193.2024321505412	290.0	0.6089542550445795
1192.880473496975	206.0	0.705478768339609
1192.9507621854393	369.0	0.5275139153763014
1193.0983885722433	295.0	0.6035208393941776
1192.918928641381	456.0	0.4469103458279552
1193.2420835349958	679.0	0.2746664483494843
1193.3694257661725	318.0	0.5791895818736795
1193.2199997175676	302.0	0.5960460667232316
1193.1724653487279	251.0	0.6523960870014366
1193.1089052704633	269.0	0.6320383535996043
1193.0075927314076	163.0	0.7595883668001167
1193.337486208817	266.0	0.6354510145682121
1193.3539190679437	214.0	0.6958831789210108
1193.208568731518	182.0	0.7353128766964048
1193.1445363689147	192.0	0.7227726133139605
1192.9117339757345	221.0	0.6873920844003791
1192.8465481880837	153.0	0.7726338114757819
1192.609577870287	183.0	0.7339361357408984
1192.2815014230769	355.0	0.5411306867257227
1192.319415226473	372.0	0.5243938080943091
1191.9795303032292	286.0	0.6129851677427185
1191.8403655100515	403.0	0.494620265808089
1191.5908129741692	290.0	0.6085288900815343
1191.4802555784734	331.0	0.5651831952668115
1191.815098458036	378.0	0.5184146204590672
1191.6645886902406	396.0	0.5011540815095158
1191.768142094098	160.0	0.7632730125565244
1191.6069472089446	147.0	0.7803686880506611
1191.5805225658385	177.0	0.7413378356895547
1191.7130681716073	176.0	0.7426360775578739
1191.5543569417841	228.0	0.6787724275790444
1191.8352306888999	210.0	0.7003927488727755
1192.099622880528	398.0	0.4994024345732409
1191.7618081619182	156.0	0.7685050888735996
1191.770118375914	348.0	0.547984473984914
1191.7665254751994	525.0	0.3883850923122112
1191.960024861574	257.0	0.6452628152739377
1191.8270841614717	367.0	0.5291331492390413
1191.90017839023	288.0	0.6107845593838989
1192.187373037941	311.0	0.5862125965421474
1192.1318564897945	302.0	0.5957518759964103
1192.3554886118197	428.0	0.4717208624797842
1192.530663242545	189.0	0.7263904377534345
1192.487556665878	348.0	0.5481949873672637
1192.658545764019	188.0	0.7276661915043362
1192.8275815045185	219.0	0.6897638169575608
1192.9845206964433	208.0	0.7030659555087716
1193.0017937566427	205.0	0.7067242675717404
1192.8476487596783	158.0	0.7660728059969272
1192.8231125787124	174.0	0.7453949989597067
1192.59629890344	412.0	0.48647519593363714
1192.3635386048848	204.0	0.7078124795440912
1192.315743137742	273.0	0.6273840620651305
1192.352759954438	264.0	0.6374504759296652
1192.2126329613784	145.0	0.7831309749461693
1192.2373436330017	225.0	0.6824808476705445
1192.3107094927427	224.0	0.6836852274029241
1192.3906100985482	219.0	0.6896677667641439
1192.3958152941436	334.0	0.5623677729545706
1192.881713721804	382.0	0.5148842015604499
1192.7348852472576	315.0	0.5821546571851824
1192.8060707276697	350.0	0.5462812771602314
1192.6731012158887	284.0	0.6153515632320313
1192.7533414622324	419.0	0.4800693267123985
1192.583946046559	357.0	0.5392311582592073
1192.8566743659871	557.0	0.36337643172768563
1193.0001133186067	294.0	0.6045729958367432
1193.1644446809387	400.0	0.4978547238667411
1193.336998684208	309.0	0.5886408971214429
1193.3237511218613	448.0	0.45409916880348866
1193.1703586674746	293.0	0.6056979628328629
1193.2386450862305	469.0	0.43570076247906014
1193.202231146539	361.0	0.5354529896232495
1193.2847322509708	345.0	0.5514484506452043
1193.1453954358158	192.0	0.7227727852503311
1193.434678278219	282.0	0.6177397696398403
1193.3936684676721	139.0	0.7913529562777676
1193.1675714123996	280.0	0.619866734194332
1193.4260557509463	224.0	0.6839341296272055
1193.40008484878	221.0	0.6875000187466361
1193.2579702727855	219.0	0.6898583621267169
1193.221945350296	320.0	0.577061380872423
1193.1741288308522	230.0	0.6767788349427815
1193.338226199414	208.0	0.7031409033005269
1193.4850068670635	208.0	0.7031719940194413
1193.339926233943	219.0	0.6898763591793774
1193.4781440371135	179.0	0.7391579592320858
1193.6505674446826	278.0	0.6221929224915008
1193.5832101042804	150.0	0.7767164714891638
1193.6764451965396	551.0	0.3683642585798431
1193.8084515001674	255.0	0.6479865923808485
1193.83170903241	271.0	0.6299916252099591
1193.7910367382972	378.0	0.5190200336243082
1193.742978780087	297.0	0.6015409708747478
1193.7940839064477	392.0	0.5056104648412528
1193.679722220221	251.0	0.6525181379105166
1193.5500531329103	429.0	0.4712027537496759
1193.5082135237737	237.0	0.6686492286315541
1193.440247075149	292.0	0.6068505608691407
1193.3037891608299	242.0	0.6627891574905008
1193.2032242375406	336.0	0.5605554648663139
1193.4379168122405	388.0	0.5093073261047071
1193.2968664524776	320.0	0.5770823199414203
1193.245020649531	352.0	0.5444088215187521
1193.0964567362255	251.0	0.6523777912075482
1193.117775036352	289.0	0.6100174967634922
1192.9821709786563	170.0	0.7505469937615756
1192.7795277778503	181.0	0.7364933799926753
1192.5953322162484	211.0	0.6993435427477016
1192.6195217592567	224.0	0.6837541816142401
1192.6278274327365	169.0	0.7517677053962112
1192.4779464718383	326.0	0.5706226741620366
1192.3450332757075	163.0	0.759470841744189
1192.4216975014735	185.0	0.7313821898760934
1192.345485540494	316.0	0.5809978509177347
1192.145508206825	351.0	0.5450850251861588
1192.3170705205753	282.0	0.6174499968308351
1192.766831120216	279.0	0.6208638568275889
1192.6479352603408	291.0	0.607723647795274
1192.7139161920084	264.0	0.6375403611299031
1192.6649664672198	312.0	0.5852897396387979
1192.8263517606624	340.0	0.5563750589106677
1192.8905892465377	189.0	0.7264617018586828
1192.9497717672325	168.0	0.7531135924555876
1193.0125078285978	213.0	0.6970154976374277
1192.908203056598	243.0	0.6615382522605147
1193.115764345539	218.0	0.6910246409144097
1193.1726883573697	160.0	0.7635187269494396
1193.054991630562	238.0	0.6673782609446478
1193.1092181965041	549.0	0.3697295275570092
1193.1876261271984	311.0	0.5864877564500043
1193.2471264152275	324.0	0.5729107086654908
1193.3690746778757	318.0	0.579189484120182
1193.592716051527	265.0	0.6366360573671774
1193.6548602004625	253.0	0.6502275602005833
1193.6133294432277	297.0	0.6015063140339217
1193.6386421672637	336.0	0.5606805545603379
1193.786358807	281.0	0.6189278557915201
1193.8904487723769	148.0	0.7794156741552231
1193.8370305954988	176.0	0.7430351259762793
1193.8147017025658	214.0	0.6959827174113251
1193.7238028164495	219.0	0.6899606284492483
1193.8884139388044	181.0	0.7367059054902237
1193.7889789781398	257.0	0.6457100188601964
1194.003905772631	185.0	0.7316903901061138
1194.1916048888754	208.0	0.7033215727796571
1194.4650449902306	181.0	0.7368162852858459
1194.4714698097957	180.0	0.7380811403456646
1194.8213407740704	191.0	0.724351192494533
1194.8715084220162	195.0	0.719398521635439
1194.9536366868529	294.0	0.6050918003676804
1194.7791395685767	160.0	0.7637991384323333
1194.8301481026772	289.0	0.610467545265158
1194.7940564665814	122.0	0.8147014722600303
1194.8444544364047	540.0	0.3774658026325148
1194.7393952200712	277.0	0.6235746615200447
1194.767149520376	305.0	0.5932701951799135
1194.9411469873985	334.0	0.5630963289095746
1195.1220958311671	309.0	0.5891290994841096
1195.031666331171	367.0	0.5300991549524819
1195.1058190709746	256.0	0.6471656351514102
1195.198789273446	288.0	0.6116501684294409
1195.235035735922	266.0	0.6359244153134689
1195.444589847472	276.0	0.6248584528370045
1195.2846861359305	278.0	0.6226119736177713
1195.1691503367826	288.0	0.6116424078337876
1195.3346881737853	319.0	0.5786928708808768
1195.212451637503	256.0	0.6471915608067756
1195.076320190822	268.0	0.6336486397851807
1194.8385476328276	264.0	0.6380682421253847
1195.0954092215343	194.0	0.720681533158734
1195.0620809208697	184.0	0.7331519696674803
1194.9443421417518	238.0	0.6678168258171521
1195.0990350190357	211.0	0.6998788922472399
1194.996806544647	253.0	0.6505517155058738
1194.9516760250497	225.0	0.6830878067205004
1194.9239629300907	274.0	0.626937803569564
1194.8234097853563	190.0	0.7255967820049353
1194.8423573173286	204.0	0.7083302504633516
1195.075603602048	247.0	0.6574382100591148
1194.990446220677	184.0	0.7331381076579919
1194.9041300578053	259.0	0.6437179114558228
1195.2477608772622	265.0	0.6370478940631309
1195.3208557537528	173.0	0.7471353312016847
1195.4746526732788	229.0	0.678477957371525
1195.4131652033918	220.0	0.6891367052271462
1195.310656612018	524.0	0.3904533796904784
1195.1265567751166	227.0	0.6807597763805828
1194.882773340463	247.0	0.6573923975417697
1194.842276680163	296.0	0.6029090338662267
1194.9274651026174	240.0	0.6654883179299427
1195.079980662285	281.0	0.6192618236392293
1195.0859652762563	336.0	0.5610958396586504
1195.0429941205946	307.0	0.5912234187680624
1195.1021746352922	269.0	0.6325393068048575
1194.9288235350155	378.0	0.5193679531531769
1195.105984687994	296.0	0.6029792609786401
1194.9932424885762	272.0	0.6291734793016702
1194.8165869317656	829.0	0.18075580034965857
1194.9655149978446	296.0	0.6029418561026505
1194.9803662890408	303.0	0.5954553119402701
1195.0660927576748	648.0	0.29682391472957487
1195.1316882169547	181.0	0.7369437800905223
1195.2085453806815	249.0	0.6551744541376251
1195.268924373467	192.0	0.7231971442210269
1195.5103252080023	264.0	0.6382348306273531
1195.743123831567	266.0	0.6360509645460107
1195.590706099308	413.0	0.4865070419292811
1195.5694662576684	608.0	0.3257814446575493
1195.5431106066596	163.0	0.7600370592182207
1195.5877902512298	620.0	0.3170255899174027
1195.5831610940613	458.0	0.4460514466088622
1195.6788886688462	386.0	0.5119110424178946
1195.5536454419102	437.0	0.46464240091576287
1195.704558721393	307.0	0.5914033823638397
1195.9222277079384	473.0	0.43316711570244
1195.8618075655684	251.0	0.6530421928514064
1195.8248141473498	334.0	0.5633486959928082
1195.9370914468998	179.0	0.7396244510188734
1195.9088146888976	188.0	0.7283057987570339
1196.1199786083741	261.0	0.6417590811577937
1196.1207158647967	160.0	0.764032806035312
1196.1223111491317	218.0	0.6916815493521904
1195.9557045548017	191.0	0.7245766402304694
1195.8556730501216	141.0	0.789057258995955
1195.8954847361263	251.0	0.6530502684569847
1196.005081181627	480.0	0.42720937377876256
1196.0716487297057	289.0	0.6107931893424757
1196.216399042676	282.0	0.6184591103405034
1196.2436633297484	274.0	0.6272726666551912
1196.2058090866053	271.0	0.6305903393761665
1196.0953456407133	307.0	0.5915096126265531
1196.2982510810825	450.0	0.4533189843280264
1196.217174724511	335.0	0.5624395996468998
1196.1594420635602	117.0	0.8218038171874381
1196.2143817056485	176.0	0.7434803156905646
1196.0756412330766	330.0	0.5675181608516359
1196.0291458331064	246.0	0.6588141082850612
1196.0739857831654	761.0	0.222308399653609
1196.0780676076497	389.0	0.5091724402103226
1196.1793428598726	248.0	0.6565523510274123
1196.2704915833322	224.0	0.6845671281246116
1196.3244434820633	321.0	0.5768868004744634
1196.304707089269	285.0	0.6152040851068128
1196.1550866849152	179.0	0.7396657268213797
1196.0320604389815	404.0	0.4950101188732938
1195.9267470845523	245.0	0.6599410754284185
1196.0274244388627	318.0	0.5799283488965083
1196.1020890761206	214.0	0.6964758769484416
1196.0958980964201	129.0	0.8052971106690221
1195.969777165122	288.0	0.6118519333322594
1196.243075159839	291.0	0.608671904599421
1196.2242272672488	284.0	0.6162743525360163
1196.3218535439669	304.0	0.5947536199890575
1196.361113586488	377.0	0.5207711735793117
1196.336644606125	360.0	0.5373751543437979
1196.209543820865	715.0	0.25178272334222296
1196.1541789856153	296.0	0.6032581563371361
1196.2021378101456	247.0	0.6577056068184773
1196.22791346167	368.0	0.5294803310527708
1196.1784526437184	293.0	0.6064944406362568
1196.0445801978706	356.0	0.5412502906912462
1196.1599003680788	309.0	0.5894123940925668
1196.3576251023244	431.0	0.4703069646748363
1196.5155466329472	318.0	0.5800637362792692
1196.5741136515476	287.0	0.6130965115135344
1196.698875822696	196.0	0.7185321200403515
1196.6506993122882	226.0	0.6822832194729898
1196.5913130720376	121.0	0.8163315152437036
1196.5900073939076	197.0	0.7172769624426324
1196.552130289686	197.0	0.7172692779579786
1196.4660930283262	205.0	0.7074492190431373
1196.4440041655625	169.0	0.7524614711633265
1196.3460629636127	222.0	0.6869593312986898
1196.6132164027345	318.0	0.5800908158516371
1196.8655871031349	217.0	0.6930401277470645
1196.772496120722	541.0	0.37736383651175354
1196.7189622589929	233.0	0.6740618175311126
1196.6211873077568	211.0	0.7002034327096729
1196.5936564801143	206.0	0.7062584747217975
1196.9170615378619	313.0	0.5854076916235291
1196.9618499591786	366.0	0.5316584342611316
1197.1218856237053	239.0	0.6671591702730681
1197.1156890682782	277.0	0.6241814641087239
1197.0098371586616	230.0	0.6776476321173005
1196.849432713043	320.0	0.5780728223926
1196.9507236858706	237.0	0.6694447081266391
1196.8418635789214	388.0	0.51036124307846
1196.9047077404095	454.0	0.44999853974444226
1196.8768515900802	215.0	0.6954408597918957
1196.9613081403347	240.0	0.6659617783159386
1197.0762478601353	322.0	0.5760581465827155
1197.0464113157223	395.0	0.503783310345132
1196.93912975566	290.0	0.6099369581488463
1196.789956666381	292.0	0.6077351292000507
1196.7137108332588	314.0	0.5843024422849672
1196.8979326180051	371.0	0.5267549088727721
1196.8642522325376	302.0	0.5970282171315046
1196.6359609095807	149.0	0.7785433737973476
1196.7440241403808	217.0	0.6930137333284989
1196.587239686991	220.0	0.6893943502574382
1196.6281936819237	296.0	0.6033841498466602
1196.3943782669592	239.0	0.6669904750657314
1196.4547216937087	302.0	0.5969180841732097
1196.4950237599796	209.0	0.7025958876170428
1196.56480970473	197.0	0.7172718503967669
1196.4665872297612	244.0	0.6612208819515216
1196.6016794823338	397.0	0.5017575532061919
1196.6850979592796	262.0	0.6407723635943884
1196.7175030280546	285.0	0.6153112865069478
1196.671669762391	478.0	0.4291418328372146
1196.734554618142	319.0	0.5790819718029514
1196.8394892906565	324.0	0.573919532887565
1196.8167584635262	368.0	0.5296573889439495

Average Payoff: 0.6271