15.733333333333333	15.733333333333333	0.0
9.8675054795926	15.666666666666666	-0.2271137342482293
11.10898157360493	17.466666666666665	-0.22248611963601453
13.567820034439826	21.0	-0.21500285404620578
13.429320195679047	17.133333333333333	-0.12119409507875868
14.398150066802465	16.466666666666665	-0.0670185932975635
14.99440808665006	22.533333333333335	-0.2008893943899545
15.801919636710663	14.4	0.04641822948918182
15.56708286267489	15.666666666666666	-0.003188339712407071
15.830907597251278	16.466666666666665	-0.019684421629324707
16.280872860968508	13.733333333333333	0.08487779124136297
16.399472901445996	22.0	-0.14584906185894825
16.545507306794057	20.933333333333334	-0.11707475342343894
16.40405172659186	16.0	0.012469172991113362
16.600771406725954	20.066666666666666	-0.09452242758284514
16.47882427227123	13.6	0.09570933511936275
16.578088416490928	16.6	-6.604233262029136E-4
16.636099497253756	13.933333333333334	0.08841401078321921
16.597850078991208	15.333333333333334	0.03960131164978388
16.946599498311144	18.333333333333332	-0.0393065894325726
16.98959609240048	23.666666666666668	-0.1642322761891603
17.011523129826813	19.533333333333335	-0.06900588612377474
17.024193072886927	17.466666666666665	-0.012828720336951066
17.176686775483276	17.2	-6.781696173625972E-4
17.33870181530722	21.866666666666667	-0.11549349047545221
17.452695218974487	22.733333333333334	-0.1314048266174237
17.381831936417417	19.8	-0.06503628082978156
17.372324411040697	16.266666666666666	0.03286833846532198
17.37224032896873	18.266666666666666	-0.025096907091103397
17.299723338959684	20.133333333333333	-0.07569806599499565
17.275220601313936	15.666666666666666	0.04883004794357301
17.32854439007792	18.2	-0.024528322926887263
17.36731931738895	17.2	0.004840390307754708
17.3555863624072	22.066666666666666	-0.11950307103921858
17.342775344654832	13.0	0.14312386705983549
17.350497198369297	15.066666666666666	0.0704512751704936
17.321196512997663	16.266666666666666	0.03139615761473802
17.358204999892564	16.933333333333334	0.012389985611918787
17.295107251947343	16.466666666666665	0.024537827522858043
17.25187266471119	15.733333333333333	0.046036981896304716
17.2334474051073	15.6	0.04974949431759071
17.29546187349182	14.133333333333333	0.1006124644406284
17.287508338105173	14.8	0.07752263939893266
17.229373644821525	18.266666666666666	-0.029222781266377593
17.227984970580728	19.8	-0.0694613825586992
17.27492816903204	13.466666666666667	0.12387976364658305
17.34669170930243	14.533333333333333	0.08824831135504324
17.306454950069547	17.4	-0.002695321376528665
17.27338134260387	20.4	-0.08299278020633406
17.295331425089007	15.333333333333334	0.060131118030174006
17.286960937610623	21.466666666666665	-0.10785327690444967
17.275365998840286	23.733333333333334	-0.1574779849071295
17.32243724337985	16.333333333333332	0.029388835646832253
17.35328392749087	15.866666666666667	0.04475073665779799
17.354333889163584	20.666666666666668	-0.08711850632755536
17.377646293378472	18.933333333333334	-0.04284343347240447
17.39681201852133	24.866666666666667	-0.17674490790942116
17.40977974026953	19.6	-0.05917949998895398
17.41767180835206	14.733333333333333	0.08349158799823489
17.3923150197932	24.733333333333334	-0.17426481491756762
17.4302540895588	20.133333333333333	-0.07196009298428221
17.45401397311998	16.933333333333334	0.01514163436761909
17.44186007425423	20.0	-0.0683229925188679
17.441553153035265	14.266666666666667	0.10012818456606887
17.428846242213087	17.8	-0.010535507045421699
17.490084958695043	10.6	0.24528530151569644
17.485454451571048	15.666666666666666	0.05486188284657981
17.45511337428237	17.266666666666666	0.005427334295461223
17.47231751548667	15.266666666666667	0.0673707784135326
17.45479894301795	15.866666666666667	0.04766093709544707
17.432237838034414	14.466666666666667	0.09296780618063853
17.467564703251632	9.8	0.2811972681351071
17.475620106793183	15.266666666666667	0.06746484921502315
17.45918079501936	15.466666666666667	0.060515196478124714
17.48587499604697	16.933333333333334	0.016053293772070463
17.48433571964722	15.466666666666667	0.061232402866705705
17.48526751547413	18.933333333333334	-0.039761709239486596
17.493126501560784	13.8	0.11801717867265785
17.45975591502173	17.066666666666666	0.01138517167323165
17.45589135537409	15.8	0.04979242136916889
17.46160705456188	18.866666666666667	-0.038676751416452104
17.461810348522725	16.333333333333332	0.03339169159370226
17.463054597059195	19.933333333333334	-0.06605661329837985
17.452734090866986	18.666666666666668	-0.033608879171299205
17.459985476076472	19.466666666666665	-0.05434235367000493
17.492080257588203	18.4	-0.02529582392260047
17.498068214273165	16.8	0.020352989267852183
17.513758986361626	14.866666666666667	0.08174976907529925
17.518843326938235	19.133333333333333	-0.044048952981968294
17.491895258008526	18.6	-0.03070231513391071
17.505746150843496	20.4	-0.07635396062747331
17.490372107573215	14.266666666666667	0.10151152517159429
17.51175387226285	13.866666666666667	0.1161654137777241
17.50497174784789	16.8	0.020550133462567715
17.48234427749599	15.2	0.06983416667168334
17.455864993912243	17.4	0.0016027430081566403
17.471318179964076	20.866666666666667	-0.08856356170741678
17.484408501849384	20.066666666666666	-0.06876655736830475
17.495569660483117	20.866666666666667	-0.08787540375475326
17.49670037555449	15.733333333333333	0.053065460530950966
17.50186172244259	15.533333333333333	0.059588822944306404
17.514450628066808	22.0	-0.11351668315355853
17.513199093695803	20.866666666666667	-0.08737569833905517
17.522781400911057	15.066666666666666	0.07536533693824374
17.52116971118921	20.8	-0.08556185297896639
17.511106865954574	16.866666666666667	0.01874583875178519
17.519963022936544	17.933333333333334	-0.011659573379096682
17.51878922383392	20.133333333333333	-0.06943948792076059
17.529146685498702	15.933333333333334	0.04768963182846207
17.525672967560645	18.733333333333334	-0.0333064937232688
17.538330231357477	14.4	0.09826218868124241
17.536649780991144	16.4	0.033493281992373176
17.533050716556186	18.0	-0.01314126634294996
17.524137964805902	15.0	0.07760814345140372
17.525856203963485	25.266666666666666	-0.18089165918319672
17.530054870430195	15.4	0.06468421868142389
17.541422655289782	16.8	0.02158974783112477
17.53525817395019	22.266666666666666	-0.11887386129346672
17.53438367673607	17.666666666666668	-0.003757927352738495
17.54508448501912	18.733333333333334	-0.03275360172165789
17.552507002650177	21.466666666666665	-0.10031375080335006
17.552317825176555	21.133333333333333	-0.0925670216454155
17.555515037194414	14.666666666666666	0.08965402768433854
17.56430560243345	16.333333333333332	0.03631439556698059
17.565985428913613	15.4	0.06570364576494302
17.564824995076332	14.6	0.09217600268399335
17.561036603126595	26.466666666666665	-0.20227332797643538
17.564092961197314	22.4	-0.12100630041817925
17.550270281752052	17.733333333333334	-0.00518833205299399
17.564616421797805	16.266666666666666	0.03836537182870559
17.567143562327026	15.266666666666667	0.07006426849689641
17.57751639017464	15.8	0.053254902773349794
17.579693071534596	19.8	-0.05939874691363408
17.576768144552375	18.266666666666666	-0.019247556093545802
17.577266071616684	15.333333333333334	0.06818267606350083
17.574929078900215	16.6	0.02852761088836144
17.565900344179145	17.6	-9.696795898047004E-4
17.564034790966907	12.266666666666667	0.17758107806562026
17.563847887266004	18.066666666666666	-0.01411202688750294
17.55350414951284	15.0	0.07844022375548325
17.561414844596893	18.133333333333333	-0.016022482800146284
17.550247477783724	21.066666666666666	-0.09105904153111323
17.547460813610506	20.266666666666666	-0.07190978700948274
17.543934726119165	17.2	0.009899129987157402
17.551778811231976	21.4	-0.09879449170774109
17.55757216823675	18.133333333333333	-0.016131873288315845
17.55930215086976	13.333333333333334	0.13679534786526615
17.55633776917496	18.0	-0.012477725735007137
17.564415816116224	16.0	0.04660935631017469
17.563563499333608	16.666666666666668	0.02620189313122986
17.56265061983834	19.133333333333333	-0.04280257794693189
17.559245090564286	23.466666666666665	-0.1439924506994333
17.562844645829987	16.133333333333333	0.04242354469342546
17.570007248713324	16.533333333333335	0.030398016666019375
17.579251295372835	18.466666666666665	-0.02461902543939596
17.57113605177977	22.8	-0.12951986145531602
17.576980522026265	21.733333333333334	-0.1057318653470987
17.575128569237112	20.266666666666666	-0.0711260679006016
17.572883653582185	17.4	0.004943362843471966
17.570613765423666	13.066666666666666	0.14700871080056574
17.571787829014355	13.533333333333333	0.12983246310480584
17.578628329824983	13.933333333333334	0.11567972300351856
17.574321228479896	16.4	0.034564965127117556
17.566747266711907	14.533333333333333	0.09449863915214901
17.57698802064561	14.8	0.08577042493498246
17.567447403776892	19.066666666666666	-0.040924130443196545
17.5635856056715	15.066666666666666	0.07652159468964816
17.565187234747473	16.8	0.02226634848576564
17.56472902942187	18.733333333333334	-0.03219467453200888
17.55648494054453	19.866666666666667	-0.061731351500523585
17.56614497583072	18.466666666666665	-0.0249917131022288
17.561139042421203	15.6	0.059139676713529876
17.568590383483713	16.466666666666665	0.03237594812912333
17.564985447764485	18.266666666666666	-0.01958272023464917
17.564317302345916	15.333333333333334	0.06781590557086656
17.560939498331795	18.066666666666666	-0.014194811910537843
17.56516526310892	14.0	0.1129461934823331
17.55691070161912	19.0	-0.03947514356887287
17.561669590792366	17.733333333333334	-0.004863684043602336
17.571093005113365	13.266666666666667	0.13958297827924654
17.571983052863775	19.733333333333334	-0.057936789976381346
17.574205494426273	16.266666666666666	0.03863785843152391
17.574213283601416	15.333333333333334	0.0680962326469786
17.581118201869234	17.133333333333333	0.012899090976039768
17.577526660846456	13.333333333333334	0.1373042784416953
17.57481851801341	15.733333333333333	0.05528632128550896
17.57647318041911	19.2	-0.04414579972408291
17.58122851012048	19.533333333333335	-0.0525967363280934
17.577429746432408	15.866666666666667	0.05115291675500866
17.58188143610991	20.333333333333332	-0.07256854310214489
17.579919518885504	23.866666666666667	-0.15168311135773724
17.576906888117346	16.466666666666665	0.032612329010174176
17.57126677861822	17.133333333333333	0.012618887521313696
17.57576953182975	18.866666666666667	-0.035422909923079705
17.576660099574948	15.533333333333333	0.06171329421680694
17.575873852175707	21.866666666666667	-0.10878591383942864
17.578429977950695	16.733333333333334	0.024629939212113747
17.576045295653717	19.4	-0.04932800924929294
17.57232798742522	18.066666666666666	-0.013870724582425628
17.569922188737554	15.533333333333333	0.06152231323733003
17.579559967290674	14.533333333333333	0.09485992449948903
17.578265094298484	15.333333333333334	0.068210961126712
17.577121627168015	19.133333333333333	-0.04239151238631406
17.58025999076534	15.333333333333334	0.06826743696158064
17.57480443804632	19.0	-0.038966594185562975
17.567492447554965	15.866666666666667	0.0508709004786913
17.56625922263325	12.8	0.15695905075725478
17.56848163997184	19.733333333333334	-0.058036095426208044
17.570792001347158	15.8	0.05306412869301009
17.575385437422806	18.266666666666666	-0.019286876410879006
17.577986215446238	13.4	0.13486952271168004
17.579239262179676	22.333333333333332	-0.11911269462214803
17.57763092048928	17.8	-0.006285584244193502
17.580345365755928	14.533333333333333	0.09488206134755305
17.585456843787476	15.8	0.053480078231121206
17.592087508694757	17.266666666666666	0.009335412286710532
17.594978846004466	24.0	-0.15398544083189955
17.601201843041412	17.733333333333334	-0.003739443284944279
17.602889088101534	16.333333333333332	0.037410049327302936
17.595864718241653	16.933333333333334	0.01918756942801629
17.591240244228803	23.6	-0.14587469860447014
17.590128594241577	19.266666666666666	-0.04548789607335423
17.59953920093496	18.533333333333335	-0.025843340617681818
17.600812734595273	13.6	0.12822783716012615
17.603313702791088	16.533333333333335	0.03134403822160587
17.602648256738362	23.4	-0.14138969041612823
17.600622429363902	16.733333333333334	0.02526038951133182
17.59903166813341	15.133333333333333	0.07532906145613336
17.59682885837076	20.133333333333333	-0.06722749989980924
17.594039652175343	17.2	0.011324918178930356
17.59068840397052	16.666666666666668	0.026972944507787023
17.596604496053292	13.733333333333333	0.12330925084365527
17.592837331697847	20.266666666666666	-0.07062504926330584
17.591185597907796	15.333333333333334	0.06857662124964414
17.592848153576764	20.133333333333333	-0.06734010916631053
17.599070342267495	16.133333333333333	0.043451899337797646
17.594806312599918	12.333333333333334	0.17580354280328722
17.599902727809237	15.866666666666667	0.051790072675589605
17.604209277895798	14.6	0.09328623013134546
17.602203845265322	20.066666666666666	-0.06542438857094751
17.60096001883343	13.466666666666667	0.13307399995559763
17.60502308198218	18.533333333333335	-0.025687672142104854
17.606190281602593	20.8	-0.08315872246061626
17.60538057023057	26.0	-0.1925133852747623
17.61192833922933	24.866666666666667	-0.17078574106394961
17.609226282263784	16.866666666666667	0.02153851726761882
17.61341932717208	16.2	0.04180054414184227
17.614971545906247	18.6	-0.027199481652087677
17.61201288632837	14.466666666666667	0.09805098786767351
17.616555280903434	16.8	0.023725653954581316
17.62144813520219	15.2	0.07377639539935778
17.62048854700449	20.533333333333335	-0.07634477079293457
17.62368603261647	15.466666666666667	0.06518574720409466
17.629238803510397	18.666666666666668	-0.02858250399645451
17.626363390118495	20.4	-0.07293983338417943
17.622700870818452	15.866666666666667	0.052435573833582584
17.626217613396413	16.8	0.023999662776630536
17.621971230225462	19.0	-0.037628470655266096
17.617325048885274	17.6	4.919467580579547E-4
17.61777770240417	17.4	0.006219061193858073
17.613655622136804	19.4	-0.0482617657682759
17.61368768045126	15.533333333333333	0.0627614272260782
17.611230416768585	15.133333333333333	0.07567354087676735
17.61072801710744	13.733333333333333	0.12370428453489428
17.614000940366985	20.333333333333332	-0.07166069619944293
17.617315882363382	18.6	-0.02713299132460431
17.619714535496126	17.733333333333334	-0.003213833168183087
17.618432190805343	13.933333333333334	0.11679532971467872
17.614212683396705	15.133333333333333	0.07575771780871587
17.614375051244267	16.6	0.029647627633852557
17.617888037394152	16.866666666666667	0.021784285085723415
17.618066190231993	16.666666666666668	0.027749947113089066
17.62163381345264	16.133333333333333	0.04409130287839778
17.62053626277071	25.2	-0.1770053436677549
17.6209276941596	17.2	0.012088353815748638
17.622590451332268	21.266666666666666	-0.09370392970679366
17.622328679430442	15.8	0.05452428814608546
17.620120144629208	15.466666666666667	0.06508499874116967
17.621463151951005	21.866666666666667	-0.1075058133726595
17.617952771159324	22.466666666666665	-0.1209619540738819
17.620527128183912	16.266666666666666	0.03995197919642955
17.61796754777702	17.733333333333334	-0.00326340990800592
17.613627242065796	12.6	0.1659392697837163
17.61081298459048	15.0	0.08005973312668296
17.607835821988267	15.333333333333334	0.06904741231042465
17.61123650859074	18.733333333333334	-0.030873850746425333
17.610937571727504	14.533333333333333	0.0957434762631256
17.610432572542578	16.133333333333333	0.04377398904821211
17.605660557942503	30.4	-0.2665173084456325
17.609057183957272	15.0	0.08001019990362843
17.611945919198828	19.866666666666667	-0.06016019782755177
17.61165219350259	15.066666666666666	0.07787994044999479
17.61012592742527	23.933333333333334	-0.1522070506025694
17.611358011892168	24.333333333333332	-0.16025807094671388
17.606777713978122	14.2	0.10710854600278942
17.60436996762655	18.2	-0.016635679748366022
17.60811513630997	17.733333333333334	-0.003543097480311871
17.605052568259364	18.0	-0.011092454672928017
17.60825357823844	16.0	0.04785293512781022
17.609716033010425	14.666666666666666	0.09118275098321978
17.60933469146726	15.933333333333334	0.04996625065408437
17.60794649905424	13.133333333333333	0.14555715279643835
17.607709383812836	17.933333333333334	-0.00916191323118965
17.607100803281742	22.0	-0.11091190992586546
17.61017202237363	21.066666666666666	-0.08936859271470114
17.609726947877054	14.4	0.10027348727790157
17.606921762863834	23.733333333333334	-0.1481948177681434
17.606200280272724	15.466666666666667	0.06469150730230395
17.601603654414895	14.266666666666667	0.10464756807155903
17.60001704019147	17.333333333333332	0.007634071854162957
17.599637313572245	23.466666666666665	-0.14286723626060022
17.59937769180968	19.8	-0.058841147741136086
17.599953788832657	16.133333333333333	0.04347695053221228
17.602719154188044	16.066666666666666	0.04562163669079914
17.60627352148476	15.933333333333334	0.04987954078868702
17.61015162323597	18.533333333333335	-0.025542133283679647
17.61128213697796	17.066666666666666	0.015704950526198764
17.612234996563092	20.0	-0.06348373085659748
17.615931977671835	15.866666666666667	0.05224401276574592
17.615360094902552	15.266666666666667	0.07142787898284038
17.617187577532153	12.466666666666667	0.1712054868055572
17.61862517106548	14.533333333333333	0.09595968585584108
17.616610889113712	21.666666666666668	-0.10309872366943083
17.618291422814135	17.733333333333334	-0.003254218478294809
17.61465689454461	17.933333333333334	-0.008964682299783224
17.61896324026991	15.2	0.07370626617789576
17.615147422430784	19.666666666666668	-0.05502734494982158
17.611261664221733	16.333333333333332	0.037647476158735906
17.61241676418768	16.4	0.03564629860305193
17.608369328576202	15.333333333333334	0.06906248953165042
17.612270870076628	15.933333333333334	0.05004940517877534
17.610026597127206	16.6	0.0295242856435552
17.607017068103353	20.4	-0.07348598094115105
17.604621406806174	16.6	0.029370926076271942
17.60295701137701	18.266666666666666	-0.018503390535873417
17.603397830121665	15.666666666666666	0.05821242587738169
17.60069372910744	16.333333333333332	0.03734777465233008
17.603659598292698	20.133333333333333	-0.0670343219880831
17.607742321869303	14.333333333333334	0.10251404880294397
17.608549216791925	19.8	-0.05858154964813174
17.60824303028576	14.4	0.10023177552264158
17.605873773391014	16.666666666666668	0.027404070275064956
17.603416878761195	18.533333333333335	-0.02573326182111718
17.601976143238478	27.533333333333335	-0.22003520758509218
17.598591028034164	18.6	-0.027664308016582508
17.595131581100503	18.6	-0.027762529793487367
17.59458289316192	22.133333333333333	-0.11424587220470524
17.59849647742049	15.733333333333333	0.05595741831987277
17.59855639561546	16.733333333333334	0.025201731367340573
17.601925357639782	16.733333333333334	0.02529737818852678
17.599389324150128	15.066666666666666	0.07753377567819848
17.60170894148026	16.4	0.03534260420699744
17.60192927892678	18.066666666666666	-0.013029315436154758
17.60046929042726	15.0	0.07976784834784131
17.600039764384977	15.2	0.07317185532777906
17.600632330791154	13.6	0.1282227965246405
17.59890981738435	16.933333333333334	0.019274058773016117
17.602250749973418	8.6	0.3435678421626643
17.60505274554491	17.666666666666668	-0.0017468363365474682
17.608697166238542	18.533333333333335	-0.025583403984614134
17.60899954180557	15.0	0.08000857365957412
17.609599452454177	15.266666666666667	0.07126517279359955
17.609918890068098	16.2	0.04170133902575768
17.606354236299268	17.4	0.0058947651305343175
17.60259910488252	12.8	0.15796672805224873
17.602492400697667	18.6	-0.02755356145819152
17.604446909191815	19.466666666666665	-0.05023371509097501
17.60440363005136	19.0	-0.038126461068823045
17.60410297628918	18.533333333333335	-0.025713787471877837
17.601322147726144	20.333333333333332	-0.07201887432380302
17.598758305644168	17.333333333333332	0.007598313180155307
17.59819376911224	19.933333333333334	-0.062218080224850106
17.60058444420094	16.666666666666668	0.02725394501335088
17.601873391248827	21.2	-0.09273074453056371
17.60467913494155	14.933333333333334	0.08209923099060898
17.6061267927918	13.4	0.13565469885679585
17.6063551054159	13.333333333333334	0.13810810605096407
17.60829042314986	16.133333333333333	0.043713281271270346
17.61024245502951	19.133333333333333	-0.04145189589267478
17.610653353016534	15.866666666666667	0.052094572842882256
17.610641044680232	15.733333333333333	0.05630125821428065
17.613045714973424	15.133333333333333	0.07572478098974157
17.617387857508557	14.4	0.1004887679103413
17.614606426825944	17.266666666666666	0.009974973081592857
17.611401007265822	15.666666666666666	0.05843892018173019
17.60814188328966	17.866666666666667	-0.007287559649911732
17.607376349373748	19.333333333333332	-0.0467223558719975
17.609716564117438	18.666666666666668	-0.02913603861292057
17.610073206405435	16.8	0.0235417460912184
17.61102834694637	17.4	0.006027482108070575
17.608527287037553	15.533333333333333	0.06261549336275607
17.607472438401974	18.866666666666667	-0.034522932114652946
17.608523939991997	14.666666666666666	0.09114918356883071
17.605967214645627	13.933333333333334	0.11644626917852292
17.608450150775617	17.533333333333335	0.002137535719444915
17.60877709537866	17.733333333333334	-0.0035243010800363817
17.608873567178016	16.6	0.029491575196032946
17.608977228878334	18.466666666666665	-0.023774750639842277
17.605744389377005	17.933333333333334	-0.00921771089594121
17.6060699148607	13.866666666666667	0.11881404842274954
17.605935205994452	16.066666666666666	0.04571278884681384
17.60593471969591	21.333333333333332	-0.09572338669954669
17.608123163964652	17.4	0.005944996336704046
17.604934582854412	17.266666666666666	0.009700383809945978
17.60825390741241	18.666666666666668	-0.029177534850636313
17.604953556234825	18.533333333333335	-0.025689645442670384
17.605344442538712	16.8	0.023407539020100166
17.607424642199913	16.4	0.03550473624226216
17.611021148940996	22.133333333333333	-0.1137850203708618
17.614033284982668	17.2	0.011892712389669175
17.61383453501869	14.333333333333334	0.10268519623409668
17.61589871243261	22.0	-0.11066519831825833
17.615185189529807	17.133333333333333	0.013866831642892492
17.616169940382353	20.0	-0.06337248219039221
17.617786980265613	21.4	-0.09693561097269177
17.617599251655374	16.933333333333334	0.019804557131385
17.62000103788268	16.933333333333334	0.019872690061465154
17.616956162717358	17.6	4.8147723610784943E-4
17.617298533364394	12.933333333333334	0.15331811205963639
17.61722121384152	13.733333333333333	0.12388577926632512
17.617813041209946	18.266666666666666	-0.018081734241065153
17.617963914140933	16.866666666666667	0.021786437459834645
17.619736339508265	13.6	0.12875625520326156
17.616677284414283	18.066666666666666	-0.012610628165042015
17.61742338369546	16.6	0.029734073553307313
17.617255285434698	17.466666666666665	0.004292240159855151
17.61878314176773	22.666666666666668	-0.12530289593147562
17.619049426728655	20.2	-0.06824472355582939
17.619695364199984	23.133333333333333	-0.1352939436736165
17.620241194512793	17.6	5.747034610298343E-4
17.617025688612504	28.333333333333332	-0.23321488390553669
17.61386542624392	16.066666666666666	0.0459374797081345
17.61379014562644	14.733333333333333	0.08904831411568027
17.611301330911918	20.6	-0.07821504541825972
17.6115159758372	18.866666666666667	-0.03440825720761053
17.614267695826165	21.866666666666667	-0.10770765787347504
17.612014524762536	17.133333333333333	0.013776842683636208
17.61037805441797	21.066666666666666	-0.08936278966434354
17.612965287751603	20.933333333333334	-0.08613973751984269
17.61035810471769	17.0	0.01763512827203291
17.610512191952136	18.866666666666667	-0.03443672219233939
17.610538376612244	20.666666666666668	-0.07984199177027032
17.607423257670625	16.866666666666667	0.02148734288939167
17.609795706414687	16.6	0.029517735653280686
17.610469229311075	17.0	0.01763828237249318
17.610423658128635	18.866666666666667	-0.0344392328815794
17.608667106372945	15.533333333333333	0.06261944799666426
17.608011567537535	18.8	-0.03273972900858113
17.607792390722828	26.8	-0.20699537433429147
17.607279116193833	12.533333333333333	0.1683424910942743
17.609977934067203	14.0	0.11420374736094328
17.60993491820377	12.8	0.15816985242294884
17.610177213281386	16.466666666666665	0.033556820891138935
17.60962054048878	12.933333333333334	0.1531052702523124
17.60983833305259	13.266666666666667	0.14066267106414448
17.60737154948659	15.866666666666667	0.05200163994495074
17.60486774115944	15.066666666666666	0.07768845634274141
17.604723048141057	12.866666666666667	0.15549196888686398
17.60440836665379	18.2	-0.0166345894406933
17.603471346709405	17.333333333333332	0.007732190045713775
17.601289063962568	11.733333333333333	0.20003515474500022
17.601429199906736	20.266666666666666	-0.07038213582617882
17.603431363480293	17.133333333333333	0.013533155267913662
17.605462936271934	22.066666666666666	-0.11245183394602244
17.604910669305706	26.0	-0.19252623619302012
17.604204802024416	21.066666666666666	-0.08953669087715148
17.605344076418188	17.6	1.517973068687068E-4
17.604721840559645	20.266666666666666	-0.0702890739165555
17.607225214993846	15.666666666666666	0.05832075656279791
17.606482096364854	16.6	0.029423724238272716
17.606317857769394	16.466666666666665	0.03344735446598191
17.604368643207412	20.666666666666668	-0.08001607478513055
17.60592210258752	18.466666666666665	-0.02386145806127407
17.60625181050571	14.6	0.09334373425985165
17.60891103499919	15.533333333333333	0.06262634716582664
17.610935235643915	17.0	0.017651509024082822
17.613203388504882	20.266666666666666	-0.07004942926934671
17.611064656081375	14.733333333333333	0.08897155308594187
17.61326825424279	16.0	0.04799498347023002
17.61104112692785	14.466666666666667	0.09802366429963781
17.608780097593634	17.8	-0.005400352733963913
17.606403079555903	17.133333333333333	0.013617539885738767
17.606145217861197	16.933333333333334	0.01947950324526815
17.607566755625705	16.8	0.023470615093514714
17.606993488301274	16.666666666666668	0.02743584482611224
17.60949563820206	19.533333333333335	-0.05179566953840859
17.60935901168616	18.266666666666666	-0.018321640776868948
17.610795764314403	18.133333333333333	-0.01461883621759068
17.611026752303705	14.066666666666666	0.11188819964759421
17.61072228953053	13.266666666666667	0.1406872721338698
17.607528851900465	18.266666666666666	-0.018373591525559247
17.607278476992274	16.4	0.03550059078703
17.60757875740176	18.6	-0.027409213116614817
17.606260347716656	17.333333333333332	0.007811396345211366
17.60713717672206	17.6	2.0271959876296043E-4
17.60698878622469	15.8	0.05409014256830589
17.609344175894925	16.2	0.04168504921487792
17.60740691348209	15.933333333333334	0.049911646786260325
17.606021487242046	22.333333333333332	-0.11836224864744031
17.60476162698632	16.533333333333335	0.03138512254120677
17.60599069715805	22.466666666666665	-0.12129657200863733
17.606366473275372	17.466666666666665	0.003983111641679304
17.60746199515232	17.866666666666667	-0.00730686506736754
17.60579749194268	20.466666666666665	-0.07514273735489363
17.606180509280968	18.733333333333334	-0.03101727857268654
17.605956573797073	18.266666666666666	-0.018418226301452147
17.606977400170624	16.533333333333335	0.03144798754815249
17.60614689574454	21.8	-0.10642636833667067
17.608018369485194	17.4	0.005942020690508863
17.610133133039174	15.933333333333334	0.049988864489805794
17.612228668052484	17.666666666666668	-0.001543075487417803
17.611350829823266	29.2	-0.24756066562372442
17.61133433476165	15.8	0.054213169597273785
17.613248661601638	16.266666666666666	0.03974573082275173
17.613218389000224	17.466666666666665	0.00417765685665736
17.612783363523796	20.333333333333332	-0.0716950825704614
17.61428549864393	15.333333333333334	0.06922965137307044
17.613635154596643	19.133333333333333	-0.04135574283456482
17.61046797213281	19.333333333333332	-0.04663476145714357
17.610393900805192	14.733333333333333	0.08895265986645927
17.61055372002192	15.266666666666667	0.07129212949840037
17.607243607515922	22.133333333333333	-0.1138908912307474
17.608272540746906	19.133333333333333	-0.04150773370693352
17.606708801201474	16.6	0.029430156728966376
17.606978215105165	14.0	0.11411967922265245
17.60629262382879	16.733333333333334	0.025421339521416196
17.60885116660187	14.8	0.08666926057213839
17.60673237508044	17.8	-0.005458499329228799
17.60668733712259	15.866666666666667	0.05198226237678331
17.60614031002512	16.733333333333334	0.0254170167474478
17.606946772801095	17.666666666666668	-0.0016930472396330164
17.60863224625565	21.266666666666666	-0.09409662491868508
17.609040394302443	13.733333333333333	0.12365710059642838
17.609754170487776	17.533333333333335	0.0021745624127684103
17.61187262359094	19.8	-0.05848751273223583
17.610305436982806	17.8	-0.005357043964356104
17.610422108092887	17.533333333333335	0.0021935269521219923
17.61107374874207	18.133333333333333	-0.014610945521968378
17.61376382560032	16.8	0.023646463947513973
17.614743137646606	15.533333333333333	0.06279126953672498
17.616617638087543	16.666666666666668	0.027708867183682918
17.618696625087754	17.6	5.308721468821791E-4
17.620928892044486	13.4	0.13606713411882934
17.62173857404717	15.533333333333333	0.06298901255735016
17.621148412629662	16.533333333333335	0.031849848795463126
17.621281184987655	20.4	-0.07308325044316219
17.621537826991997	12.866666666666667	0.15595772985956946
17.62127649051843	13.866666666666667	0.11923960244430937
17.61967896320299	19.533333333333335	-0.05150738128194117
17.6186837606374	17.6	5.30507067339066E-4
17.61763741700992	15.266666666666667	0.07149218497557468
17.61771197179479	14.533333333333333	0.09593400802957706
17.61784101061175	14.6	0.09366987097669727
17.616900395617098	19.466666666666665	-0.049881023256009585
17.617346426331476	19.466666666666665	-0.04986839573423514
17.615056547123668	12.8	0.15831160924075363
17.614012932166816	15.6	0.06063744649826105
17.61316794171183	17.0	0.017714874950030487
17.6123881429912	15.533333333333333	0.06272468110681806
17.612303839837047	14.733333333333333	0.08900645521652371
17.613876079195798	16.2	0.041813487335327845
17.614450501283258	21.6	-0.10163471495249742
17.61390417690096	17.466666666666665	0.004197124125797739
17.613010765467177	18.733333333333334	-0.03082352835324447
17.614432120270944	23.333333333333332	-0.1396633283821597
17.612027164398548	16.666666666666668	0.027578661613854805
17.610888490644477	18.666666666666668	-0.02910279293750632
17.613375081382213	15.4	0.0670447985377429
17.612047645452552	17.0	0.017683081097138304
17.6118103644179	18.266666666666666	-0.018252065205594137
17.613223661765357	20.133333333333333	-0.06676396133017395
17.61311827544207	18.4	-0.021849863667443563
17.613220998022303	17.266666666666666	0.009935649297015238
17.613880452316792	15.666666666666666	0.05850906773523028
17.614906746888945	16.266666666666666	0.03979272343010093
17.613898586567878	13.466666666666667	0.1334348936742587
17.614530174107774	18.0	-0.010823386522517369
17.6149080381784	19.266666666666666	-0.04478546921347364
17.61382990616997	19.4	-0.04825682990271394
17.6129948973444	20.866666666666667	-0.08455562333649352
17.613879994847824	24.6	-0.16549343500300914
17.61387139581347	22.6	-0.12399026582418578
17.61393360021558	13.933333333333334	0.11666938611940791
17.61615660168081	15.533333333333333	0.06283123126270172
17.615369638769828	18.533333333333335	-0.025394097687873405
17.616213696141017	15.4	0.06712501065499377
17.61747374163817	14.533333333333333	0.09592730910651866
17.616634373456417	15.333333333333334	0.06929600236459657
17.615819750169575	17.866666666666667	-0.0070695980419812725
17.61591748144487	16.6	0.02969137045633211
17.618318086345035	18.666666666666668	-0.028892077189990248
17.61953013662178	20.0	-0.06327750120039075
17.617876229704088	26.4	-0.19951266445630036
17.61813116814458	16.0	0.04813269244656485
17.61805639083231	18.666666666666668	-0.028899497845764583
17.618839820550246	14.666666666666666	0.09143958001874494
17.618246996107906	24.133333333333333	-0.15604406553759345
17.61728445530681	20.066666666666666	-0.06499802007044916
17.61834236201089	16.4	0.035814277751859046
17.618610599054307	15.533333333333333	0.06290060305283551
17.618777775953724	14.733333333333333	0.08918875287220716
17.619594057200516	15.4	0.0672205131703154
17.617640441401452	19.266666666666666	-0.04470807111636113
17.616918568469536	21.266666666666666	-0.09386346645059683
17.617526281160863	16.666666666666668	0.027734636073865872
17.616580243285476	18.2	-0.01628909719330049
17.61571948102462	15.8	0.054337285242524534
17.615738945845553	21.6	-0.101598520422029
17.615851752882136	16.933333333333334	0.01975497881775266
17.616692104608347	14.666666666666666	0.09137913619342936
17.618514320587025	14.733333333333333	0.08918133573443894
17.61956741889104	15.733333333333333	0.056553824195693436
17.617695572869177	16.4	0.03579594538556434
17.61682535279265	16.4	0.03577127907066006
17.616450917574603	16.4	0.035760665347545864
17.616405254577373	18.8	-0.032501690849177256
17.616419393601415	15.0	0.08021786088863866
17.615509151796875	14.533333333333333	0.09587206195337014
17.617776575795382	15.466666666666667	0.06501877312439959
17.618377946279754	17.666666666666668	-0.0013685322185818184
17.619462172521352	16.466666666666665	0.03382007711387118
17.619979495248774	18.333333333333332	-0.01984111565700997
17.619018571354996	23.666666666666668	-0.14648292890006698
17.618988467590345	20.266666666666666	-0.06988603442895816
17.619085809442073	20.666666666666668	-0.07960091313671741
17.61894378951029	19.133333333333333	-0.04120532555741326
17.619838411273346	16.4	0.035856678580493274
17.620574267090472	21.2	-0.09220434783583119
17.620553614082016	17.4	0.006297833452676536
17.619973853232334	20.666666666666668	-0.07957587221189732
17.621543168116354	15.933333333333334	0.05031190726361588
17.621746422793382	19.2	-0.04286199679626404
17.623158281426544	15.933333333333334	0.05035761686570173
17.623458428621333	15.733333333333333	0.05666387549427931
17.62494936280475	21.4	-0.09673428662519434
17.625778924801935	17.0	0.01807263097708103
17.624032996679613	20.4	-0.07300559105770796
17.624798151479308	14.733333333333333	0.08935821339075437
17.62441175840969	17.066666666666666	0.016077479198221122
17.62444572925465	17.733333333333334	-0.003079593995028349
17.62352666402732	16.8	0.023923367064185994
17.624342820858455	19.0	-0.03756127955306475
17.62350778550568	22.933333333333334	-0.13092305518245087
17.624843867277793	16.2	0.04212418164792151
17.624093330413096	18.8	-0.03228375951379016
17.624672640473836	12.466666666666667	0.17141164509694004
17.62458332326077	18.4	-0.021524653589498975
17.625863487441222	19.0	-0.037518201121182045
17.62404180953565	16.866666666666667	0.021958816630036838
17.622340974469466	18.2	-0.016125663756654814
17.623434437544162	16.533333333333335	0.031914644603470405
17.622534799787356	16.866666666666667	0.021916081004539508
17.622442877010172	14.6	0.09379930902652334
17.62382772403986	16.266666666666666	0.04004547829037736
17.622277727480032	17.666666666666668	-0.001257870983355296
17.621496590366466	27.733333333333334	-0.22294950195994476
17.6216175565234	17.0	0.017954607565881197
17.621655754944012	16.2	0.042033889920844475
17.621470869171137	23.0	-0.13240606545615735
17.621119205861646	14.0	0.11451584563744331
17.6208729354628	23.466666666666665	-0.14227655848492063
17.621191935960844	17.0	0.017942534650738463
17.622984570781178	14.466666666666667	0.09835937077530978
17.62523061057668	15.733333333333333	0.05671399045907473
17.62538382205325	20.6	-0.07781782366906186
17.626255821520466	22.866666666666667	-0.12941547616561805
17.62539412679584	15.133333333333333	0.07607318680176474
17.62620505765277	15.466666666666667	0.06525690514187352
17.626014736453218	16.533333333333335	0.03198777098695112
17.62770448487674	13.533333333333333	0.13139392774494546
17.625888601749796	17.866666666666667	-0.006783903359337172
17.62605417708459	13.866666666666667	0.11937322053149485
17.62598884956655	16.133333333333333	0.04421461746614369
17.625287977617887	26.6	-0.20293168078236493
17.62509240289111	19.8	-0.05811361996639662
17.625357712582744	23.866666666666667	-0.15042189547168167
17.62614852013627	18.0	-0.010493738318427162
17.627999819860662	15.533333333333333	0.063165931141872
17.627202473996807	15.8	0.0546621415722179
17.62761032113361	21.533333333333335	-0.09973516079340478
17.62950438308718	14.066666666666666	0.11240593416876399
17.630284061896287	15.666666666666666	0.05897288947678866
17.629638689668795	16.8	0.02409664234779616
17.63030525434758	17.466666666666665	0.004662470256670093
17.630327503631126	15.466666666666667	0.0653733334764941
17.63093695442323	13.866666666666667	0.11950973582117577
17.630692021402325	16.0	0.048488208936187355
17.630668901204636	15.533333333333333	0.06324132874671791
17.629786985239463	20.666666666666668	-0.07929924031689159
17.629717089587462	22.333333333333332	-0.11769912942001326
17.630578529342245	18.266666666666666	-0.01771969224521836
17.63062152388674	16.666666666666668	0.028105862243813735
17.63113958527133	15.2	0.07404980807799882
17.632619091388143	16.266666666666666	0.04029443081693583
17.632621691817995	19.533333333333335	-0.05114120275475419
17.632551388729897	16.2	0.04234239895981068
17.632617540216746	18.266666666666666	-0.017661887707731676
17.634334046502264	15.133333333333333	0.07632525941434526
17.633364801012213	14.533333333333333	0.09637394098491149
17.635311983924108	20.2	-0.06778556543066447
17.635581865768998	15.2	0.07417507859996493
17.63627401860816	14.333333333333334	0.10331502194925268
17.635848259866574	23.466666666666665	-0.14186038049550287
17.637429922615517	13.533333333333333	0.13166493728699213
17.637850501724397	19.333333333333332	-0.04585957645211247
17.639172358019913	17.533333333333335	0.0030091408788256156
17.639609417603893	15.733333333333333	0.05712040734606856
17.638815460006867	19.333333333333332	-0.045832279935855355
17.639931502173315	16.066666666666666	0.046675277867733664
17.640144426058455	19.333333333333332	-0.04579468878457837
17.6392801418186	12.733333333333333	0.16152534297053034
17.638555653005636	23.333333333333332	-0.13899231451658173
17.637953619881987	18.866666666666667	-0.03365911046710546
17.63870968782019	21.066666666666666	-0.08856539586261114
17.63872084434267	16.933333333333334	0.020403401758661576
17.638663052076456	14.666666666666666	0.09199709185093001
17.63866321285945	16.866666666666667	0.022373255056194922
17.637329826722876	28.8	-0.2403813960649702
17.63838657710644	15.666666666666666	0.05920182429999323
17.639583959324693	14.533333333333333	0.0965486156488587
17.638224485926045	17.733333333333334	-0.002688850965888287
17.637493892983983	16.0	0.048680615095571284
17.637950056114228	15.866666666666667	0.05286684530980493
17.63852533417961	15.933333333333334	0.05079230249757874
17.637762454753613	15.2	0.07423655792968688
17.63808803378498	13.133333333333333	0.14639410531959807
17.638233329353074	13.733333333333333	0.12447258493673705
17.639222939953672	20.0	-0.0627211954883475
17.637814145485336	16.0	0.04868967223618345
17.637972278602746	19.2	-0.04240265206737651
17.638810754722897	17.666666666666668	-7.889968916521323E-4
17.638634260993722	17.066666666666666	0.016480698309438758
17.639741867695303	16.533333333333335	0.03237661603040818
17.639214160889733	22.8	-0.12761835130073956
17.638296547683986	15.733333333333333	0.05708331361526479
17.6397690041682	13.666666666666666	0.12691008261930262
17.639831885794617	16.2	0.04254843495245125
17.641012644674174	14.866666666666667	0.08534432591869547
17.64043822982812	15.333333333333334	0.06996788013999289
17.640811123537777	14.733333333333333	0.08980863707696712
17.642210646667127	9.6	0.2952113817404547
17.642383977071194	15.866666666666667	0.05299217006425013
17.641762097176315	15.266666666666667	0.07217286025880405
17.641497512818358	12.4	0.17447524080921303
17.64138940145694	15.466666666666667	0.06568560625593763
17.64031316366821	18.333333333333332	-0.019264662805948407
17.64015723221132	18.666666666666668	-0.02827318184907581
17.640434671177346	15.466666666666667	0.06565866284481667
17.640033342120926	16.333333333333332	0.038462482134032486
17.63970055143164	17.266666666666666	0.01068670029264931
17.640193630261397	17.266666666666666	0.010700674893628373
17.639605759928457	17.0	0.018464579659516842
17.63912483241173	17.933333333333334	-0.008270682322564763
17.639780913207034	22.266666666666666	-0.11594331327535007
17.639580660029303	18.266666666666666	-0.01746453760349192
17.63827491259418	16.6	0.030324977389916952
17.63967983395074	19.8	-0.057701352565794554
17.64073386508021	20.6	-0.07738518160662351
17.64014862669715	16.933333333333334	0.020443856195362344
17.63950834250517	16.8	0.024376316123800465
17.640240343425813	16.533333333333335	0.03239073035095729
17.641812306850046	16.733333333333334	0.026428367257729676
17.64141244540046	13.933333333333334	0.11743813039864881
17.64217642854221	16.666666666666668	0.02843318730300672
17.643435496372074	14.266666666666667	0.10582131051954749
17.64466230671589	13.866666666666667	0.11989324992419313
17.645323207669936	16.8	0.024541015410815104
17.646697198448013	14.533333333333333	0.09674831918011663

Average Payoff: 0.0074