23.4	23.4	0.0
7.400629109694449	17.466666666666665	-0.4047901970322404
9.464397327006166	19.0	-0.33500103878703025
9.401951944337977	23.133333333333333	-0.42204582722436085
10.710933443353127	16.8	-0.22133260469640817
12.955119896496917	15.6	-0.09262367355101005
13.584764446708263	17.2	-0.11743586862748609
13.455414352984574	26.6	-0.32816002179330866
14.991515250654986	15.866666666666667	-0.028360433493991147
15.126675332331518	15.4	-0.00895363365623371
15.919892492748524	17.266666666666666	-0.04058191653581102
15.967797192431066	13.866666666666667	0.07042628738654806
16.14703742154951	17.933333333333334	-0.05241421593184675
16.120424294419017	18.333333333333332	-0.06422838004560137
15.930762206043221	18.533333333333335	-0.07551543386120711
16.48280697462964	20.666666666666668	-0.11262231417960503
16.539683141005092	15.666666666666666	0.027106967400896454
16.5998278481838	21.666666666666668	-0.13240927560052643
16.934136024566918	23.066666666666666	-0.15331018953386474
16.946599498311148	13.933333333333334	0.09758007510592585
16.889188001476608	20.6	-0.09898352555348047
16.915679043035844	14.0	0.0943106906685473
17.157738229355523	16.266666666666666	0.026659309730744173
17.14682790377521	16.933333333333334	0.00626448240536526
17.124819588454617	22.333333333333332	-0.1320009518743257
17.24703923161621	23.866666666666667	-0.16100780239630327
17.232405740559855	22.6	-0.13475445832724395
17.10770455831188	23.266666666666666	-0.15254632880931157
17.096195800052385	17.666666666666668	-0.01641035363990623
17.143476773245897	23.533333333333335	-0.15708843794154637
17.1306738554878	19.866666666666667	-0.07395106709198519
17.10077318952853	22.066666666666666	-0.12678626674019564
17.05650134493572	18.0	-0.026913657064086244
17.01069362081018	22.666666666666668	-0.14254912637526576
17.02821133627469	17.866666666666667	-0.024028034438787885
17.159608057265164	13.333333333333334	0.12548067026133258
17.25377242882326	14.8	0.07655175172507274
17.27369699895976	20.2	-0.0780895197269026
17.257604915878126	15.333333333333334	0.05904314775569095
17.22422015140225	19.2	-0.05424357310561902
17.27285858492768	15.066666666666666	0.06821967549298662
17.360270418848803	13.133333333333333	0.1386171709932116
17.412786561102724	14.466666666666667	0.09241437967542575
17.394515100126657	14.8	0.08058873047342308
17.38945661576797	12.466666666666667	0.16488376278904052
17.346338980556787	17.2	0.004236019933665032
17.32367302882816	14.933333333333334	0.07410296134295874
17.31439921518815	16.0	0.039454387476659365
17.29134084484642	18.133333333333333	-0.023768531624365586
17.304011045235836	19.266666666666666	-0.05366746651216838
17.287700631323073	15.666666666666666	0.04919026209783406
17.370276438028302	17.6	-0.006569109122680174
17.33959537308923	20.533333333333335	-0.08432772614446642
17.326978789010898	16.6	0.02142774909407401
17.340001782427553	17.666666666666668	-0.009331504502181988
17.303070485126554	17.733333333333334	-0.012280451225421844
17.315347417754797	15.733333333333333	0.047869205319772914
17.295164782811245	20.666666666666668	-0.0888129406596844
17.326489530228134	14.733333333333333	0.08088491966816602
17.374228162200286	15.733333333333333	0.049562539635796446
17.365851618564033	14.6	0.08652519731267778
17.406982587141236	14.866666666666667	0.0787117657658389
17.459107425867664	17.866666666666667	-0.011537163764095281
17.43593260433621	18.133333333333333	-0.019606835019289604
17.436315168124256	15.933333333333334	0.04504038556849864
17.434747821887015	12.0	0.18463714568826234
17.41544422334596	23.133333333333333	-0.1410126138080211
17.457076914330088	15.733333333333333	0.051934988695058554
17.47425259843225	12.466666666666667	0.16724890399750525
17.498072094694205	17.533333333333335	-0.00100656077620336
17.51633012407154	16.2	0.03904132268332954
17.496028652818836	13.866666666666667	0.11572226013040603
17.488944341056097	15.866666666666667	0.04863582543919903
17.493719217907216	17.133333333333333	0.010407639634952765
17.466537857795554	20.133333333333333	-0.0709256545582786
17.451724021505004	18.6	-0.031850792428402185
17.441080422317533	17.933333333333334	-0.013915507248149536
17.447111221006054	19.666666666666668	-0.05980408279583511
17.463188123936877	14.866666666666667	0.08031342776166354
17.47895870272492	18.666666666666668	-0.032858968458946855
17.47179295144689	14.266666666666667	0.10098556525254346
17.47187202715303	14.933333333333334	0.07833737406012833
17.47571140898312	14.933333333333334	0.07844656008420409
17.48297402971431	15.666666666666666	0.0547911628872024
17.469955558515316	17.466666666666665	9.413880447436989E-5
17.44871043016782	19.0	-0.04256089039979338
17.424704806705368	18.733333333333334	-0.03619191178347947
17.42583190882755	18.4	-0.02719177864875794
17.42263018520845	13.866666666666667	0.1136479204175111
17.43982496655239	16.133333333333333	0.038914767015634164
17.44303564126731	13.0	0.14594588048389356
17.442026534031516	13.666666666666666	0.12136028482482569
17.460497614822767	16.4	0.031319611037214215
17.46594168351443	18.466666666666665	-0.0278500512236594
17.452674167060223	17.2	0.007291621011471851
17.438216844085353	16.066666666666666	0.040935828861441766
17.452170573534723	20.666666666666668	-0.0843282829661402
17.471394527285046	17.2	0.007827620751495002
17.461302983243055	16.733333333333334	0.021289001092748155
17.44508728871169	14.666666666666666	0.08652347753741026
17.44741138842832	22.533333333333335	-0.12720928487699554
17.463028506582596	21.666666666666668	-0.1074283390522771
17.471020530320814	23.8	-0.15335165906618275
17.46670878629878	17.066666666666666	0.011584217134434872
17.472987300829306	19.8	-0.06243161248089497
17.460403728424616	15.866666666666667	0.04782109687002939
17.472183690553113	16.666666666666668	0.02359531781116618
17.490827848960603	17.333333333333332	0.0045225645149881534
17.48452351065066	15.0	0.07648329857250524
17.491848803295994	18.0	-0.014317405653345838
17.51600817285439	17.666666666666668	-0.0042821785011934385
17.527091277826003	15.533333333333333	0.06030648329361412
17.51846180234834	15.6	0.05792726165236056
17.523710941864444	18.4	-0.02439305503692697
17.51884959963891	14.466666666666667	0.09542390710721452
17.530224532828104	15.8	0.051911577466990794
17.532621699309924	14.066666666666666	0.10968459139020048
17.526531802343047	15.866666666666667	0.04970668315036682
17.526820950678875	19.533333333333335	-0.054142040728634294
17.53758478167907	17.066666666666666	0.013608677989042724
17.53384755218444	14.866666666666667	0.08231909121880439
17.52053727437757	20.333333333333332	-0.07430669608678775
17.51613286206403	19.933333333333334	-0.06454565890625122
17.50829397142133	17.133333333333333	0.010823990304766478
17.502056786621285	20.266666666666666	-0.07319839346608122
17.511822971813658	19.666666666666668	-0.05795941997123823
17.527894454073877	18.266666666666666	-0.020639230918373237
17.531745743502746	18.266666666666666	-0.020529427806556783
17.538167764747836	21.333333333333332	-0.09763362518492599
17.53897491205592	18.466666666666665	-0.025765177731451983
17.542158043094833	13.333333333333334	0.13631603974972584
17.54558188527835	18.533333333333335	-0.027377526238522947
17.544487683780083	13.4	0.13393298755281915
17.542847248290347	18.6	-0.029249293627791342
17.538265120758886	18.8	-0.034721934991891655
17.535276196794022	16.4	0.03345416109803984
17.550799735884524	17.133333333333333	0.012036235754201183
17.546925602385112	17.6	-0.0015100722667841932
17.54488900811126	15.733333333333333	0.054436672013030596
17.534741253402757	18.266666666666666	-0.020444039935468814
17.538296266620254	17.333333333333332	0.005877641384651391
17.527347495350046	16.933333333333334	0.01723744707685184
17.524419064864087	16.133333333333333	0.04133032161723478
17.52862137261582	16.866666666666667	0.019245505523696783
17.536655627053005	15.733333333333333	0.05420267183938169
17.533503916981395	14.333333333333334	0.10042322551531076
17.534428948951746	18.533333333333335	-0.027695213708120944
17.54094320045787	18.6	-0.029303518551466946
17.544688091776667	17.466666666666665	0.0022284606136580977
17.545474360312195	20.933333333333334	-0.08804480117975737
17.539922496194592	19.066666666666666	-0.0417068130461336
17.534584851294635	15.733333333333333	0.05414380028124523
17.52868088717693	20.066666666666666	-0.06750797491245068
17.517951899918447	17.066666666666666	0.013048726629236347
17.51149563086109	18.066666666666666	-0.015604263962901552
17.509104482137662	15.066666666666666	0.07497712960697306
17.5086839430122	17.466666666666665	0.0012013396753171816
17.514661268303136	21.666666666666668	-0.10596898107319679
17.531278677505536	17.333333333333332	0.005677543295495908
17.52920026629121	18.133333333333333	-0.016940273336286022
17.534611354846568	15.266666666666667	0.0691419610751884
17.551000223716937	14.6	0.0917856428472811
17.561921862887917	14.666666666666666	0.08983499831418976
17.571003091426586	16.6	0.028415996124802292
17.56855058389389	17.066666666666666	0.014490566454267075
17.57110907385417	20.066666666666666	-0.06630459807235044
17.57230600359571	13.866666666666667	0.11786769802545577
17.58029057843969	18.6	-0.028184113650208464
17.57543179721454	14.4	0.09930848838423383
17.570303055604402	19.133333333333333	-0.04258516134929941
17.571664202850343	18.0	-0.012041488829621154
17.582141621313962	19.8	-0.05932935574299721
17.584827084851888	19.6	-0.05419341901334379
17.590468605001107	16.933333333333334	0.01903426722356743
17.58714138682301	14.733333333333333	0.08829721958600839
17.587380019923714	16.8	0.022897354188295613
17.59291954180445	20.333333333333332	-0.07225638136598878
17.60716844977333	22.2	-0.11537699688491214
17.60417754294005	21.0	-0.08796515489243933
17.607571214675968	14.733333333333333	0.08887314444393161
17.609508676038644	18.333333333333332	-0.020138214365629566
17.607430390375207	26.0	-0.1924573297370247
17.607256622741883	20.133333333333333	-0.06693262382838878
17.611907380005896	20.466666666666665	-0.07497022559620319
17.608488218205448	17.466666666666665	0.004043362089327519
17.607637669104456	13.266666666666667	0.1406014190709495
17.611158861082576	16.933333333333334	0.019621811892166472
17.605173834562247	15.733333333333333	0.056146500255760276
17.6094896922382	18.333333333333332	-0.020138753168613226
17.606733724050386	17.733333333333334	-0.0035823251007809655
17.600463349060316	14.4	0.10001303150362965
17.6100400538835	17.2	0.011779361737268493
17.614832866169774	15.4	0.06708599359408866
17.61298164326823	24.4	-0.16154574351233306
17.60971025424413	14.866666666666667	0.08446273407460304
17.60991079368325	20.6	-0.07825428388100457
17.613600221829998	15.133333333333333	0.07574043182756549
17.61328643833986	21.4	-0.09706215259883336
17.615414077536666	13.933333333333334	0.11671083787417455
17.61786146420523	23.466666666666665	-0.14236028667118858
17.62849237804168	16.533333333333335	0.03205797763740965
17.631112895965526	15.4	0.06754579850193412
17.635761583965124	18.266666666666666	-0.01757276912573287
17.63815220296621	16.6	0.030321502072073542
17.636903597255973	12.933333333333334	0.15386109942825255
17.637976321139067	22.266666666666666	-0.11599377914349611
17.63976031251509	16.266666666666666	0.040496559743422436
17.637526098615652	20.2	-0.06772308249502865
17.635613180377813	16.266666666666666	0.04037918747315423
17.64112317040447	18.066666666666666	-0.011917385483780515
17.643281271202838	19.2	-0.042252445360069266
17.645708641870613	22.266666666666666	-0.11577757497704297
17.64727294582371	15.866666666666667	0.053130318301744014
17.64582282489581	18.266666666666666	-0.017287685998953698
17.644021885489476	16.066666666666666	0.04679095226377159
17.644150173205514	12.866666666666667	0.1565832711596082
17.643086872065755	21.466666666666665	-0.09776537688518595
17.638485623691576	17.333333333333332	0.008725662532258614
17.643982162241606	15.866666666666667	0.05303733462903652
17.645641462009202	16.2	0.04271278071747866
17.644606596786733	17.533333333333335	0.003163154626861022
17.646970849040212	23.133333333333333	-0.13453461405676542
17.645395304748305	20.2	-0.06750107046526682
17.64412707590613	17.266666666666666	0.010812140566691317
17.64303216829521	16.333333333333332	0.0385473494773625
17.64419762944867	16.866666666666667	0.022530034487415713
17.641152346865894	16.4	0.036460350525712046
17.635671104499185	21.733333333333334	-0.10408346076682626
17.63658321822723	19.466666666666665	-0.04932407414759993
17.63707474082563	17.4	0.00676639652651674
17.641568164098516	17.266666666666666	0.010739629180603633
17.637458708650467	20.4	-0.07262686270682105
17.633952449562813	15.733333333333333	0.05696055497578784
17.6378970587794	15.466666666666667	0.06558704141579737
17.64189927740189	17.866666666666667	-0.006329948374114008
17.642307584041195	20.0	-0.06263410952410291
17.64565356722025	18.733333333333334	-0.029898572191864207
17.644797728799304	13.8	0.12227134554845534
17.645317830578392	14.066666666666666	0.11284854040662819
17.64480783938887	16.2	0.042689202026060635
17.645427448734996	21.2	-0.0915055589478591
17.64440585233456	24.733333333333334	-0.16727951082855883
17.647569053005405	18.4	-0.020873278469574378
17.648953721107606	13.666666666666666	0.12716615558399216
17.65193975801762	18.4	-0.02074951436742091
17.651057951487733	19.333333333333332	-0.045486090845465114
17.654224984425277	15.866666666666667	0.053326693584547884
17.651718880502475	17.2	0.012961165044722845
17.65162774734662	16.6	0.03070300060201037
17.652896536717922	16.466666666666665	0.03476685393011084
17.655705811906056	15.066666666666666	0.07912137626740683
17.6549045272232	20.866666666666667	-0.0833756786107651
17.653490737084013	21.4	-0.09593276278779386
17.652634520357783	14.6	0.09464760214955364
17.650367841627478	15.0	0.08117421079245546
17.65225514943063	17.733333333333334	-0.002291276968367982
17.65044316777957	12.733333333333333	0.16183339929011567
17.64880514470355	16.2	0.042802253683990155
17.645161211443526	15.0	0.08102766576371764
17.64548451127088	18.4	-0.020932316459588533
17.64655205890234	22.266666666666666	-0.115753997179
17.645864378288284	15.133333333333333	0.07665016902058441
17.64915325449239	15.666666666666666	0.05950586215549317
17.650212387765237	12.6	0.16694799768770568
17.652966048254076	12.2	0.18266077948301518
17.654182966261825	16.8	0.02479185087913
17.65649121645099	19.2	-0.04187888571606781
17.653067290725392	16.333333333333332	0.03883123641100818
17.653951822974317	19.533333333333335	-0.05053828216981954
17.652917991764717	17.8	-0.004148657333916748
17.654012318007926	18.733333333333334	-0.029661988144651166
17.652342393308555	18.8	-0.031483782147896155
17.65275164105944	16.333333333333332	0.03882230944576989
17.654093625473543	17.6	0.0015343927445196019
17.653387517024264	16.533333333333335	0.03276284346175345
17.65194400136916	16.466666666666665	0.034739906212327885
17.650808001415474	21.933333333333334	-0.10818790524473142
17.650225828058062	15.466666666666667	0.06593490502586315
17.648907231545493	14.4	0.10137341682425972
17.64936674567683	17.133333333333333	0.01483592162688083
17.650470284628447	27.266666666666666	-0.2140874738402255
17.651112904933314	17.6	0.0014499657094842805
17.64949900409719	17.666666666666668	-4.861134339872377E-4
17.650633153643053	16.0	0.04905206823617681
17.65208273918311	14.866666666666667	0.08565569474253452
17.65306189014272	17.2	0.012999199082444379
17.65389133681015	14.933333333333334	0.08348541586511359
17.65424562969366	16.6	0.030777079171166247
17.655452937461693	23.533333333333335	-0.1427058412750405
17.65373629895328	16.666666666666668	0.028760432483132484
17.650957014149427	20.533333333333335	-0.07548592085786726
17.65176479192091	19.2	-0.042012511933173714
17.650626883072256	16.266666666666666	0.04080396964386457
17.6496207464688	18.666666666666668	-0.02800522830508296
17.650807773671303	18.0	-0.009794791426481526
17.64763279089336	18.266666666666666	-0.017236417948366712
17.64896986864723	17.266666666666666	0.010949340751496884
17.649144003667764	20.266666666666666	-0.06903512325655924
17.6499974069711	13.8	0.12241646182513584
17.64985117881816	21.2	-0.0913812720888224
17.65257877700445	14.266666666666667	0.10607744836302622
17.654271483726063	17.066666666666666	0.016923644589158387
17.655051711138913	29.333333333333332	-0.24853549682845
17.655430986497024	16.4	0.03686433999307785
17.652219214769914	16.733333333333334	0.026723022122477628
17.65099158996071	14.666666666666666	0.09234347673325155
17.65094162797678	17.733333333333334	-0.002328483639883587
17.649505684748302	22.866666666666667	-0.12876737063579413
17.648667262572275	18.933333333333334	-0.03511743616626706
17.646571298853157	16.2	0.042739079420495776
17.644598144120458	18.466666666666665	-0.022764877576391052
17.645142930900942	18.333333333333332	-0.019127836247932243
17.646723985782064	18.933333333333334	-0.03517242568340468
17.64719846534428	14.133333333333333	0.11056659322979487
17.648661479662316	20.066666666666666	-0.06411200182649629
17.653317843522814	17.2	0.013006447350522745
17.65436688959941	22.6	-0.12285954276623846
17.65184930302465	26.0	-0.19124391819058403
17.649874528907265	16.666666666666668	0.0286511352247647
17.649347296454305	18.666666666666668	-0.02801296891353367
17.64652293006389	14.266666666666667	0.10590781761731154
17.64289906838581	14.6	0.0943742391753282
17.640705746750033	27.466666666666665	-0.21783492130421692
17.641235448954248	16.466666666666665	0.03443685214956823
17.63838629357817	16.4	0.036382050632400555
17.63904665487232	16.666666666666668	0.028344549465908923
17.639568187750598	14.066666666666666	0.1126876634040374
17.63885351979497	21.066666666666666	-0.08856135068998947
17.640855943859904	20.666666666666668	-0.078987376802469
17.640576523868187	10.8	0.24052172494208648
17.638451253459575	22.133333333333333	-0.1130168567131982
17.637930990797187	13.666666666666666	0.1268588201510926
17.636190472480695	15.8	0.05491625829778521
17.63784414058009	17.066666666666666	0.016458306445689862
17.637451697934843	17.533333333333335	0.002960365101573439
17.639575657561476	15.8	0.055011931861805904
17.637977445488428	16.2	0.04249596323553765
17.636107630834367	22.266666666666666	-0.11604604234553922
17.638387502150156	16.8	0.024344563231882173
17.63679835600032	13.733333333333333	0.12443253542331248
17.635253719890244	17.266666666666666	0.01056065251256335
17.63636545893177	23.133333333333333	-0.13482973966549042
17.636756724717014	18.733333333333334	-0.03015050572781297
17.634783131830744	17.666666666666668	-9.031791900309079E-4
17.63582372628419	23.066666666666666	-0.1334277801665676
17.636366753376112	17.2	0.012526184388440085
17.634781425626848	23.0	-0.13203512818674862
17.632475628444805	20.4	-0.07276740011858022
17.63217761209127	15.4	0.0675758540143654
17.629214903854596	15.6	0.061067193724736686
17.627698661979686	20.133333333333333	-0.0663550368979495
17.62564930947135	17.0	0.01806895529610218
17.62496866735346	12.8	0.15858582206300637
17.62197315484494	11.0	0.23135977100600474
17.624151365063042	22.866666666666667	-0.12947417603406894
17.62191636965399	20.2	-0.06816374942900845
17.618697585274163	9.8	0.2851593355576952
17.614581560453548	9.733333333333333	0.2881846114312262
17.61543365162043	14.133333333333333	0.1096767102778297
17.614573736518725	12.933333333333334	0.15324259015457528
17.616163997969238	22.0	-0.11065776086386056
17.6160746961216	17.133333333333333	0.01389207443128463
17.614967571443998	15.533333333333333	0.06279761499964723
17.61295109487344	15.4	0.06703281656080387
17.614230242766553	17.0	0.017745021006061817
17.612605529237214	18.266666666666666	-0.018229498465248177
17.611868611588633	18.466666666666665	-0.023692703943921534
17.61040909181676	24.933333333333334	-0.17212694098080958
17.612399547595306	13.266666666666667	0.1407339474184454
17.613734838132697	23.266666666666666	-0.13827975314455543
17.614808124527563	17.066666666666666	0.015805021590375744
17.617334125411492	22.066666666666666	-0.11211905182058568
17.61772483801448	21.733333333333334	-0.10458698410086208
17.616760198820394	20.2	-0.06830938947700188
17.617540564832474	21.066666666666666	-0.08916109049859743
17.619736621734123	20.266666666666666	-0.06986490706925776
17.621944453132404	19.066666666666666	-0.03937794780011762
17.622680604464694	16.666666666666668	0.02788078554656264
17.623047483754174	20.066666666666666	-0.06483517421119012
17.623640178263216	14.666666666666666	0.09157464888138231
17.62659917978294	14.4	0.1007474806072996
17.625274638402047	23.866666666666667	-0.15042419881911293
17.62641945457063	17.333333333333332	0.008383529569428352
17.626806977528968	15.733333333333333	0.056758563559731405
17.62717015434735	19.533333333333335	-0.05129540776049788
17.62609308555067	26.4	-0.1992887921578696
17.624448496250324	16.266666666666666	0.040063061455980556
17.623506179439204	16.8	0.023922786224811542
17.624172329847717	19.6	-0.05307915653957987
17.62448710835401	15.2	0.07386214749832196
17.625105367695618	19.066666666666666	-0.03928840770135084
17.624784166444268	18.666666666666668	-0.028708758572744242
17.62333381984624	18.333333333333332	-0.0197459767464657
17.62365833074399	18.066666666666666	-0.0124125609939057
17.62420027617521	12.8	0.1585645713735646
17.622647865935832	17.933333333333334	-0.00873792416685965
17.623254370965366	18.733333333333334	-0.030533089942231167
17.62225236604674	16.2	0.042050788062669146
17.62213479927169	17.933333333333334	-0.00875248029082388
17.62245502080301	16.533333333333335	0.03188688476978981
17.622085035114	16.266666666666666	0.03999611376585805
17.62398774479677	20.8	-0.08265701822251159
17.62639074762068	21.6	-0.10129938484387187
17.62703918874115	16.133333333333333	0.04424435347776884
17.62567630217769	22.933333333333334	-0.1308625895665011
17.62276741794767	20.066666666666666	-0.06484308687767348
17.625100072944203	17.4	0.006426821692883258
17.62815350624003	14.4	0.10079112133676668
17.629996003976565	16.466666666666665	0.03411856897981723
17.632387729056138	13.466666666666667	0.13395008765804794
17.63053657268095	20.933333333333334	-0.08564484759184639
17.633814414638792	19.6	-0.05280645070272969
17.63655468653282	16.866666666666667	0.022313511309133446
17.64087189573821	17.666666666666668	-7.305740354249027E-4
17.639852251290026	19.333333333333332	-0.04580295301218517
17.640532147634495	13.933333333333334	0.11741352405950409
17.639444298363706	18.733333333333334	-0.03007438821544272
17.638328359558653	14.333333333333334	0.10337263849379756
17.637704089542016	15.733333333333333	0.057066573390471394
17.640077235340723	16.533333333333335	0.03238611199731739
17.636927328661052	17.066666666666666	0.016432322890567532
17.635764159874853	13.133333333333333	0.14632963568513388
17.63402689730781	20.6	-0.0775741752407732
17.631950934515704	14.733333333333333	0.08955946677909436
17.631254161937992	15.933333333333334	0.05058667349461293
17.633043200001925	15.533333333333333	0.06330838898117767
17.632957249999524	13.266666666666667	0.14130562220137022
17.632796737387128	18.2	-0.01582916529708283
17.63127650518207	16.8	0.024143063794249877
17.631552682435817	16.2	0.042314128939728836
17.632304695802198	14.666666666666666	0.09181834293898221
17.63007798000936	20.6	-0.07768548161328949
17.631543057264594	15.933333333333334	0.050594845164004726
17.631961597583384	17.133333333333333	0.014342701974509124
17.63078104640166	15.266666666666667	0.0718631548670525
17.631052428431442	17.4	0.0065956462171236265
17.628653529843362	15.333333333333334	0.0696353713760572
17.63032787679818	17.333333333333332	0.008494377682014236
17.630265716821256	18.666666666666668	-0.028553403326086243
17.628805921783716	17.0	0.018158463887088784
17.629593037729794	15.733333333333333	0.05683733145306931
17.631257839729543	14.466666666666667	0.09859176945949455
17.632927273621544	13.2	0.1437725076922567
17.634409557642716	16.866666666666667	0.02225272295810583
17.635096304002673	17.533333333333335	0.0028935887021040788
17.637623950522027	15.4	0.06772956656547542
17.63795622746684	15.533333333333333	0.06344712315980093
17.63851665382143	16.8	0.02434822214470681
17.639001385438174	15.333333333333334	0.0699273518775787
17.638307826755874	14.6	0.09424526383590952
17.63897520475392	21.8	-0.10550539849586452
17.6375617801093	22.066666666666666	-0.1115524733718132
17.638186804135664	16.733333333333334	0.026325675070039543
17.64025920007688	15.533333333333333	0.0635121404057035
17.64201871226213	22.0	-0.10993338455768031
17.639993330926956	9.266666666666667	0.31119903640991303
17.64189757963093	15.066666666666666	0.07873261857575303
17.64093224821433	20.533333333333335	-0.07576834920216796
17.640092104139786	18.133333333333333	-0.013787922827118215
17.640015915880067	17.666666666666668	-7.548358791368097E-4
17.64158706369046	15.133333333333333	0.07652966658570112
17.644885939175406	13.266666666666667	0.14163699016791814
17.645356334966888	17.6	0.0012868740646519781
17.64582130772966	19.733333333333334	-0.055846956563068775
17.644668117280663	19.4	-0.04738419783279164
17.644875347819127	16.666666666666668	0.02850960999477887
17.64365217110369	14.4	0.1012260448273355
17.642680453820063	16.866666666666667	0.022487060808308056
17.641971396126458	16.6	0.030429655584734434
17.640238654270004	14.0	0.11505092278369196
17.64042202065616	14.466666666666667	0.09884905432869782
17.638593788086656	13.733333333333333	0.12448264461531618
17.638649502291518	15.8	0.05498575838613088
17.638453971172872	15.4	0.06775298787061876
17.63895731436877	16.133333333333333	0.044581636369929845
17.638920786326516	14.6	0.09426248497795288
17.639120902957956	11.733333333333333	0.20106551267778286
17.637532828857644	20.266666666666666	-0.06936260026067738
17.637133079662373	18.733333333333334	-0.03013984591848051
17.635312016187193	16.733333333333334	0.026244231440633196
17.634407804871394	18.266666666666666	-0.017611140365632206
17.633008279051406	16.266666666666666	0.040305448785942576
17.63424838314084	17.866666666666667	-0.006546825150837569
17.63413498287083	24.0	-0.15290013878631614
17.634590138923514	15.533333333333333	0.06335207590996063
17.633878267127493	21.4	-0.0964834113356386
17.631926477194536	27.333333333333332	-0.2157533815442866
17.632635806567116	16.533333333333335	0.03217536340715034
17.63425901283944	13.0	0.15127700692538795
17.632252720276874	14.8	0.08732827610541306
17.634547830000074	21.533333333333335	-0.09954037306932671
17.634925446828806	16.266666666666666	0.04035972043972138
17.6336445047541	19.866666666666667	-0.05954676353764152
17.63363527303619	14.6	0.09411396658613502
17.63472290156269	14.733333333333333	0.08963743597001561
17.63329660891421	15.133333333333333	0.07629601457297135
17.634821075948615	16.133333333333333	0.04446460782004017
17.635128921892136	17.0	0.018337709188969823
17.63651058707046	14.733333333333333	0.08968771245471341
17.634928836067772	21.4	-0.09645390106240823
17.637060136045115	16.4	0.03634450599142886
17.637605762416904	17.666666666666668	-8.231554497586521E-4
17.638442772208606	16.533333333333335	0.03233983025822429
17.63869520723466	20.333333333333332	-0.07096376542590589
17.637034993018176	15.733333333333333	0.057047666992082656
17.638164905490694	14.6	0.09424124835881227
17.638283565501293	23.066666666666666	-0.13335928603778213
17.63882130306153	16.066666666666666	0.04664387703886256
17.64066349078101	16.8	0.02440903878074343
17.641501606072875	23.466666666666665	-0.1417033476642813
17.641362254827172	21.2	-0.09161979751960328
17.641578834881273	22.866666666666667	-0.12898825330723662
17.641986947065778	16.4	0.036483973423673245
17.641596566289046	13.866666666666667	0.11980761591689489
17.641485628664594	18.6	-0.026447987843447762
17.642812619795645	15.866666666666667	0.05300428389069399
17.64155115731583	18.133333333333333	-0.013746576208961447
17.641851851688603	15.0	0.08093449672194188
17.640937960855943	20.0	-0.06267277509389706
17.640727517458554	15.666666666666666	0.05926794632684756
17.640946971259787	17.866666666666667	-0.0063569379150218135
17.639355273978197	15.866666666666667	0.05290656737621094
17.637955285667918	15.8	0.05496613862797095
17.63725663336669	12.933333333333334	0.15387087083230164
17.637422439631138	16.666666666666668	0.028298543941988857
17.640744970403304	14.333333333333334	0.1034404058703844
17.64272821236927	17.866666666666667	-0.006306456504264609
17.6423258991524	16.4	0.03649356694465267
17.643341269836977	15.133333333333333	0.07657909067629652
17.64301240369446	18.8	-0.03174785836826842
17.64332328894718	16.666666666666668	0.028465663311006303
17.64289990269951	18.466666666666665	-0.02281297844948386
17.643180591913072	18.8	-0.03174309676866218
17.642736678331307	15.133333333333333	0.07656205713817749
17.643388190338054	16.8	0.024486214471044352
17.64230732356951	18.066666666666666	-0.011883829068098867
17.643720551164964	25.8	-0.18774357594969665
17.64651037267749	16.666666666666668	0.02855590156770719
17.64611658821293	16.066666666666666	0.046850178746889834
17.644402471140022	16.666666666666668	0.028496220871065975
17.644441259963042	18.066666666666666	-0.011823363407573582
17.64405582503922	20.8	-0.08209186328632016
17.643630350449193	17.466666666666665	0.005040221781554865
17.64301984705725	17.533333333333335	0.0031181888913106768
17.642503616068527	15.2	0.07437020163327343
17.641940653473412	16.6	0.030428785097719603
17.643742884216135	15.0	0.08098773763759896
17.644017883466656	22.6	-0.1231482932664484
17.642755993765107	29.6	-0.2531021688872884
17.64145555522334	10.4	0.2582410724351454
17.640256831288518	18.333333333333332	-0.019266258910305225
17.63951594875721	15.733333333333333	0.0571177665805966
17.638949180044282	16.266666666666666	0.04047360530425924
17.638524771962885	16.2	0.04251145053329229
17.637992135215605	16.2	0.04249637890656845
17.63905536836892	14.333333333333334	0.10339302658545446
17.638373428134994	17.933333333333334	-0.008291980679370823
17.637587981941206	17.066666666666666	0.01645104673923435
17.636154780166482	12.333333333333334	0.1769406746872157
17.636680069386824	14.066666666666666	0.1126068308321622
17.636135808107788	20.933333333333334	-0.08548724155715326
17.634834725329778	17.6	9.886444934772058E-4
17.63498785045097	18.666666666666668	-0.02841960869109209
17.634614101784265	13.666666666666666	0.12676629638480985
17.634748797682377	16.666666666666668	0.028222804158676167
17.633645906186228	20.533333333333335	-0.07597372086876236
17.632319391516667	16.933333333333334	0.020221983474387483
17.63239059606633	18.866666666666667	-0.033816656186914255
17.6300643193656	18.266666666666666	-0.017734270776600013
17.630841965704565	17.0	0.018216189093216317
17.63031260455294	18.266666666666666	-0.017727231511759024
17.629616630476693	14.933333333333334	0.08280218162482111
17.629259896752206	14.6	0.09399098541066622
17.628028767571998	21.733333333333334	-0.10429782778444328
17.630991865322397	13.533333333333333	0.1314855529798481
17.631233250518697	12.4	0.1741930878056213
17.63234549134028	16.0	0.04853498819345147
17.63333683835664	14.266666666666667	0.10553823830018773
17.636115055679106	20.066666666666666	-0.06446610833351363
17.634643826370596	13.8	0.12198782488363057
17.63294147131441	16.8	0.024190250258123353
17.633412996749595	26.0	-0.19174725121488115
17.633207779715388	17.333333333333332	0.008576039746469215
17.631103250546218	16.733333333333334	0.026124971233604626
17.63052142786541	20.533333333333335	-0.07606181093685584
17.629348927820445	16.466666666666665	0.03410023842615119
17.62814839338038	15.466666666666667	0.06531179348764848
17.629137526442946	19.733333333333334	-0.05631843286777173
17.629696961192817	17.866666666666667	-0.006675886802327647
17.628452926807643	15.933333333333334	0.05050743069320737
17.627030223805026	19.4	-0.04788312120843853
17.6272960394697	18.066666666666666	-0.012309382144376756
17.626107619694945	21.266666666666666	-0.09360502339500995
17.62726685063343	18.733333333333334	-0.03041936813759268
17.62597278738833	22.333333333333332	-0.11780386105112843
17.62880130705174	16.933333333333334	0.020122251734583815
17.630652300050727	16.466666666666665	0.03413716000722038
17.630579116743075	19.4	-0.04778269542257563
17.63171287737582	13.733333333333333	0.12429057230948505
17.63041531763422	16.4	0.0361563415006761
17.630720924603207	18.733333333333334	-0.030321492782655824
17.631038465796774	24.2	-0.15703558350755142
17.631261599357902	17.2	0.01238145216554123
17.632353819999494	14.2	0.1078259508991456
17.631225730119212	20.666666666666668	-0.07925869405811486
17.631677668110406	17.0	0.01823988067121762
17.631913496866677	20.666666666666668	-0.07923931270667793
17.62972665254843	16.333333333333332	0.03817068661522259
17.630940429750883	12.4	0.17418503566304316
17.63136706418362	12.8	0.15876273497650148
17.62925000893486	15.133333333333333	0.07618192526294028
17.629577537130746	21.133333333333333	-0.09038938814247616
17.631551520091335	19.4	-0.047755181927746075
17.631687647689603	16.933333333333334	0.020204076101665993
17.63262595295497	14.533333333333333	0.09635318480748072
17.632067325092205	24.133333333333333	-0.15566152618554124
17.632703101433474	18.6	-0.026696790903471344
17.632140387876866	16.8	0.024167547486239106
17.63357592786066	17.133333333333333	0.014388468953887937
17.6332000510404	14.8	0.08735493403616569
17.63446797141978	14.2	0.107885200861631
17.634567002951826	16.0	0.04859783099953015
17.632707229477944	27.4	-0.21689330647499883
17.631533130331743	16.2	0.042313575468688976
17.63204911708975	19.733333333333334	-0.05623612227257671
17.63173574376233	14.4	0.10089168347337091
17.632551669906167	17.266666666666666	0.01048404579468963
17.63299794281572	23.333333333333332	-0.13914683626640487
17.63190800068317	16.8	0.024160961415982573
17.631515257076924	18.0	-0.010341540073850497
17.63253474755605	20.133333333333333	-0.0662184854435468
17.632836128387392	17.2	0.012426094929279926
17.632917902135006	19.133333333333333	-0.040809584354656175
17.631683078298416	16.066666666666666	0.046441930346027706
17.631695964418473	18.266666666666666	-0.017688012926204012
17.63267961696171	14.533333333333333	0.09635469240212279
17.632621550044984	15.266666666666667	0.07191507815590055
17.630673223718723	16.6	0.03010963929872579
17.630393115558903	15.266666666666667	0.07185221003152893
17.63142907418854	14.8	0.08730509740139726
17.631594720863315	19.133333333333333	-0.04084704341747234
17.632496865628934	15.0	0.08067102178753849
17.63288502879383	15.933333333333334	0.050632802215757014
17.634496162963647	15.133333333333333	0.07632982922817529
17.634850397928652	13.733333333333333	0.124378162855091
17.634538090888107	21.266666666666666	-0.09336802287783091
17.634145543422274	16.533333333333335	0.0322181280643984
17.634445174804107	11.866666666666667	0.1955105468272374
17.63330968508768	15.866666666666667	0.05273564971721234
17.63415208143552	16.0	0.04858609420207432
17.636241604132014	17.4	0.006742778143879279
17.63702474209352	15.733333333333333	0.05704737732982316
17.63647262822795	13.6	0.12922306165198202
17.635928220966587	17.133333333333333	0.014455149898663817
17.636794476395536	15.733333333333333	0.057040870622834736
17.63650544344202	17.0	0.018376722342309304
17.635825753397764	22.466666666666665	-0.12046236085944355
17.636188754723268	15.4	0.06768906580979484
17.63540181501588	15.666666666666666	0.05911750344973601
17.63451926455058	17.933333333333334	-0.008401240079378073
17.63356620913509	18.6	-0.02667233430148141
17.634589788566057	13.866666666666667	0.11961183603117818
17.636628535870145	13.4	0.136504148025412
17.636192381904532	18.133333333333333	-0.013898449629624748
17.63615439538568	15.8	0.05491523856700089
17.636974161804954	12.2	0.18222270570468768
17.636680797603933	18.0	-0.01019509096426553
17.637519352199302	14.733333333333333	0.08971608029849411
17.638142941814184	12.0	0.19023266582130421
17.638768699093383	14.8	0.08751160456878627
17.639398038126224	16.2	0.04253615967117623
17.639474285842613	18.333333333333332	-0.01928843182984819
17.63985927768613	19.933333333333334	-0.061040169766531156
17.64005324139551	15.733333333333333	0.05713294645099017
17.64065038787742	14.133333333333333	0.11038329613679432
17.64000808553659	16.866666666666667	0.022411357351103334
17.640222347891225	16.2	0.04255948241371333
17.639918995365058	13.6	0.12931912518609426
17.64052371755749	20.533333333333335	-0.07577986190704666
17.64061662165059	21.466666666666665	-0.09783471832621655
17.642212445918716	13.333333333333334	0.13910583346271635
17.643478944514047	20.4	-0.07245712358499871
17.643532427671275	16.666666666666668	0.028471585324196344
17.643790608161567	15.333333333333334	0.07006242505948189
17.64297346374514	17.533333333333335	0.0031168744076598364
17.642442628773246	11.6	0.20663262318681117
17.641936410507732	16.8	0.02444509508620046
17.641132164280393	23.333333333333332	-0.13892069365455037
17.641042868457284	19.933333333333334	-0.061006747059896914
17.64066568850782	20.0	-0.06268046189768942
17.640641474411307	22.733333333333334	-0.126137985748808
17.640759469360724	19.666666666666668	-0.05430305456933002
17.640599415757737	29.333333333333332	-0.24891962910646107
17.642232878117756	23.933333333333334	-0.15131725261946835
17.64197159785378	17.333333333333332	0.008824462435071928
17.64151582772653	16.8	0.02443318209151181
17.641600398282538	16.4	0.03647303251774204
17.640739331704264	15.733333333333333	0.05715232951982856
17.64142144910308	14.866666666666667	0.08535582814205471
17.642123793333266	17.133333333333333	0.014630733915206562
17.641027895743875	21.6	-0.1008885933053125
17.64084482889254	22.266666666666666	-0.11591356274592252
17.640578582237463	14.2	0.1080564090049802
17.64181313220172	13.133333333333333	0.14649742784871592
17.641749695457015	19.8	-0.057642880530363025
17.641117964767886	16.0	0.048783098305074706
17.64067732881104	20.133333333333333	-0.06598865094884758
17.639502407486443	12.8	0.1589875663110771
17.640859407488797	23.133333333333333	-0.13470466382392912
17.642171028124114	14.133333333333333	0.11042586940167899
17.641815082385424	13.733333333333333	0.12457253420015589
17.642000182989715	16.933333333333334	0.020496312763601237
17.642297770873416	15.6	0.06143672091954059
17.643319837568182	16.533333333333335	0.03247791697695856
17.642601954541497	16.466666666666665	0.034475535108473995
17.641822955389713	16.4	0.03647933182124437
17.64159300922645	17.6	0.0011802250033237803
17.64106210809255	15.6	0.06140183191064929
17.641664246761586	14.666666666666666	0.0920814383159121
17.64176347832895	20.666666666666668	-0.07896181537297665
17.64102402357748	15.466666666666667	0.06567529512263841
17.639624245322466	19.333333333333332	-0.04580940230187675
17.639629149404236	17.2	0.012618651809379388
17.640685782537997	18.2	-0.01560556683696346
17.64073192109899	16.266666666666666	0.04052405409031023
17.641913499189773	15.266666666666667	0.07217712889927379
17.641564510978075	18.0	-0.01005667102271906
17.642449190460486	15.8	0.0550931296917705
17.64216198416203	20.666666666666668	-0.07895059152217675
17.642191248025455	15.933333333333334	0.05089594089740248
17.641656758270415	17.266666666666666	0.010742139834073823
17.64326487142305	14.2	0.10813165312433536
17.64305727312924	19.666666666666668	-0.05423812293017188
17.643681496528004	15.4	0.06790046976950051
17.643036121933374	17.4	0.006935361453491742
17.644502138778666	14.666666666666666	0.09216118086109443
17.643860319126038	13.533333333333333	0.13184403418774193
17.643972593067858	17.333333333333332	0.008881165987688384
17.64642505332002	9.733333333333333	0.28901247440678784
17.645619316841195	10.666666666666666	0.2464990871538888
17.646220265320775	14.333333333333334	0.10359390795645337
17.64697120257428	18.0	-0.009903472455472575
17.64742499322409	16.066666666666666	0.04688716939208038
17.646041677468155	12.0	0.19044841597720982
17.646922806538416	14.133333333333333	0.1105588783721887
17.647988989332994	18.2	-0.015398660461295694
17.64870919998984	16.0	0.0489976952812899
17.64787511882079	26.266666666666666	-0.19626281403428306
17.647212005579963	16.6	0.030578022100290588
17.6485591634104	13.066666666666666	0.1491733292827376
17.649102199299016	14.133333333333333	0.11061986934122454
17.648887267291958	16.666666666666668	0.028623189429365023
17.649150532837652	14.733333333333333	0.09004303720352924
17.650688991637463	18.0	-0.009798155891025694
17.65149849068217	16.0	0.049076521544485024
17.65181275233432	17.4	0.007184015106823557
17.65071712698346	14.8	0.08784758487241645
17.650800716263653	18.733333333333334	-0.029752875679108597
17.651078837908873	20.4	-0.07224292309295782
17.650947104718888	16.933333333333334	0.020749709471936335
17.650992830943945	16.866666666666667	0.022722460783633693
17.64976763644494	15.466666666666667	0.06592198150913695
17.648716109355885	18.6	-0.026243243699287547
17.647624064988225	14.066666666666666	0.11291305325479999
17.64719837665156	17.266666666666666	0.01089915738382907
17.64562363766014	14.8	0.08770439025734059
17.64538557572042	20.0	-0.0625472255967063
17.646110448015406	16.066666666666666	0.046850005147184536

Average Payoff: 0.0098