200.0	200.0	0.0
337.17426772437494	426.0	-0.11638984178605065
491.98713042520825	159.0	0.5115110804229102
590.0549685176562	526.0	0.0573940982519293
661.1866167306497	161.0	0.6083614188705677
770.1596812992501	205.0	0.5795560379878113
793.2853358070854	170.0	0.6470412375631857
851.1618685097501	251.0	0.544531511801654
853.2171433938195	354.0	0.41352721515400515
913.3022428510494	286.0	0.5230560074329478
978.4618409605574	275.0	0.5612152025477521
997.7485320117707	268.0	0.5765351596749745
1036.7689879758768	299.0	0.5523177994226652
1035.3266722800408	330.0	0.5165992041319851
1054.4859966172912	284.0	0.5756399383815097
1054.9940178999532	284.0	0.575800942792233
1085.7982596377283	276.0	0.5946536162068194
1078.241925588007	249.0	0.6247858130465767
1085.042921124307	145.0	0.7642358693183415
1080.912600551903	347.0	0.5139758555728399
1067.3515426901272	201.0	0.6830531706159534
1059.0469242511426	177.0	0.7136031059545167
1055.7126980010637	163.0	0.7325046333440964
1064.1624679264717	146.0	0.7587100841919834
1088.848074328455	280.0	0.590896893159797
1090.9654373908734	210.0	0.6771628300577124
1097.4302354507254	263.0	0.6133576082821105
1084.7043700344495	174.0	0.7235252309559587
1097.010850530706	268.0	0.6073291287086786
1098.0859458744596	223.0	0.6623989518677519
1104.0029526490653	171.0	0.7317653270610638
1109.2232468330635	526.0	0.35666276636085736
1113.0898127934197	285.0	0.5923008702415725
1119.5933007282283	301.0	0.5762333950952738
1123.0129780651157	308.0	0.5695356999257277
1126.5206704688007	330.0	0.546865339173271
1127.2194514871499	302.0	0.5773917019030785
1125.525587220711	395.0	0.48044281093355384
1120.4104429341398	281.0	0.5989754444648365
1119.3588060588402	253.0	0.6312917600221927
1125.4465608251978	291.0	0.5891126314988285
1125.38019724388	493.0	0.3907488477187442
1128.2389123475593	538.0	0.35423426255000456
1125.4749465134298	292.0	0.5879997728097645
1127.0719182088399	317.0	0.5609636943938469
1127.467777798285	256.0	0.6299154861309306
1135.1103705354847	342.0	0.5369337230013251
1130.3127378024274	405.0	0.4724201916285831
1133.662750000311	217.0	0.6786762646708809
1135.6449886198607	213.0	0.6841273992824841
1137.2728951015533	131.0	0.7934198538722054
1135.5893604734492	271.0	0.6146707665856607
1133.7740221123756	198.0	0.7026522567455626
1131.416848576855	275.0	0.6089352878867017
1131.605798210658	215.0	0.6806786361893175
1133.8805530002385	269.0	0.6165033446009223
1137.146174819237	236.0	0.6562638350850486
1134.6669527126362	156.0	0.7582645163849128
1131.7964130673863	175.0	0.7321694515686187
1133.1722367766301	453.0	0.4288136061181193
1130.1823312436004	451.0	0.4295408048921362
1126.951938343851	207.0	0.6896439908367344
1128.0426011776	370.0	0.5060220587730339
1128.9431195020802	245.0	0.6433622374574159
1127.259410132531	320.0	0.5577848756627585
1128.4651063598733	314.0	0.5646341826702577
1126.3959802453087	347.0	0.5289793040670204
1129.3081368411729	258.0	0.6280566758767057
1130.2669363409382	361.0	0.5158479126671027
1132.969443523113	236.0	0.6552150946588816
1137.034788674047	218.0	0.6782370433259189
1138.5029021950907	202.0	0.6986205704303625
1138.3975926486567	333.0	0.5473691112942926
1138.3044162422168	291.0	0.5928089262257121
1144.5340753249955	255.0	0.6355930098511039
1146.2632466640541	308.0	0.576417817466647
1143.192468774299	330.0	0.5519933654364102
1144.2904051877124	320.0	0.5629282294464285
1148.1513503054593	593.0	0.3188415241489869
1148.007355498274	264.0	0.6260642708807437
1149.9720083654447	148.0	0.7719519387996994
1145.9895674186823	189.0	0.7168517198745638
1149.3154555344267	168.0	0.7449358097269975
1150.475855583192	157.0	0.759842601559979
1149.4389347446606	156.0	0.7609999275369965
1148.9450263213118	182.0	0.7265101166454004
1147.9082289501143	152.0	0.7661373370599176
1147.71341863366	202.0	0.7006771997503168
1148.5733361364107	470.0	0.4192416376734515
1149.332914633806	492.0	0.40048725567686677
1148.097397636925	327.0	0.5566394456069855
1146.9411155461205	371.0	0.5111799842558152
1146.7780852835629	497.0	0.3952955031466256
1144.2444514216982	282.0	0.6045558673775748
1147.2580444157675	331.0	0.5521756147373894
1147.735924451525	331.0	0.5523203372194119
1148.3799464190197	270.0	0.6192839574732167
1147.8466134606172	479.0	0.4111307162743826
1148.050385652917	155.0	0.7620966898799781
1146.9664700762196	195.0	0.7093817105744459
1145.7510971797806	180.0	0.7284558159025369
1144.4156561332609	279.0	0.6079852026386875
1144.1463234900114	284.0	0.6022816495357713
1145.5101341199259	329.0	0.5537500999321833
1147.4257527080265	271.0	0.61788623834189
1148.9350179216467	568.0	0.3383558561376829
1149.2155344443577	324.0	0.5601458273758961
1149.6431665906748	362.0	0.5210509887509411
1149.3826503871603	481.0	0.40995446696420756
1149.010197962226	531.0	0.3678609800772897
1147.5752539619682	372.0	0.5103894999209951
1147.8874426750212	463.0	0.425161575248054
1147.5851524424347	205.0	0.6968767554045369
1146.1690533315768	180.0	0.7285413959135791
1147.268371931785	148.0	0.7714759300742127
1147.5630792906684	385.0	0.49757369833260834
1147.8957997454695	205.0	0.6969463575264729
1146.1379197335523	188.0	0.7181700673982095
1145.974457072222	156.0	0.7603639623609812
1146.5786465874482	190.0	0.715692001387112
1146.4686063572299	188.0	0.7182399059754675
1144.0708044127264	574.0	0.331808679216564
1146.1538272788505	155.0	0.7617499226449542
1145.1183067212592	170.0	0.7414681262800918
1145.0240125374332	154.0	0.7628989171659947
1145.6734941241175	209.0	0.691438563009411
1144.4121337383028	206.0	0.6949079546112538
1146.0106357322388	180.0	0.728508964936617
1147.8427021144375	331.0	0.552352661271224
1148.2237635200831	470.0	0.4191161808455707
1148.2409491024962	262.0	0.6284322900044256
1149.637676632783	306.0	0.5795657052408169
1151.067213721941	523.0	0.37517443061653655
1152.0726153266692	297.0	0.5900826544388925
1153.4912020490976	306.0	0.5806757867805138
1152.2329156334883	343.0	0.5412086017987633
1152.6555773382242	256.0	0.6365328698960835
1152.770541082699	273.0	0.6170491784846532
1151.4765686009218	262.0	0.6292828536106104
1153.660265405829	273.0	0.6172880024490733
1152.4807779213704	291.0	0.596807931978085
1153.9220873574236	350.0	0.5345503561092142
1152.7142191419834	344.0	0.540326408875565
1152.6043155086097	333.0	0.5516975865999763
1151.5073061561202	189.0	0.7180172026932788
1151.5298569827448	203.0	0.7002650049336108
1150.093457144607	163.0	0.751731304252399
1150.176798416363	220.0	0.6788735581360393
1150.1066118824165	175.0	0.7358703089536336
1148.6243193132173	164.0	0.7501189067016418
1147.2864814333554	871.0	0.1368916077945194
1147.6028122715475	155.0	0.7620149464751994
1148.610591973157	230.0	0.666330722628775
1149.4788799432245	269.0	0.6207204720442974
1148.3315830002687	284.0	0.6034437788418903
1147.9624344982694	218.0	0.680811134341226
1148.6084677718452	236.0	0.6591094081928034
1148.3129295263782	248.0	0.6447787673439073
1147.078889285317	318.0	0.5658936835065255
1145.9744378598896	265.0	0.6243730674498377
1146.054257598848	270.0	0.618658679847721
1144.9073350631095	287.0	0.5991360712076375
1144.4892098365	301.0	0.5835320001675471
1145.8072389419399	264.0	0.625480714373219
1147.5128030532194	301.0	0.5844013261525296
1148.2391049175776	244.0	0.6494854955041001
1151.0671992083585	214.0	0.6864623219661204
1151.072085878015	320.0	0.5649431417101403
1151.8030439866716	301.0	0.5856286215177265
1150.694682580569	285.0	0.6029796537412386
1152.1669182590265	270.0	0.6202977350499395
1152.4430461893521	287.0	0.6012346570296377
1153.2175245592493	386.0	0.4984464588778249
1153.1840623992878	283.0	0.6059000967783746
1153.074525764397	408.0	0.47728312355847535
1155.152311335453	374.0	0.5108400945705991
1155.2089718100206	140.0	0.7838186685746105
1153.9174887552501	293.0	0.5950010940125395
1153.5590454636024	169.0	0.7444348506334404
1153.6072580227803	381.0	0.5034560171559618
1153.2110773410993	406.0	0.4792238127343912
1153.436835367316	354.0	0.5303285793547149
1154.6760864335836	265.0	0.6266754049992974
1154.3482015709676	203.0	0.7008873629256637
1153.3043488822982	367.0	0.5172019335867688
1153.2768403765128	265.0	0.6263070897644357
1154.6124354922142	277.0	0.613023758200644
1155.3808005175463	241.0	0.6548219512747853
1155.4787255127776	252.0	0.6419128823305085
1155.3114509060338	257.0	0.6360576134462014
1155.8112377850066	359.0	0.5260135506719128
1156.0839324153956	287.0	0.6022407379733942
1156.0909601627347	181.0	0.7292629964711289
1155.1259198985754	170.0	0.7434206101515066
1155.507121830312	202.0	0.7023956681307931
1154.6658475428876	155.0	0.7632984012054659
1153.4661333842373	212.0	0.68948332760979
1153.5795470479652	165.0	0.749730685009635
1153.1984766098365	182.0	0.7273813546251028
1153.239116772163	165.0	0.7496660539037583
1152.8685907964461	271.0	0.6193468951395084
1152.899155391655	305.0	0.5815897157604653
1152.9180986316198	409.0	0.4762849596808941
1152.7573258525163	256.0	0.6365591215718004
1153.6431100982568	354.0	0.530392839487153
1153.4409923727212	419.0	0.4670706220043862
1154.2026302684394	285.0	0.6039473608426605
1155.026037413457	255.0	0.6383045514992469
1155.200280452384	224.0	0.6751740799725955
1154.8457536192893	304.0	0.583232155632906
1154.0746189947547	575.0	0.3349043544062984
1154.7184206261281	453.0	0.4364684833012257
1154.4788100665119	247.0	0.6475151843526228
1154.006293338369	188.0	0.719822476342742
1152.8912824305664	231.0	0.6661587468138562
1153.2425369319783	286.0	0.6025687225592097
1154.078404630312	160.0	0.756483327880253
1152.9591734694386	650.0	0.27896315172882874
1152.6226040696556	331.0	0.5537948814044091
1152.2173695021133	210.0	0.6916791626629245
1152.1396875466776	198.0	0.7066970153884101
1151.8797450097015	230.0	0.6671200937265561
1152.1070157196525	267.0	0.6237070255556451
1151.306435776888	341.0	0.5429893059162786
1152.0049109206948	472.0	0.41872096959065264
1152.043356837431	300.0	0.5867891980120982
1152.6497543253126	277.0	0.6124925015208034
1152.4294059067176	340.0	0.5443670586302408
1152.9819862111326	315.0	0.5708394204304696
1153.5370523225972	411.0	0.4746049645933799
1154.3113812177246	338.0	0.5470114290434583
1155.4252287070974	279.0	0.6109940143042891
1155.000449159102	358.0	0.5267681510617266
1155.0642415042817	821.0	0.1690553548248891
1155.0608263677716	445.0	0.4437711458630293
1155.0146732465766	272.0	0.6187845786039783
1154.7377407397698	268.0	0.6232615578741165
1154.778418581426	562.0	0.3452853391943491
1155.234483940419	251.0	0.6430182834136292
1154.7714015054546	264.0	0.6278470235305416
1153.7854287899838	394.0	0.49088550302735645
1154.2371487025368	236.0	0.6604895787452506
1153.5876142345392	204.0	0.6994669104799941
1153.1909903391675	180.0	0.7299711724661333
1154.0054846443531	359.0	0.5254478537671838
1153.7353513801554	206.0	0.6969998613466858
1152.99794019959	172.0	0.7403769548893171
1152.9312120501554	174.0	0.7377407382992162
1153.0171776477375	179.0	0.7312346972640349
1152.67200672124	169.0	0.7442633283589782
1151.7233173698498	214.0	0.6866129511325507
1151.628685548822	234.0	0.6622471771254982
1151.2412386035046	186.0	0.7218153394757078
1151.346602412175	196.0	0.709057788620837
1151.3809308735006	179.0	0.730904140541954
1151.146542412499	156.0	0.7613121483501262
1150.9564776780317	224.0	0.6741715048635114
1152.1287142708306	332.0	0.5525994520453499
1152.079572011776	213.0	0.6879302798647953
1151.6883306165341	374.0	0.5097294873470445
1151.5156811680156	274.0	0.6155777118137425
1152.1336994579203	214.0	0.6867070915754221
1152.7016822601183	214.0	0.6868372918863938
1152.0366351136822	288.0	0.600010176161575
1152.8038767952619	327.0	0.5580495427432347
1153.7413340018115	415.0	0.470913411911768
1154.4581125700995	422.0	0.46462262887275396
1154.4549052392513	297.0	0.5907554565726671
1155.233104310816	300.0	0.587694921024935
1155.6860128660526	246.0	0.6489941431362373
1156.4003313937053	370.0	0.5151992666797113
1157.3022262893287	378.0	0.5075888075618987
1157.0501403344344	210.0	0.6927691328883874
1156.4757510074676	219.0	0.6815647242932587
1156.263683676364	171.0	0.7423270114249639
1156.3214693066616	165.0	0.7502500279714964
1156.328479600419	198.0	0.7076041699153843
1155.452211193507	168.0	0.7461185245993955
1155.7564554081848	151.0	0.7688934317101453
1155.4479051205892	162.0	0.754069972147898
1156.3331385011788	333.0	0.5528199952159509
1156.3985611437706	365.0	0.5201783289112657
1157.2779846789385	287.0	0.6025695841873546
1157.4105667654924	253.0	0.641239216492532
1157.9801400942367	335.0	0.5512331463714516
1158.523187946453	278.0	0.6129543855154775
1158.1264602519373	259.0	0.6344715771463968
1157.713281729428	345.0	0.5408305706821867
1157.43253681121	201.0	0.7040706924293374
1156.844426521275	172.0	0.7411284623433738
1157.4428740255619	158.0	0.7597767214071666
1157.4685831802562	196.0	0.7103737723420854
1156.743868842023	205.0	0.6989154793488082
1156.4361479130623	169.0	0.7449896017003982
1155.8943259024145	174.0	0.7383250734874286
1155.234963359748	154.0	0.7647481096826096
1156.5078100289325	282.0	0.6079270504699892
1157.707131554686	528.0	0.3735566634127736
1157.2382160304883	280.0	0.6103638257360945
1157.1240596553673	362.0	0.5234095626368733
1157.505016408438	364.0	0.5215263885764454
1156.7840126333676	598.0	0.31843463845719233
1156.8098668231607	311.0	0.5762393930855504
1156.3276309227172	290.0	0.5989843603900619
1156.2295844581097	210.0	0.6925846103921213
1156.2433642704134	223.0	0.6766342970691591
1156.2685211447158	200.0	0.705073151987342
1156.4191763289198	469.0	0.42291809173894823
1156.6326422398124	181.0	0.729372632987002
1156.6260393176804	332.0	0.5539511049367725
1155.8601185186278	223.0	0.6765444195462277
1155.1565776571024	372.0	0.512820092657812
1154.7823176099175	194.0	0.7123331208200093
1155.4022171673857	187.0	0.7213949774388927
1155.9045856821967	336.0	0.5495690498915402
1155.1959045943536	254.0	0.6395107320821861
1155.386935594282	166.0	0.7487488402852371
1154.6776071818342	260.0	0.6324250858569204
1154.7422009940674	176.0	0.7354859568314169
1154.7805199289226	222.0	0.6775085109259668
1155.8012504848102	283.0	0.606616966860931
1156.8318452660615	439.0	0.4498167193463811
1156.7257778121473	299.0	0.5892083460260272
1156.7511731468883	285.0	0.60464745192066
1156.7235261748924	265.0	0.6272130338688632
1157.2270319868287	429.0	0.459093822827296
1157.2554762937627	357.0	0.5284811505205445
1158.2222824139426	295.0	0.5940056747409949
1158.6016639081865	263.0	0.6299948056096455
1158.6006414726307	332.0	0.5545419869509751
1158.2700012388475	282.0	0.6084067574032122
1158.1552769315938	449.0	0.4412487624005592
1158.4303392841919	308.0	0.5799323135249044
1158.3759923030173	315.0	0.5724105704917493
1158.5098515319098	470.0	0.4227851927848278
1158.9385565449056	303.0	0.5854818950584358
1158.6789280536047	182.0	0.7284957700286566
1158.431377911917	208.0	0.6955573424874789
1158.1562352269466	178.0	0.7335640918222911
1157.9726262393801	169.0	0.7452848737672255
1157.9093312043397	210.0	0.6929621061724741
1157.4182007823613	245.0	0.6506035077649123
1156.9180607020344	216.0	0.6853417459020831
1157.0750161416522	213.0	0.689068120372209
1156.7695165310936	196.0	0.7102241030643524
1156.5485472992762	234.0	0.6634421711424964
1156.6942691854779	177.0	0.734571851901113
1156.5631845442151	185.0	0.7242023303392121
1156.6403190697336	167.0	0.7476655892178184
1157.084445771452	174.0	0.7385590365017669
1156.9346560075376	155.0	0.76370774368947
1156.976643292586	156.0	0.7623720105046276
1156.8061204268636	255.0	0.63876059706711
1156.9314481832946	221.0	0.6792293255352102
1157.5966150076565	216.0	0.6854971865247411
1158.6789231698976	217.0	0.684519408787656
1158.5011529488845	324.0	0.5629008458367503
1158.4130191926959	213.0	0.6893714774191281
1158.9043728093382	275.0	0.6164318831649649
1158.790440227514	686.0	0.2562840905491714
1159.290770774213	340.0	0.5464522204396299
1159.7211011317884	305.0	0.5835384637193705
1159.7084469499034	252.0	0.642985772955508
1159.7135649802055	294.0	0.5955186673875424
1160.3202604462942	282.0	0.6089634074574515
1160.4665709533394	379.0	0.507621656551726
1161.0330791536567	378.0	0.5087824880179063
1161.57039959527	272.0	0.6205278790957293
1161.2251633795795	193.0	0.714966158923893
1160.7896746651254	218.0	0.683780631657331
1160.3460806620383	155.0	0.7643205810565299
1159.8556592516811	325.0	0.562247013068207
1159.4045282292113	250.0	0.6452402486401796
1159.7172559420223	204.0	0.7008177477976081
1159.6342177859394	184.0	0.7261159360719498
1159.5566810594196	248.0	0.6476163221884054
1159.6660577659638	300.0	0.5889470767592506
1160.2380937862702	301.0	0.5880205953020738
1160.3682690041082	335.0	0.5519498347746743
1160.0880295866002	308.0	0.5804066325822029
1159.6313445345281	321.0	0.56640118259699
1159.8908224638271	340.0	0.5466336683872872
1159.9827734376433	394.0	0.49291587173979695
1160.4338655552149	347.0	0.539614960325714
1159.9460395129038	163.0	0.7535802744305201
1159.8458410182825	472.0	0.42151398356909875
1160.1212253804804	211.0	0.692222691773372
1159.9975255260633	239.0	0.6583267723649059
1160.1840656550348	248.0	0.6477733187747162
1159.875168418472	187.0	0.7223202203370054
1159.7404386808057	230.0	0.6690029395441285
1159.693037432269	164.0	0.752208411826157
1160.0702774703907	418.0	0.4702390559309639
1160.142908911323	282.0	0.6089153186449706
1160.682742871305	268.0	0.6248292333098597
1160.6184198287337	391.0	0.49601010789346234
1160.584844126975	302.0	0.5870325045241864
1160.7439221669663	282.0	0.6090782353441588
1160.7747137351512	288.0	0.602422657892069
1160.479198253783	410.0	0.477866372944157
1160.1847113974936	152.0	0.7683252995104355
1159.974145209081	370.0	0.5163316959850494
1159.675136048664	302.0	0.5867754844398675
1159.2036223602886	161.0	0.7560982301924597
1158.7264525868663	170.0	0.74411587927819
1158.8103236395827	241.0	0.6556676344929548
1158.5363923511625	190.0	0.7182130180873554
1158.9167252477503	146.0	0.7762309315603559
1158.4850683940065	304.0	0.5842692598101799
1159.1715218274362	197.0	0.7094762766666222
1158.5324364316225	171.0	0.742766712094738
1158.6027012343077	247.0	0.6485493378988232
1158.4957639455527	200.0	0.7055566821656784
1158.4702799642673	181.0	0.729743910398925
1158.0003811935962	221.0	0.6794779711246881
1158.1252536824315	227.0	0.672231808067165
1158.3975015743608	285.0	0.6050983880890175
1158.205699688923	452.0	0.4385810457790303
1158.2733502120284	395.0	0.491396668917186
1158.7907220083043	459.0	0.4325594852834817
1158.8734432276456	282.0	0.608570757792159
1158.5283977043343	399.0	0.48764979105601874
1158.6001091939534	395.0	0.4915036402708083
1158.9488662521094	978.0	0.08467627331180216
1158.5925995641708	349.0	0.5370101974487109
1158.8552170388264	362.0	0.5239520554693822
1159.216449196626	332.0	0.5547259417922049
1159.4544861741276	284.0	0.6064995429779829
1160.19376289079	259.0	0.6350040328919757
1159.7456307956602	444.0	0.4462962311801031
1159.7161021343322	278.0	0.6132755283365043
1159.74972123411	306.0	0.5824662347643379
1159.486533925214	155.0	0.7641664695686894
1159.0913014133394	207.0	0.6969455851364537
1158.690527089733	204.0	0.7005923268055908
1158.2350791623026	209.0	0.6942734966571321
1158.0340429161415	173.0	0.7400517275711791
1157.9025220817364	169.0	0.7452714164189528
1158.5479315514078	146.0	0.7761676723884382
1158.5785270264798	190.0	0.7182218221745877
1158.1279699719744	450.0	0.4403430468187897
1158.7347082660363	148.0	0.7734811831907523
1158.8604327838318	245.0	0.6509624542745049
1158.6527214526668	211.0	0.6918927014196542
1158.4265417322952	213.0	0.6893745402783987
1158.3127595855894	174.0	0.7388000696561339
1158.4145879935782	219.0	0.6820129510621663
1158.4279403300065	175.0	0.7375186244309689
1158.2376455870085	272.0	0.6196436293796982
1158.0390493108416	276.0	0.6150732434620414
1158.760307060245	788.0	0.19044990064550935
1158.8777968893924	240.0	0.6568678114218771
1159.022912133812	318.0	0.5694041068860677
1159.0868357715735	212.0	0.6907562752862435
1159.9334674447553	367.0	0.5192979814449209
1160.012258003266	491.0	0.40521338031273574
1160.818935850364	338.0	0.5489782095550672
1160.901063962205	296.0	0.5936580632387006
1160.9702903227287	282.0	0.60913956178969
1160.71077053841	419.0	0.46952314586398247
1161.4809394849524	264.0	0.6295986951668576
1162.2411350100278	246.0	0.6506280154950193
1162.5875086065155	244.0	0.6530610452502497
1162.5117988572074	333.0	0.5546675054593868
1162.3793533140104	273.0	0.6196127534234119
1162.9328789707533	395.0	0.4929178203608408
1162.5240660829177	261.0	0.6333044080973096
1162.3869773564543	155.0	0.7646856957535255
1162.1841046095633	280.0	0.6117000608936772
1161.9043992435738	184.0	0.7265779053795919
1161.354886703015	578.0	0.3353857750149981
1161.7987545431765	152.0	0.7686099191761645
1162.2069949748636	312.0	0.5767215851457551
1162.6111010165064	314.0	0.5747018293661197
1162.97445254499	395.0	0.49293135153178197
1163.0480682064237	308.0	0.5812509371287518
1163.1104803182377	322.0	0.5663622279050915
1163.138075539453	323.0	0.5653162982413269
1163.177884678362	425.0	0.4647954689457585
1163.4115047061011	244.0	0.653264167325458
1163.274474879658	155.0	0.7648441156168945
1162.8878271793997	242.0	0.6554885090208737
1162.9475142217502	215.0	0.6879416700839587
1162.5684199598227	329.0	0.5588536260256005
1163.078595030641	223.0	0.6782289246807534
1163.567593070214	201.0	0.7054011819996996
1163.6189199487835	176.0	0.7372387066513978
1163.5192550480033	385.0	0.5027507746578648
1163.8795484979812	401.0	0.48750049115934585
1163.5000166813816	333.0	0.5549615819738427
1163.237023530719	266.0	0.6277734264917287
1162.9814840786125	380.0	0.5074471030001815
1163.3334792581188	635.0	0.2937906041075744
1163.6420950016666	312.0	0.5771332343299035
1163.7362012551807	351.0	0.5365529658442901
1163.676906892173	280.0	0.6121015738864167
1163.5415240613293	180.0	0.7320514524093213
1163.3910855031747	155.0	0.7648649149643741
1163.7444178018286	188.0	0.7218409079051783
1163.6957463569315	219.0	0.6832274915475628
1163.3348177586856	239.0	0.6591398901697566
1163.4766092495397	222.0	0.679532662597243
1163.9047537094946	144.0	0.7798004792144297
1163.6568332176778	175.0	0.7385438961539392
1163.3899219395894	439.0	0.4520684460263968
1163.1557190349724	210.0	0.6941351995422864
1163.084802585585	141.0	0.7837563941847311
1163.0679686146004	164.0	0.7528385826820782
1163.4803925396898	190.0	0.7192423310344654
1163.4014182197495	155.0	0.7648667577902062
1163.023599412029	216.0	0.6867348751796627
1163.2912889821596	219.0	0.6831348041536758
1163.4186481130907	296.0	0.5943590272980219
1163.1869882615024	283.0	0.608625990557139
1163.6662318716058	305.0	0.5846571625585468
1163.9488732948014	272.0	0.6211564282565397
1163.9878405894865	334.0	0.5540684764589748
1164.2644839446875	289.0	0.6022747363706996
1164.5228500692795	279.0	0.6134456756446773
1164.8480249295014	328.0	0.5605714787806487
1164.863417235888	351.0	0.5368975911562883
1164.9683071863808	403.0	0.4859589978280137
1164.7425525266858	291.0	0.6002040340238449
1164.967476433875	294.0	0.5969752516778258
1165.061588758053	284.0	0.6080221817991769
1165.1457279641922	259.0	0.6362731777874461
1164.780268639944	284.0	0.6079460686379894
1164.7350175172537	364.0	0.5237892822117005
1164.5005288888792	185.0	0.72582448685319
1164.4752844324375	156.0	0.7637214390316265
1164.1079371952444	161.0	0.7570009272742317
1163.7515865093585	204.0	0.7017002180628007
1163.7044195626934	181.0	0.7307958576370822
1163.5186745718456	161.0	0.7568928198735383
1163.584555616869	190.0	0.7192639363214198
1163.9654012695887	209.0	0.6955495021116533
1163.4938612626709	316.0	0.5728268859050074
1163.2548875617408	234.0	0.6650575323327896
1163.3042064526492	287.0	0.6042209645078759
1163.2347188405413	216.0	0.6867828266655277
1163.2772680744256	279.0	0.6131118389288753
1163.0477276572099	188.0	0.7216974705608629
1162.6879616757958	333.0	0.5547199569261749
1162.778775448534	179.0	0.7331899963313053
1162.801226413477	316.0	0.5726268083150136
1162.7246168989243	231.0	0.6685141423217718
1162.896175356563	245.0	0.651962972428771
1162.814652040506	396.0	0.49192163483755874
1163.1348806684139	213.0	0.6904373212362119
1163.155130839742	223.0	0.6782466910974024
1163.3491788724202	293.0	0.597623970610049
1163.102573935998	372.0	0.5153418327660109
1163.4537641724353	273.0	0.6198972681069483
1163.8416520611506	331.0	0.5571437288443184
1163.9056311194113	308.0	0.5814949090645705
1163.941379071419	307.0	0.5825802382501415
1164.288166706758	369.0	0.5186814742168796
1164.4729649968353	290.0	0.6012301266794176
1165.07439551858	334.0	0.5543916953041438
1164.756172331198	327.0	0.5615905520417719
1164.3154563177468	150.0	0.7717442958173106
1163.9918122058466	224.0	0.677231525387731
1163.772518306178	235.0	0.6639911108854646
1163.5566043608767	177.0	0.735930583722891
1163.212956341913	144.0	0.7796839462133734
1163.436388609357	322.0	0.5664573690678851
1163.089151350523	190.0	0.7191611508962874
1163.2373424329194	191.0	0.7179224143134851
1163.0149675588902	298.0	0.5920644119096086
1163.092056446438	261.0	0.6334506623802426
1163.1257216599215	286.0	0.6052792442709564
1162.893383670444	499.0	0.39948012922716775
1162.9029708161922	356.0	0.5312406297965154
1162.556746596247	277.0	0.6151593180957245
1162.4835227867627	283.0	0.6084355227316581
1162.4399991125636	390.0	0.4975651230025772
1162.6569333498019	152.0	0.7687609654745478
1162.6634760529475	214.0	0.6891033956772608
1162.4362093006746	185.0	0.7254044403393081
1162.5030251929618	288.0	0.6028963814650616
1162.3953015717743	241.0	0.6565472326577054
1162.1679924882126	226.0	0.6743909941405467
1161.9513124617429	344.0	0.5431459209160336
1162.1209654285042	208.0	0.6963771736243037
1162.3128436367406	266.0	0.6275325798755456
1162.3553887091093	253.0	0.6424926177293867
1162.632331946028	327.0	0.5609654906283978
1162.5588104769618	271.0	0.621919940752434
1162.735013609028	276.0	0.61632962652704
1162.4752387978583	266.0	0.6275749235613578
1162.810038026913	314.0	0.5747591201106425
1162.8207765650202	294.0	0.5963813741135531
1162.7776048319213	130.0	0.7988826546590714
1162.7752731459173	140.0	0.7850742136639873
1162.6445758096042	178.0	0.7344560919250246
1162.7553145661993	369.0	0.518199811039007
1162.4468957866109	178.0	0.7344169313092486
1162.2885353544552	146.0	0.776807644407823
1162.338274425225	223.0	0.6780569711863013
1162.240336968671	186.0	0.7240848016486514
1162.0184881852033	156.0	0.7632810140397979
1161.7104451014354	190.0	0.7188747032494197
1161.4083252260016	215.0	0.6875927062346158
1161.1035000532129	212.0	0.6912104586554703
1161.3805428849753	219.0	0.682696193989676
1161.5387293741835	210.0	0.6937745970967653
1161.202055977502	161.0	0.7564668739212133
1160.8956400478824	179.0	0.7328150123787204
1161.1737713481268	349.0	0.5378015343380663
1161.3109852402674	323.0	0.5647812308716215
1161.3812450289838	310.0	0.5786272238451788
1161.343056731096	362.0	0.5247295106634657
1161.3479077856557	270.0	0.6227332313389842
1161.674651827482	273.0	0.619425910045523
1161.6040326295638	272.0	0.6205367816926566
1161.6410259922907	267.0	0.6262182099739857
1161.5667269236408	301.0	0.5883948479627693
1162.0466058109923	464.0	0.42929065090532315
1161.7914598439072	345.0	0.5420733270737551
1162.012013089865	333.0	0.5545186298379484
1162.0789309237537	316.0	0.5724179630887374
1161.9945564753098	286.0	0.6049708906417748
1162.066884864363	357.0	0.5299746132878456
1162.3468505642718	304.0	0.5853641314358655
1162.3059164079573	179.0	0.7330959361166983
1162.0832058613275	190.0	0.7189522077097867
1161.7930504057701	171.0	0.7433960209382261
1161.8147736795602	214.0	0.6889116120948959
1161.8408634870134	203.0	0.7025294223952849
1161.8583382180943	210.0	0.6938459399929459
1161.6712883830755	202.0	0.703740920967084
1161.7269410690124	216.0	0.686440043289855
1161.4376228088652	205.0	0.6999497136523516
1161.1458737139667	180.0	0.7315728236160691
1160.82488349979	151.0	0.7697863458769737
1160.433432804238	293.0	0.5968167603869011
1160.3987588362731	130.0	0.7985118954744833
1160.6252229655572	206.0	0.6985274433132692
1160.4418408194667	193.0	0.7148011917776319
1160.5650839723696	169.0	0.7457815310626613
1160.6221081335054	293.0	0.5968690922344035
1160.4713403745523	228.0	0.6715812658567443
1160.262673372704	298.0	0.5912944828920587
1160.4167650915253	256.0	0.6385244706088212
1160.1680034216492	424.0	0.4647032397015959
1160.4170498066185	464.0	0.4287181360781239
1160.2380822728228	291.0	0.5989631149366518
1160.281514196098	285.0	0.6056131664307294
1160.3567963007515	296.0	0.5935062056882479
1160.3672922785845	272.0	0.6202091440285442
1160.4827438272225	342.0	0.5447535069469946
1160.4886335038495	254.0	0.6408596096374235
1160.2686676845613	396.0	0.49109044187187234
1160.247220548058	264.0	0.6292778441956006
1160.419031292123	349.0	0.5375704257534873
1160.6365108562443	353.0	0.5335736189393152
1160.9568267141055	226.0	0.6741066547321078
1161.1759507039283	136.0	0.7903137196982446
1161.5819084349205	327.0	0.5606556842494419
1161.789342384543	148.0	0.7740094605892
1161.4766479231769	161.0	0.7565174398310396
1161.3897673816296	181.0	0.7303316750498691
1161.2654906412356	413.0	0.4753108640756962
1161.340173578837	205.0	0.6999283136599195
1161.8564264851764	517.0	0.3841045704159683
1162.31975136892	319.0	0.5693029817428612
1162.2868049472995	290.0	0.6006298494042662
1162.604774803416	407.0	0.48139811176227537
1162.5843425533499	345.0	0.5423141641074835
1162.8174532121525	473.0	0.4216958633480778
1163.0663809773241	375.0	0.5123747523020222
1163.3683945752766	248.0	0.6485680125001939
1163.5192259513367	175.0	0.7385170170034415
1163.493411128058	168.0	0.7476517741718778
1163.7728920715565	159.0	0.7595959201265537
1163.6981402269403	218.0	0.6844462713625799
1163.6194094912953	369.0	0.5184714512750718
1163.357594700699	207.0	0.6978890753764005
1163.235459711838	171.0	0.7436734292207587
1163.5105992518972	171.0	0.743726276740163
1163.4393108795546	307.0	0.5824377140510946
1163.6024951816164	260.0	0.6347294966396776
1163.804163248854	276.0	0.6166145271073279
1163.7282523230954	272.0	0.6210982133145496
1163.655674428478	296.0	0.5944248973431387
1163.863586174373	352.0	0.5355782628325387
1164.1495992261173	429.0	0.4614441729660673
1164.2158707996473	311.0	0.5783667920662743
1163.9191265200511	226.0	0.6748012230526858
1163.6602536663115	240.0	0.6580369083285953
1163.9274095180965	197.0	0.7104915388988197
1163.7566929942261	185.0	0.7256732797532194
1163.6809055674894	180.0	0.7320792470084571
1163.5969951605962	173.0	0.7411336391950911
1163.470593093428	459.0	0.4341962166169516
1163.5786109387059	156.0	0.7635608841991965
1163.9225185781015	174.0	0.7398952516548996
1163.6304288660428	212.0	0.691777681633932
1163.6028796714309	210.0	0.6942347703140627
1163.668141238592	452.0	0.44047915724389913
1163.590759730795	189.0	0.7205363135297235
1163.7738927237408	204.0	0.7017050828572828
1163.8199145000517	161.0	0.7569480980201649
1163.9185208525867	190.0	0.7193331842741119
1163.899818732876	374.0	0.5136224148746563
1164.315537299608	273.0	0.6201251667912733
1164.3755775099703	362.0	0.5256737524711406
1164.576589597128	269.0	0.6247148538110602
1164.6212229409523	290.0	0.6012707701133657
1164.6813569842698	258.0	0.6373045886439451
1164.7360201285076	395.0	0.49350403542330745
1164.5369017561345	262.0	0.6326768698693099
1164.4591474992205	338.0	0.5500709612469841
1164.8570283819242	425.0	0.4653607306657713
1164.8782396284473	303.0	0.5871592182241273
1164.7568824240875	279.0	0.6135083359304162
1164.6051401898635	433.0	0.4579386494105281
1164.4506338430422	272.0	0.6212887605161921
1164.502787270322	282.0	0.6100940800367778
1164.3466376436804	290.0	0.6011954887593298
1164.1938534213905	315.0	0.5740923351305148
1163.9112123585942	326.0	0.5623900306328619
1163.7946545051645	447.0	0.4449944333378506
1163.7126957656988	168.0	0.7476933267450686
1163.591739649722	168.0	0.7476704082826576
1163.5801379640382	218.0	0.684419319575258
1163.8754522653073	223.0	0.6784138047353074
1163.7192285830208	193.0	0.7154901383662524
1163.5465452893282	257.0	0.6381674351294757
1163.611337703971	164.0	0.7529397417114126
1163.3328395874703	150.0	0.7715735181842915
1163.4252938542793	171.0	0.7437098940082391
1163.267418079653	203.0	0.7028400189981473
1163.3060644342618	431.0	0.4593258978125508
1163.283546183459	314.0	0.5748954209755947
1163.0906100561301	170.0	0.7449535707211349
1163.3431457930028	296.0	0.5943380405721446
1163.5634820268804	215.0	0.6880811035500681
1163.36806839558	288.0	0.6031330628372297
1163.645185490978	227.0	0.6735328286922363
1163.8284466873463	223.0	0.6784029047966676
1164.0402020006532	240.0	0.6581294472081102
1164.0354769177393	472.0	0.422995397521282
1164.0620612252378	227.0	0.6736306649035343
1164.3004733219354	310.0	0.5794615743404067
1164.0694606958712	323.0	0.5655885504516341
1164.508788690597	306.0	0.5838175162863524
1164.6033631685132	295.0	0.5957805970525956
1164.5820931243486	404.0	0.4848851051266297
1164.7309360234249	261.0	0.6338720113235844
1164.5406243970674	293.0	0.5979528870816844
1164.5570021147826	311.0	0.5784642686737662
1164.609018294058	500.0	0.39925833092936713
1164.7436374653157	225.0	0.6761992731114549
1164.5103435494063	260.0	0.634962285563801
1164.6351369110882	144.0	0.7799233782765476
1164.7159372428212	189.0	0.7207685973100894
1164.4518987074555	316.0	0.5731033203093036
1164.2938256031698	152.0	0.769048525422736
1164.2396397519642	244.0	0.6534680701887128
1164.1228264895342	371.0	0.5166510541069994
1164.2419718997523	332.0	0.5562215119811599
1164.4281192952894	300.0	0.5902837482465637
1164.45265443998	312.0	0.5773653844412073
1164.4373229411935	303.0	0.5870351731374867
1164.4182735561644	376.0	0.5118209041600403
1164.6323664117908	254.0	0.6419086353676627
1164.913687403293	287.0	0.6046596950080532

Average Payoff: 0.6166