518.0	518.0	0.0
674.3485354487499	192.0	0.5567603749672223
646.7999931260416	557.0	0.07459710387009388
758.6421023798438	162.0	0.6480717108608594
757.4415410266746	174.0	0.6263855704605793
906.5678295	171.0	0.6826185873062945
976.5549754223708	568.0	0.2645130681157194
963.7986830313282	210.0	0.6421873647742111
1012.2552209344443	275.0	0.5727343023703224
1102.880371447862	276.0	0.599675206471766
1120.1533880736256	362.0	0.5115215430293673
1110.1399545865625	259.0	0.6216602997635696
1093.704228671204	341.0	0.5246406985001671
1107.5783010781213	283.0	0.5929750956410166
1095.055259407841	335.0	0.5314866362035308
1106.1470734752343	746.0	0.19444842077226646
1092.8694339745634	372.0	0.49210490522603184
1095.646585459942	203.0	0.6873668290159121
1109.4870573402281	258.0	0.6226655329348245
1107.559984129006	285.0	0.5906819049116123
1108.971266941044	232.0	0.6539821460466835
1104.062010750807	168.0	0.7358619334904253
1098.0587182799786	149.0	0.7610377156810866
1096.1600008044568	318.0	0.5502630539414167
1121.1947628276073	389.0	0.48483465897914074
1122.068022486212	308.0	0.5692512591610381
1125.4403715281048	172.0	0.7348625743818638
1135.2576930762737	219.0	0.6765755865820057
1140.969908102844	344.0	0.5366909482502783
1142.5943853901874	310.0	0.5731774773220956
1148.4278684243163	179.0	0.7303054964297584
1149.8840703374779	170.0	0.7424016187171149
1150.6562256829236	637.0	0.28733501346809326
1141.4345190093736	326.0	0.5556871590834949
1137.7466029676614	734.0	0.21570580244543763
1137.493012442769	672.0	0.2572505167148258
1138.7190855667247	485.0	0.40260602426715825
1137.4352390061754	464.0	0.42051980785941634
1140.1593022250463	251.0	0.6391498808245096
1136.2857690559308	305.0	0.576766791779564
1131.0980939522162	540.0	0.3537183700295204
1136.4638447577743	643.0	0.27731040797007367
1143.0457462136678	380.0	0.500999886648592
1139.1179420828057	287.0	0.5975087452011936
1145.4610310444525	299.0	0.5860047539201514
1144.4587974847075	268.0	0.6205199040464023
1146.6098241529342	682.0	0.25407816255616755
1146.7530409591889	309.0	0.575477445272721
1146.972359618968	191.0	0.7144933546244654
1145.4225237018202	898.0	0.12108240994309628
1145.1329250819779	162.0	0.7521292641452819
1144.1268974474285	202.0	0.6998797061658314
1143.492942182628	168.0	0.7438034249419458
1138.3782795949496	414.0	0.4666248485413982
1135.6405774127786	199.0	0.7017923726165068
1133.3763907214527	207.0	0.691131533749885
1135.4141512935262	506.0	0.38345846524931726
1129.3387628101489	175.0	0.7316648021362655
1131.4152897091656	184.0	0.720240442026971
1133.2737214012031	774.0	0.18837029911850203
1134.5520796846365	200.0	0.7002739675063692
1137.1192588334834	159.0	0.7546522067065015
1134.770917069467	201.0	0.6990501927666285
1135.326811247448	170.0	0.7395288313467829
1137.0861511446144	298.0	0.5846939227135356
1136.2901253596774	257.0	0.6310890383527903
1140.885740280625	268.0	0.6195575094022612
1140.9103377990448	300.0	0.5835965748455346
1141.599902004199	269.0	0.6186019868315583
1143.5922469861778	321.0	0.56165273896465
1145.821822055374	378.0	0.5038790040555491
1146.938454145541	267.0	0.6223315106577944
1149.2646452090962	654.0	0.27464889666911213
1148.977095649408	278.0	0.6103651546369299
1153.389295358104	322.0	0.5635050342128927
1152.2181963769888	369.0	0.5148624952306917
1151.138667849612	407.0	0.4775817988501615
1151.217410356249	977.0	0.08186072038903498
1152.0469621104287	593.0	0.32036213021701565
1150.414870123031	309.0	0.5765426181056373
1148.1828369695859	235.0	0.6602039965810141
1148.0544984966148	232.0	0.6637813937743284
1147.1746874745404	179.0	0.7300506461318862
1146.0441631970582	190.0	0.7155782642014713
1147.2456529370304	187.0	0.7196917980008207
1149.9351044042457	242.0	0.6522826398525569
1148.7007301656859	189.0	0.7174255859506173
1150.5853793120284	273.0	0.616461360214402
1151.739270813816	605.0	0.3112239134726788
1154.8931837305968	487.0	0.40678235974709137
1153.003830306834	542.0	0.36047342158290496
1152.3175389245362	467.0	0.4232138060949351
1150.7388674164604	282.0	0.606348363385287
1149.3431448823753	258.0	0.6333516798114458
1150.4610609582428	246.0	0.6476808313850207
1149.3348508323134	396.0	0.48748971811938957
1148.8947125878233	339.0	0.5443225960385413
1149.2716485909457	175.0	0.7357037731855033
1148.675880007505	296.0	0.5902195030784866
1152.1290627990386	221.0	0.6781074612906304
1151.3684738419654	207.0	0.6952226086129224
1148.4644300851323	289.0	0.5979030938763691
1147.3394893140617	238.0	0.6564019118261856
1146.304909559515	237.0	0.657342356898787
1148.452488356967	325.0	0.558859206431007
1148.4381637028305	318.0	0.566296066385733
1148.4869998150052	651.0	0.27646045782278444
1148.9750367505214	643.0	0.2823560743725713
1146.9608341535047	327.0	0.5562975726043684
1145.9782730967238	264.0	0.6255261445693359
1147.3001789879515	453.0	0.4338562152927053
1146.5257121400678	357.0	0.5251162023802596
1146.4507781661398	782.0	0.18898630045030979
1146.215763804237	171.0	0.7403614431304152
1145.95356984158	930.0	0.10402620414003759
1145.5300446255021	272.0	0.6162338836749527
1147.7567882649162	201.0	0.7019477466229137
1147.526233563294	190.0	0.715893422899344
1149.2962961524922	198.0	0.7060780162976272
1148.4536677868348	205.0	0.6970712705146151
1148.7179134218427	269.0	0.6205168920370989
1149.6940688855898	267.0	0.6230661144646007
1150.5703839691075	151.0	0.7679725939375954
1151.2573197973697	919.0	0.11218765782221814
1152.0728015686332	161.0	0.7547736883931113
1152.3212071684275	177.0	0.7336986741119917
1152.085057768238	270.0	0.6202758779791597
1154.6720596412688	322.0	0.563884211260523
1155.8782290922347	472.0	0.42010404517393823
1157.1933639942115	361.0	0.5244347544106689
1157.8999950357793	477.0	0.4164780702815269
1156.4562024044924	732.0	0.2247635935978023
1158.9618971296484	367.0	0.518991921501669
1159.8643241858545	333.0	0.5538777441391344
1160.0021420123496	297.0	0.5923135712212527
1160.0080646895415	618.0	0.304840048509106
1158.3335915716398	376.0	0.50988494019106
1157.950222853696	272.0	0.6195671770207775
1159.9945251923157	296.0	0.593405064540469
1160.5360331045433	284.0	0.6067941629816769
1161.0194805453498	443.0	0.44763763112230454
1160.496103894299	320.0	0.56771247265255
1159.8199548534335	309.0	0.5792540821916684
1161.0329373966115	284.0	0.6069293748948619
1159.4716190617883	269.0	0.6233736863786239
1160.5758147926792	151.0	0.7697426282233352
1161.518309797102	175.0	0.7381255479746224
1163.092206191717	178.0	0.7345447252945203
1164.598882704381	270.0	0.6235881635554887
1164.3301519728207	774.0	0.20137444159115256
1164.5095314603125	215.0	0.6882950134133445
1164.833325581496	190.0	0.7195226949138532
1164.4144649124992	166.0	0.7504537054008689
1163.6367336182159	954.0	0.09899560689053048
1164.0264629951348	152.0	0.7690016055542465
1163.524856345554	195.0	0.7129239128909985
1162.1010715090013	336.0	0.5514321344666615
1164.1994446061672	180.0	0.7321826002498645
1163.5835365736257	194.0	0.7141980662351988
1165.5485662339001	457.0	0.43668866435136255
1164.6588938650148	281.0	0.6112499273618583
1165.5177659693177	698.0	0.25087915688645773
1164.801410117736	267.0	0.6270432503931606
1163.4033278661223	591.0	0.3262666678604261
1164.346523926377	663.0	0.27435766416604185
1164.3338876549374	292.0	0.5989930571893878
1165.0022856426958	244.0	0.653655636351643
1164.9263749179463	223.0	0.6786573062808412
1164.4525272334517	294.0	0.5968329520362373
1164.4478275977344	332.0	0.5562825594354819
1163.8909664949886	351.0	0.5366003128104848
1164.0069175982298	253.0	0.6429092944319215
1163.0569760020737	364.0	0.523265987163133
1162.777708571407	440.0	0.4509531825318656
1163.674059301998	337.0	0.5508684941795458
1163.1146589927694	347.0	0.5404322474010743
1162.3882865223275	187.0	0.7228373747308264
1162.154967318214	212.0	0.6914467362967993
1162.8682610874362	364.0	0.5232070647132857
1162.5359989337883	210.0	0.693997097106186
1161.4261449648177	220.0	0.6814885822135602
1160.8642537668466	429.0	0.4603312842796794
1160.95122391676	216.0	0.6862633966284085
1161.2240646307691	684.0	0.2586266208956374
1161.7187265798784	516.0	0.3848790124052626
1160.9840287593781	502.0	0.39626599977090243
1160.7597457462257	478.0	0.41663199716644506
1160.5581842051831	382.0	0.5047188444346054
1160.505449961668	611.0	0.31019122745208505
1159.9592884931817	288.0	0.6021987602984238
1160.0468805396824	295.0	0.5945147830692804
1159.7225846386445	295.0	0.5944243897563761
1159.9490067841818	154.0	0.765592120843553
1160.1098120953498	187.0	0.7223685874440592
1159.5887042391573	480.0	0.4144873055553996
1159.037867669031	176.0	0.7363370668919001
1158.4615125381329	372.0	0.5138721268683569
1158.4626621132024	421.0	0.4669073095571204
1158.6947356623632	436.0	0.45318688241746086
1157.9735557191207	175.0	0.7374291496644284
1158.1264196487818	273.0	0.6184823419485219
1157.576044873539	556.0	0.35106469110213023
1157.7156977716054	315.0	0.5722188600601833
1158.1315166640793	403.0	0.4837078161599672
1158.0922095491828	253.0	0.6414125196243147
1159.2791721970905	344.0	0.542333844089341
1159.2744024647525	271.0	0.6210517372988104
1160.2663374150827	899.0	0.1268735047371484
1159.8237049364373	203.0	0.7020891267671807
1159.2772834805633	942.0	0.10340248057156187
1158.9756957845266	162.0	0.7547267515716278
1160.0767816555651	429.0	0.46006384971146547
1159.5322008631279	192.0	0.7158780236573229
1160.4915721283464	557.0	0.35137964105435976
1160.4338664344643	187.0	0.7224353570764355
1160.573385524286	159.0	0.7590130238390237
1159.961000455323	178.0	0.7339234851547622
1159.6872260565792	604.0	0.31507129940439493
1159.6521684767663	421.0	0.4673084839333035
1159.2963095149978	231.0	0.6676967371357205
1158.7609320835518	182.0	0.7285123758533585
1159.619497878502	305.0	0.5835095730436584
1160.795393552031	257.0	0.637465319511114
1159.903205794785	178.0	0.7339119911978107
1159.370615231996	867.0	0.14428289328431806
1160.1559656324523	317.0	0.5707968455933836
1159.0777092290236	355.0	0.5310676620676651
1159.2145471814226	272.0	0.619903248558134
1158.1077937958057	458.0	0.43320612429659744
1159.304385300047	273.0	0.6187961123322114
1158.1666746723322	367.0	0.5187411237150896
1158.336231876283	338.0	0.5482298793551558
1159.4681411092918	940.0	0.10453511382808212
1159.0993661855155	441.0	0.4487842326301247
1159.1796459488012	286.0	0.604201455782014
1158.2197361939236	294.0	0.5951025968418041
1158.2713597052941	485.0	0.4097140473658832
1158.4622942090223	718.0	0.23473015981634132
1159.041596057438	432.0	0.45695951498630155
1159.6630541967356	263.0	0.6302708512403239
1159.5259251197974	163.0	0.7535019965899948
1159.0293027017758	161.0	0.7560660211550265
1158.3594085315408	214.0	0.6881283449953021
1157.6708831858962	504.0	0.3933816797298771
1157.3587254574072	219.0	0.6817690098528355
1156.8969822281797	928.0	0.10978814981234802
1157.343018718329	276.0	0.6148863232378324
1156.7650386415173	175.0	0.7371908783872104
1156.252811897114	277.0	0.6134666575210118
1155.891404415024	309.0	0.5781257244479591
1154.979303042946	247.0	0.6476410180037675
1154.3752895410657	497.0	0.3980774653130223
1154.1969613949016	143.0	0.7795246146025053
1153.7974214144426	199.0	0.7057948265573543
1153.3884890872928	398.0	0.48691123751453136
1153.5864406988703	206.0	0.6969666748160426
1154.2980914933835	304.0	0.5830756389611865
1154.860991655229	666.0	0.2684779309873823
1154.9874895404455	241.0	0.6547246994608291
1155.4844923723072	337.0	0.5484040179682701
1155.5819078649135	279.0	0.6110364999441051
1155.6457208800468	305.0	0.5823764850846435
1154.555133615666	231.0	0.6665596418423343
1154.5215303323648	236.0	0.6605590135039608
1154.3638183051596	564.0	0.34356159738479697
1154.1793576584919	522.0	0.37715495944396027
1155.3165389048056	406.0	0.4799260881655798
1155.5001048324555	445.0	0.44392381024356914
1155.4827177138088	313.0	0.5737096579695665
1154.8847884619845	455.0	0.4347421588663029
1155.2477955246277	715.0	0.23539543614386815
1155.361342492341	406.0	0.4799410117943386
1155.4569689470118	297.0	0.5910377982277627
1155.7334338871951	193.0	0.7138055672813668
1155.467453074822	200.0	0.7048988530911484
1156.0688683722972	266.0	0.6258971616410335
1155.5497299737196	235.0	0.6620041772911763
1155.5708416542566	201.0	0.7036645727179385
1155.2702149918634	207.0	0.6960955356405023
1154.8765006793049	316.0	0.5703242252438466
1154.7875767915507	360.0	0.5246858298606981
1154.908454241048	349.0	0.5358760049312657
1155.3891640205873	405.0	0.48089872790906335
1154.7857476090737	356.0	0.5287220566339133
1155.9461626720229	288.0	0.6010931606105647
1155.9045985169948	373.0	0.5120689670738094
1156.9439899826712	264.0	0.6284160362953932
1156.5401559907991	282.0	0.6079358663355885
1156.0855897670854	1013.0	0.06596585696853474
1156.5859551228016	735.0	0.22287433144714391
1156.5828923157833	215.0	0.6864936108425885
1155.5926665306565	289.0	0.5998872115361567
1155.387428929469	164.0	0.7513997838632325
1155.4060407290558	260.0	0.6326142569434314
1154.4134436080496	680.0	0.2586186038164553
1153.6303138879057	807.0	0.17679534557462903
1153.6461249792726	354.0	0.5303937785733812
1153.4928798533906	271.0	0.6195137177128026
1154.104476555542	264.0	0.6276720025012064
1154.255690955857	280.0	0.6095535799291205
1154.4402038275075	268.0	0.6231827541447934
1154.3939127446304	434.0	0.453536057374988
1154.4966382867165	320.0	0.5659535712854221
1154.9265634741414	944.0	0.10049258851868353
1155.895372237408	190.0	0.7176600738523304
1156.1853097119335	169.0	0.7449413319609814
1156.2398668339645	814.0	0.17370467047949834
1156.0007812977751	375.0	0.5101243518868412
1155.9037985505938	287.0	0.6021910812234421
1155.7417791311213	180.0	0.7304868308946851
1155.5458159727718	155.0	0.7634573349349881
1155.6706390980873	275.0	0.6155649071356305
1155.2433797464748	372.0	0.5128477819144285
1154.9994482639875	319.0	0.5671640170887386
1155.0007890377694	216.0	0.6849017130739967
1155.410011600446	328.0	0.5577756689856476
1155.4497327044733	187.0	0.7214048385658756
1155.5183729825947	171.0	0.7421822366236556
1155.737827717351	226.0	0.6728757142397195
1156.6357043858347	174.0	0.7384708685833572
1156.7294915521213	426.0	0.46168943932138606
1157.2108524754256	251.0	0.6435192932098496
1158.1771830934376	705.0	0.24322817346927061
1158.1770430907927	338.0	0.5481818123585671
1158.7081037032829	373.0	0.5129620335647761
1158.7040540914247	527.0	0.3747419676414707
1158.7882019911603	352.0	0.5340180714463117
1158.4263154393707	317.0	0.5702936884305201
1158.0511918939662	657.0	0.27605347669072094
1158.4730077464596	312.0	0.5756467499146434
1158.2789602086818	281.0	0.609526703622128
1157.8008266777604	293.0	0.5960851488195648
1157.770248245769	339.0	0.5470246680847489
1157.7335172621367	281.0	0.6093786700198187
1157.803621779365	348.0	0.537788334459206
1156.975723697884	326.0	0.5603434435364855
1156.7823754295064	202.0	0.7026749777555092
1156.9994445622692	232.0	0.665946590679721
1157.0518670747756	355.0	0.5304393880524945
1157.4450732097912	327.0	0.5594313243359914
1157.8932324092457	158.0	0.7598589367152219
1157.490850857028	210.0	0.6928681462572277
1157.914677893172	492.0	0.40360552385866366
1158.4887434915354	201.0	0.704300604234828
1158.486823103535	165.0	0.7506586433356697
1158.5398003163039	406.0	0.48099754328024286
1158.5739065187647	171.0	0.7427747353319669
1158.5568829753324	214.0	0.6881732150348394
1159.3312579874037	200.0	0.7057376576536383
1159.1110049145123	207.0	0.696949956108503
1159.1263366105197	228.0	0.6712628201449565
1158.7107189395333	184.0	0.7259275621999617
1159.0734793894703	301.0	0.5876919836584346
1159.4293243033785	933.0	0.10821360686997752
1159.0162485060569	393.0	0.4935620031319971
1158.4006136131177	256.0	0.6380092068172364
1158.4016760624831	602.0	0.3160651819572196
1159.2087697236245	882.0	0.13580618202084152
1159.8868948880875	630.0	0.29604490451404675
1159.9988561020446	241.0	0.6559597476467228
1160.7617829705462	287.0	0.6035259344791825
1160.7347260462964	552.0	0.35541681778795314
1161.201081810455	320.0	0.567918219977442
1161.6602987480271	284.0	0.6070999525324863
1161.7199293244353	295.0	0.5949804844960027
1161.7831999419884	629.0	0.2975140709155903
1161.4407490844178	289.0	0.6015004402180102
1162.1970969118527	392.0	0.49555947469095996
1162.2186075569823	254.0	0.6412983156065754
1162.2119343157563	170.0	0.744785351908269
1162.211026224069	182.0	0.7292091844965091
1161.8293387508404	803.0	0.18262621168868015
1161.7715023555515	221.0	0.6803521049956172
1162.145815374564	174.0	0.7395493845090219
1161.9809319225128	162.0	0.7552834846877067
1161.9886175401277	198.0	0.708821092402771
1161.9453857344079	268.0	0.6251605093821713
1161.9695646659627	246.0	0.6505606283352255
1161.9782648443174	322.0	0.5660313798008616
1161.9534484753556	249.0	0.6470471789568057
1161.5705525003773	413.0	0.47541251886850455
1161.407990862753	272.0	0.6204848839494942
1161.3693618040643	370.0	0.516772361745421
1161.9863438085656	321.0	0.5670897424778485
1161.273820246603	680.0	0.2613809064977341
1161.2815161186336	381.0	0.505926776638237
1161.9724151426901	167.0	0.7486780040019575
1162.2300167095052	223.0	0.6780318108761211
1162.2169462190313	327.0	0.5608430311913662
1162.189943896723	179.0	0.7330728569587549
1162.1328627251646	289.0	0.6016905034356805
1161.946352311706	336.0	0.5513858029942555
1161.9142578228941	296.0	0.5939404551238598
1161.843485716574	423.0	0.46619334487942315
1162.1623727583235	485.0	0.41110845169705607
1162.4641432538867	553.0	0.3552765271431772
1162.7923402849567	263.0	0.63108232164098
1163.4362219457792	722.0	0.23412949046359938
1163.217620810976	269.0	0.6243587621164974
1163.5958401760151	801.0	0.1845651063495731
1163.416513722155	217.0	0.6856021384228718
1163.3370084779137	1090.0	0.03254595659770018
1163.245598862759	148.0	0.7742604434617586
1163.8567001276886	246.0	0.6510283634106642
1163.512193140817	271.0	0.6221712143043491
1163.4596981521322	206.0	0.6991514240572918
1163.3798061536481	211.0	0.6929524152562944
1163.01241467531	466.0	0.42787421900295125
1162.5237897602547	289.0	0.6017977768759359
1162.1278740879834	225.0	0.6755886689279685
1162.1190026504876	185.0	0.7253397812130803
1162.404836611483	163.0	0.7540374148373803
1162.9565292558539	193.0	0.7153301070707363
1162.751649202401	230.0	0.6697185745474205
1162.817473721962	223.0	0.678168295279064
1162.7309757721064	271.0	0.6219653413653025
1163.3683707090122	629.0	0.298135349541808
1163.6690148211453	466.0	0.4281047307619786
1163.338633042382	258.0	0.636961954030969
1163.4134254447442	346.0	0.5415437624081658
1163.3118705126979	261.0	0.6335072319434507
1163.361758564771	251.0	0.6450695891909533
1163.5031573308856	320.0	0.5685887172956975
1164.1513119543713	354.0	0.5336433236759741
1164.1124088184151	588.0	0.32881018701701464
1163.9970323921725	476.0	0.4195111447175179
1164.0872964282619	376.0	0.5117159905519495
1164.6947316479996	271.0	0.6224824204948839
1164.406218992959	642.0	0.2891964240934643
1164.4720405516932	281.0	0.6111996744084365
1165.2973881988078	305.0	0.5851179462766493
1165.5589919721976	805.0	0.18297295003147246
1165.2067373246057	261.0	0.6339941564297965
1165.2438892834375	215.0	0.6884608558395884
1164.8885079835572	173.0	0.7413835323830643
1164.8667458122795	171.0	0.7439864409589405
1164.8692153591262	216.0	0.6871535731299154
1165.2882877063403	209.0	0.6958425653924231
1165.2473078413122	406.0	0.4832131161353705
1165.1957688967525	267.0	0.6271459449909209
1165.007451785846	323.0	0.5658623891804458
1165.030057697967	187.0	0.7233789309116464
1165.1506359337968	341.0	0.5471900461156944
1164.88932622206	281.0	0.6113118827231124
1164.8638570004723	154.0	0.7664656602990905
1164.8370472575616	311.0	0.5785442565249216
1164.5333976608404	215.0	0.6883004059712399
1164.76992909076	157.0	0.7624397460638257
1164.720226416394	289.0	0.6023994235638835
1164.9081366889045	244.0	0.6536324922170895
1164.9782053153178	402.0	0.4869105407638942
1165.5382861651854	267.0	0.6272350937094433
1165.5838742410472	332.0	0.5566191574168057
1165.6831825351105	242.0	0.6561726345779314
1165.9016806179968	615.0	0.3093386269515039
1165.8353452171114	231.0	0.6692523556323735
1165.7108652430188	522.0	0.3814106305171703
1166.1120675062707	285.0	0.6071978086575062
1166.3123219893894	354.0	0.5343062147430643
1166.2584915645864	307.0	0.583236747987152
1166.3538606566929	520.0	0.38328483465800733
1166.359482401111	288.0	0.6039493626094159
1166.3733816967822	296.0	0.5951786271484877
1166.5694189659118	305.0	0.5854765720609676
1165.9893574819378	434.0	0.4574963914972173
1165.9617143797834	171.0	0.744196115474665
1165.7047538219288	193.0	0.7159059030932124
1165.6532758295364	230.0	0.6704052446503311
1165.86293205105	417.0	0.4731066202180151
1165.6303458118978	194.0	0.7146283170310476
1165.534729304514	193.0	0.7158703479022519
1165.8994420925292	200.0	0.7071526734155419
1165.8996409451618	658.0	0.27846907227963674
1165.6492682539304	284.0	0.608181087357673
1165.6190636538993	367.0	0.5210812540396834
1165.603081342403	581.0	0.33470860528488766
1165.4483226501484	270.0	0.6238109087737529
1165.380400684161	684.0	0.26029279887798035
1165.4076436240437	272.0	0.6215409021838456
1165.3147404566266	513.0	0.3886724728873849
1165.2765737688499	187.0	0.7234293581248348
1165.6501822296332	149.0	0.7733237297433793
1165.506432062604	201.0	0.7058191673542134
1165.3665322798151	208.0	0.6970947010704914
1165.2138377796502	166.0	0.7506035540062088
1165.4183979745817	192.0	0.7171100667465754
1165.6707248650634	848.0	0.15775703591576554
1165.6192677120366	152.0	0.7692808480799791
1165.3192546643938	258.0	0.6374671400608093
1165.0140601132898	330.0	0.5585325799879192
1165.4693185909427	413.0	0.4767082322909209
1165.1607635195196	265.0	0.6294122915974081
1165.261920739549	263.0	0.6317202101645061
1165.204167655414	599.0	0.3209402732609379
1164.8894739649163	302.0	0.5882443696542293
1164.6386117848294	550.0	0.3584653976414481
1164.6536407549618	235.0	0.6642026381994864
1164.517456541253	170.0	0.7452262626213988
1164.203402315656	199.0	0.7080406347842717
1164.2398047139814	188.0	0.7219428102254913
1164.162482911597	398.0	0.4904499316124943
1164.4027302272189	229.0	0.6713082369766026
1164.1261638473934	164.0	0.7530355105347594
1164.095004560564	161.0	0.756998555656933
1164.2873904759892	625.0	0.3013978600343945
1164.043301076813	242.0	0.6557716255044703
1163.8867535589584	423.0	0.4668806717917013
1163.5876611393	271.0	0.6221910903865141
1163.6157778410318	190.0	0.7192704117219391
1163.4675472331035	222.0	0.6795305664959777
1163.9350034099446	272.0	0.6211527689567063
1163.6742620817192	215.0	0.6881061670428774
1163.4567645312532	482.0	0.4141444364996014
1164.026391404085	631.0	0.2969462699582635
1164.1983434582487	309.0	0.5805045513767817
1164.4336913997522	824.0	0.17120696197825178
1164.368252581647	429.0	0.46151807743763584
1164.1078950040974	483.0	0.41351747330578065
1164.4754201046674	996.0	0.07798071597431334
1164.8145461232966	1034.0	0.059493214811560245
1164.8553800464063	268.0	0.6259217730803786
1164.8595312653345	388.0	0.5002767575714444
1165.0046470947657	408.0	0.48124755924459767
1164.744223253992	513.0	0.3884645908599413
1164.722185518789	705.0	0.2458772694036524
1165.0497394511024	802.0	0.18456561223124435
1165.1797983425201	293.0	0.5981291191483431
1165.2022760139419	273.0	0.6203593826083563
1164.9177138027649	221.0	0.68107774682581
1164.8720897233075	174.0	0.7400797263075982
1164.5899385352411	150.0	0.7717919548857419
1164.6060278934042	161.0	0.7570922331186827
1164.8017713721158	937.0	0.10838404195624994
1164.4369266414237	194.0	0.714377611215793
1164.374644385401	406.0	0.48292593560195113
1164.2964662179663	174.0	0.7399679302871881
1164.2424995375684	522.0	0.3808719681265866
1164.186027998301	196.0	0.7118041268392666
1163.901941331111	415.0	0.4743182092104724
1163.5404297983043	239.0	0.6591898601677102
1163.0372689847388	279.0	0.6130474489103476
1162.8880806817447	164.0	0.7528050746891357
1163.1970878438651	750.0	0.21597204515376406
1163.242966979582	251.0	0.6450397762471266
1163.2772680116318	259.0	0.6357953462026621
1163.0081093903464	860.0	0.1497809662669424
1163.140317452401	680.0	0.2621288856185406
1163.0209383738738	224.0	0.6770055969557103
1163.0554232400114	250.0	0.6461568373209706
1163.1709903523326	303.0	0.5866784952180963
1163.151628013687	249.0	0.6473466516478263
1163.6236519352271	698.0	0.2501169618527322
1163.6505733795886	406.0	0.4826874122361538
1163.7440957562803	258.0	0.6370654877061264
1163.6167879335574	347.0	0.5405850076978459
1163.6466771424123	334.0	0.5539668933966596
1163.9545374067982	326.0	0.5624027554996557
1163.8206750970905	264.0	0.6302056629316588
1163.7757607922829	291.0	0.5999383439802173
1163.7851556886922	250.0	0.646339475281563
1163.5270467582284	263.0	0.6312723258943244
1163.898394350593	216.0	0.6869334715014959
1163.907545865895	462.0	0.43170200399807257
1163.8586203179063	214.0	0.6893730650672638
1163.6792439647752	267.0	0.6267507184069082
1164.0021187682141	214.0	0.6894054122481422
1164.0872759284696	708.0	0.24362500712060614
1164.0327220664226	174.0	0.7399166744871845
1164.0558694825386	339.0	0.5489189631830406
1164.0857500310667	276.0	0.6166894922832951
1164.0399198618059	448.0	0.44418249885721767
1164.0667025534833	297.0	0.5934477194217926
1164.0744191910387	250.0	0.6464118201883327
1163.736623378968	499.0	0.39978467667844375
1164.0911028889277	299.0	0.5912763061580877
1164.0378107824438	552.0	0.356657532215668
1163.9898634749318	167.0	0.7490589454017351
1163.5404770300877	241.0	0.6568272628075533
1163.2037458194889	194.0	0.7141180893472093
1163.1358603432088	212.0	0.6916668292730165
1163.1560683998364	199.0	0.7078161532051596
1163.2341648324202	204.0	0.7015873282759812
1163.092184937203	198.0	0.7090571789461341
1162.8343221683297	415.0	0.47396251410010065
1162.85690534215	268.0	0.6253992988405571
1163.0420839658166	308.0	0.5812492336457763
1163.5028763096734	486.0	0.4107315519360639
1163.450533692236	259.0	0.6358397091985798
1163.511485622604	374.0	0.5134995692750205
1163.268929545279	622.0	0.30318621502203824
1163.224925195434	554.0	0.35477293408497396
1163.1646573564094	286.0	0.6052898495030564
1163.3560474903188	210.0	0.6941798153745264
1163.1080288465237	176.0	0.7371384590209614
1163.0631552035006	161.0	0.7568091833576394
1162.8240786542974	232.0	0.6673415614909234
1162.6961247519334	432.0	0.45820398846557586
1162.451970924848	954.0	0.0984912361766275
1162.9079548377442	185.0	0.7255005442530094
1162.671834361337	320.0	0.5683468282273798
1162.6221821598942	162.0	0.7554019520708206
1162.6493653147697	394.0	0.49378452363248887
1162.772189116366	310.0	0.5790251848984277
1162.8907120309177	224.0	0.6769752684088832
1162.6473178608542	932.0	0.11011272202921557
1162.4781345447252	191.0	0.7177641882419513
1162.836083210945	178.0	0.7344940187263793
1162.7058099248452	182.0	0.7293088218155733
1162.7189294736356	311.0	0.577938514895674
1162.8936068892954	289.0	0.6018992044200994
1162.901221065434	299.0	0.5909436346429908
1163.011617293998	297.0	0.5931539222263681
1163.0144601138386	447.0	0.4447254840575852
1162.7753516659816	256.0	0.639125391205317
1162.5329807539524	352.0	0.5351702412914504
1162.7945818529636	692.0	0.2538257262875082
1162.795850630432	742.0	0.22091388454629443
1162.9986356048482	783.0	0.19527178932822759
1162.87526639581	303.0	0.5865951122226178
1162.9766775660362	431.0	0.4592141703627351
1163.061142776772	324.0	0.5642411859474741
1163.0678595444217	315.0	0.5737678781580555
1163.3017017341517	424.0	0.46576003851470277
1163.3273516425165	325.0	0.5632681215710639
1163.2796467491619	146.0	0.7769765987541218
1163.6601639235435	484.0	0.4125002101799202
1163.9255321405417	750.0	0.21627044792991804
1163.8046507189674	155.0	0.7649386512012992
1163.5031549643325	415.0	0.47418540318422453
1163.801542833244	522.0	0.3807100222215953
1163.620811432274	374.0	0.513534159762544
1163.3896597126288	234.0	0.6650898360760423
1163.4900563931824	188.0	0.7217885561041729
1163.7144754585106	198.0	0.7091901370390731
1163.7873134047816	155.0	0.7649355609892418
1163.8162787529966	184.0	0.7269657550504772
1163.8232925447178	387.0	0.5009102560421584
1163.772892503353	175.0	0.7385665619913024
1163.473456432342	231.0	0.6686921519596414
1163.576465354539	548.0	0.35965466797127726
1163.8300093108455	393.0	0.4951279232162702
1164.306649096311	345.0	0.5428364405516045
1164.2661072254575	274.0	0.6189856680575332
1163.9671998278213	296.0	0.5945114382913421
1164.4723401858419	917.0	0.11889292757248293
1164.245927523787	248.0	0.648786383211825
1164.4124329990918	343.0	0.5449155221340719
1164.7652518213279	296.0	0.5947329666680694
1164.7210806113985	327.0	0.5615802387588765
1164.8997853683115	378.0	0.5100135425713781
1164.9262357190676	581.0	0.33445069085554746
1164.8795426140148	507.0	0.3934969750185518
1165.3352631394043	311.0	0.5786864843441275
1165.6411619936714	290.0	0.6015501518206439
1165.7144107687664	573.0	0.340892332344965
1165.7248243730442	361.0	0.5270922510240231
1165.663770966758	192.0	0.7171611939482164
1165.8665916791006	275.0	0.6182852713941667
1165.8181375586896	201.0	0.7058862558569621
1165.7709936645404	198.0	0.7096286679804484
1165.4840122950122	275.0	0.6181838914520631
1165.445458999305	141.0	0.784147131395747
1165.284184674155	193.0	0.7158179382817453
1165.225541802898	285.0	0.606957687911506
1165.2341672700575	288.0	0.6036426799116397
1165.127602244824	421.0	0.46914737577964766
1164.9092278179858	425.0	0.4653782837863315
1164.6880476624272	1039.0	0.05703531758760109
1164.6985426884505	266.0	0.6281536717019999
1165.0384034410756	320.0	0.5690347141750571
1164.9911989973295	552.0	0.35701475893137813
1164.8734652550097	265.0	0.6293378310188604
1164.8123064303486	401.0	0.4878057882758919
1164.5324084535757	200.0	0.7068592892906663
1164.4959786607262	244.0	0.6535311371893183
1164.3430201278848	444.0	0.44787897302567203
1164.1802499970986	210.0	0.6943632394652108
1164.1286780283074	130.0	0.7990926216115328
1164.060320547926	165.0	0.7517042718844
1164.4262941728484	718.0	0.2371547271490974
1164.2153594679369	453.0	0.43977776695240295
1164.0017018427684	530.0	0.3742627301690954
1164.1659966127863	722.0	0.23442581268395074
1164.2566533321105	353.0	0.5346865024783223
1164.4064969908788	1099.0	0.028897370877849184
1164.3047848973627	507.0	0.39328840007941984
1164.2656133298206	260.0	0.6348995614769628
1164.4241689424296	427.0	0.4633737399077456
1164.4425970157006	510.0	0.39084206181931247
1164.3302361716956	155.0	0.7650322932797115
1164.1692073469117	169.0	0.7464687917052625
1164.3518063221948	295.0	0.5957109194342272
1164.1886057231836	176.0	0.7373504009086421
1163.8016895496655	928.0	0.11272659866740531
1163.769150695651	158.0	0.7609264826360275
1164.0935968754598	385.0	0.5029351347438921
1164.0523226251457	288.0	0.6033200794316713
1163.7793365585057	195.0	0.7129776781947644
1163.8460460912358	309.0	0.5804042101751904
1163.7955516008813	174.0	0.7398705657351277
1163.695438176918	198.0	0.7091860713507437
1163.7577181517436	930.0	0.11164506577107321
1163.7155770858283	162.0	0.7556036863410681
1163.6670092551426	684.0	0.25960684844858095
1163.6245412502526	354.0	0.533481450282338
1163.9963839268326	842.0	0.16051693138973133
1164.1471981086902	294.0	0.5967485307637848
1164.1021544283258	510.0	0.3907181844895775
1164.124578599553	453.0	0.4397463176370706
1163.9087736181978	334.0	0.5540449380061735
1163.862210332791	304.0	0.5857921842254149
1163.6477849680718	265.0	0.6290198286963748
1163.383786550639	319.0	0.5696121302806724
1163.174420238594	305.0	0.5845180302890248
1163.1232445464957	260.0	0.6346064882344694
1163.145654331366	297.0	0.5931912694887921
1163.089374316436	531.0	0.37311453805173866
1163.0206260340249	294.0	0.5964367356963766
1163.405157059671	302.0	0.5878273001222929
1163.376099037055	359.0	0.5283688436424121
1163.3235842719466	198.0	0.7091066337385274
1163.2309365225265	182.0	0.7294144892765
1163.5363241701566	441.0	0.4503084868108811
1163.4889800093133	283.0	0.6087076999395075
1163.275746639294	150.0	0.7715635876412797
1163.2981972815082	255.0	0.6404141237875567
1163.3139527616775	230.0	0.6698518671342971
1163.3778544581485	159.0	0.7595241035473161
1163.6869947208434	218.0	0.6844437259192053
1163.855201786205	208.0	0.6967609996606399
1163.6458188832155	166.0	0.750309446857923
1163.5431464712	203.0	0.7028999771808109
1163.330583680806	149.0	0.7729230700665576
1162.962198903483	928.0	0.11237037141403088
1162.9849977134952	176.0	0.7371143062834241
1163.0035458242467	162.0	0.7554723524921219
1163.0948382464153	214.0	0.6892007811567918
1162.8891118950005	427.0	0.4628556208035722
1163.078561149659	316.0	0.5727069429572702
1163.4880443951708	259.0	0.6358493120269078
1163.344861740091	292.0	0.5987205401599884
1163.787374909677	568.0	0.34403032585957666
1163.5320815495816	401.0	0.48738667013739734
1163.6871645509325	301.0	0.5889907315569527
1163.655403514246	322.0	0.5665212818015206
1163.5545651672094	522.0	0.38061928010237167
1163.7194794162476	378.0	0.5096384198983789
1163.623411516174	289.0	0.6020992120754042
1163.8638544460453	446.0	0.4459158782051557
1164.0197604817133	389.0	0.4990405017392173
1163.9790669861336	461.0	0.4326080755550633
1163.8814334724473	534.0	0.37098081235521607
1163.7786534836641	199.0	0.7079496373218096
1163.4204674948166	680.0	0.26224102206686384
1163.6951654014108	188.0	0.7218307724816491
1163.9044657901277	154.0	0.7662956549621041
1164.0753931389268	412.0	0.47718237110541156
1164.3959244095895	201.0	0.705579903372109
1164.2882826160178	183.0	0.7283432174669099
1164.0854948601425	702.0	0.24762289623540235
1164.1136250140235	291.0	0.6000312346780541
1164.366847383407	540.0	0.36633360261727277
1164.163830334759	321.0	0.567724457809283
1164.1916447374595	270.0	0.62348128161153
1164.2073710808063	255.0	0.6406444819888398
1164.2234077853423	339.0	0.548969237381103
1164.5386967092422	335.0	0.5531959252066493
1164.7489523446159	264.0	0.6304459232438717

Average Payoff: 0.5539