833.0	833.0	0.0
505.76140158656244	341.0	0.19457830892840863
759.1914157008332	296.0	0.4389643516889231
842.9356693109374	224.0	0.5801058930860065
917.7641121920494	547.0	0.2531220618432502
927.7785495630206	798.0	0.0752000015273579
976.5549754223708	347.0	0.4756545720524138
979.7067230785937	558.0	0.27424392229638433
974.7914134095138	1189.0	-0.09899687431190747
1035.445517902987	861.0	0.0919855151419703
1039.7662532740803	1055.0	-0.007272289546439662
1036.4517476869792	1233.0	-0.08660605034380768
1030.4116320552519	1677.0	-0.2388215963502785
1019.1305307997642	1153.0	-0.06163049011191144
1048.9762881527495	1013.0	0.01744747908084789
1068.113389609094	1074.0	-0.0027480386516702065
1074.4409705807502	319.0	0.5421406335324718
1067.5155970341946	438.0	0.41813953855696684
1055.87773313891	246.0	0.622084326756433
1052.498844789347	333.0	0.5193067085514175
1082.5837159066368	419.0	0.4419225574153044
1113.7802933575838	621.0	0.28405919484122755
1132.1593367864662	663.0	0.2613469050754644
1135.1378731401596	602.0	0.30690590619409275
1131.2483117829042	670.0	0.25607147485754106
1136.8561936778817	362.0	0.5169650010095669
1138.1724466235214	761.0	0.19859831438376455
1139.2979708209004	1005.0	0.06263027463925046
1137.2873595330082	598.0	0.310776976833473
1145.0155150215062	346.0	0.5358867878782477
1146.1224985915362	374.0	0.5079343929893436
1140.8697391175065	751.0	0.20607641797757575
1152.4288725135598	568.0	0.3396995260023187
1150.403671316793	939.0	0.10117895082646296
1157.0602053156001	356.0	0.5294304896139356
1155.1257170801168	525.0	0.37504676624747435
1151.0196128147477	374.0	0.5095145047876419
1158.2018624075472	1659.0	-0.17776437829147135
1154.3725622498803	2382.0	-0.3471431293339436
1149.8163350202428	1367.0	-0.08629301310459364
1146.6102397405834	744.0	0.21295253314391593
1144.4840981662694	750.0	0.20822771674257015
1140.2697313679764	1139.0	5.570781511735996E-4
1139.8866556822354	1958.0	-0.26408756524941185
1144.9618663773974	467.0	0.42058182672831973
1150.5171031557688	1110.0	0.017923820659974395
1148.8086164476454	1336.0	-0.07533432648022964
1150.6170987917433	1389.0	-0.09386568602080628
1146.7141371073956	1271.0	-0.05140635155540045
1142.4703485689859	1004.0	0.06451072043054384
1143.7481706683777	485.0	0.40445059741681977
1139.1785571966177	1106.0	0.014777691997043312
1133.8756129347032	1784.0	-0.22280743708996667
1135.9657071218128	1495.0	-0.1364648318700279
1137.1513062958618	951.0	0.0891464644992956
1139.3270341553489	471.0	0.4150256562673313
1147.0831462727178	341.0	0.5416922759267571
1152.1128365285367	555.0	0.34977936065596166
1151.9893094936224	1207.0	-0.023319601443291888
1154.189774412554	278.0	0.6117832916185592
1150.0578622792377	513.0	0.38306415953931
1151.9260048968818	527.0	0.3722177172038408
1152.5017188639324	699.0	0.244937238914473
1154.6280530612596	1150.0	0.0020081561773545712
1151.6302052286594	671.0	0.2637014375433121
1152.7053348688182	595.0	0.3191071880035654
1151.334459046722	602.0	0.31330842567560785
1154.0669820881242	819.0	0.1698203786946544
1155.343394771856	843.0	0.1563011620470341
1156.533214251184	1136.0	0.008956561293656492
1155.2393487932065	1340.0	-0.07404526194897927
1157.3713518103295	766.0	0.20348194925642424
1160.135904445845	433.0	0.4564180007598104
1164.4940333714444	1204.0	-0.016679783048606896
1166.1740599869886	1239.0	-0.030278864729401486
1168.8926612274079	856.0	0.15452308520775862
1167.0001321477046	1326.0	-0.06377852363582427
1169.489147816381	1046.0	0.0557389991903566
1170.2590716944735	1080.0	0.040110524530185446
1171.8802473054566	1000.0	0.07913891547137547
1173.0125958826843	966.0	0.0967795123231888
1175.7071312180844	320.0	0.5721087459957537
1174.9424708519957	319.0	0.5729420560377078
1173.9169100128643	496.0	0.4059584677225898
1171.2778018676643	486.0	0.4134960361475864
1171.9985070306645	735.0	0.2291551385171785
1169.9827815342858	809.0	0.18240824776374223
1169.936220070738	375.0	0.5145430664020164
1172.5612648567962	741.0	0.225527801373578
1172.5828297859885	1100.0	0.0319384749522303
1173.9693526331341	963.0	0.09872362108196901
1175.9227473659175	600.0	0.3242949324344976
1175.120703948431	304.0	0.5889449736069696
1173.2723433427057	777.0	0.2031882084035029
1173.325269017523	976.0	0.09180800684845723
1174.3487970482904	1279.0	-0.042656471463665954
1176.1178623389346	956.0	0.10323906864016663
1175.6532182405558	718.0	0.24167741687454988
1175.4852436885758	485.0	0.4158334115362222
1175.0050052544134	418.0	0.475205666496644
1176.501302991604	203.0	0.7056907455472907
1177.0360286678379	361.0	0.5305701644548881
1175.8233830589902	953.0	0.1046697367344803
1176.04715532539	360.0	0.531264390221485
1177.3101337227995	391.0	0.5013741330971854
1178.2740164361978	1052.0	0.056618162389738
1178.1865101500823	767.0	0.21138667577864137
1178.0015411559577	1117.0	0.02658017437549614
1178.4418111141222	369.0	0.5230838441229289
1176.6702191396214	551.0	0.3621467871635854
1174.7487101498514	892.0	0.13680846092283297
1175.9859440993841	769.0	0.20924878420539791
1176.7002090325727	1168.0	0.0037105848325754407
1177.2087737066975	1047.0	0.05854161499853334
1176.271984578239	1364.0	-0.0739007541560277
1175.9086466646722	835.0	0.16952965378616736
1176.6288639687727	1119.0	0.02510373731280836
1179.1125676224494	207.0	0.7013229591373522
1177.3896690922386	435.0	0.4604281975523929
1176.978951487622	415.0	0.47863632290841035
1176.272644657179	493.0	0.40932357385962176
1175.7680132148082	612.0	0.31534741031697217
1175.760838930388	280.0	0.6153214284762208
1173.8904333748806	417.0	0.47576528056003803
1173.3496401142788	533.0	0.37527457741391906
1174.682813155753	212.0	0.6942343295976395
1176.3630913686425	190.0	0.7218894432962427
1177.4795869849056	398.0	0.4947570209250662
1176.2979930877427	1597.0	-0.15169736824561533
1175.4431662646825	1477.0	-0.11369021495755044
1175.9201005401655	913.0	0.1258641249477077
1176.2144082657537	853.0	0.15928056047166816
1176.3430588202352	1151.0	0.01088926650679595
1177.276763215927	800.0	0.1908062494004674
1178.3024711959172	568.0	0.34948268198805493
1178.9623903456304	540.0	0.37171400254845294
1179.7322650853573	1008.0	0.07849784355521078
1179.140901491293	686.0	0.2643987385065638
1180.2128206014131	646.0	0.2925249535952139
1180.5343541958784	774.0	0.2079955020095475
1181.1194479390435	1035.0	0.06593482498198928
1181.880071977685	879.0	0.14696637426700518
1182.2657142793278	864.0	0.15553489073212443
1183.4378825033018	1546.0	-0.13283398747443728
1185.3232701339632	795.0	0.19710078451361074
1186.5414757523233	810.0	0.1885968713023793
1187.580153816702	474.0	0.42945876079320394
1188.4529029792654	285.0	0.6131535668038783
1188.4781772748745	601.0	0.3282958041821565
1189.176557401492	585.0	0.3405391390620027
1190.306283030429	414.0	0.4838890748243144
1190.4654944265371	611.0	0.321663388068945
1191.4447088507893	873.0	0.15425199206621393
1190.9396029415345	395.0	0.5018725816955822
1191.0215354134098	664.0	0.2841053461387217
1191.9682081012527	398.0	0.49936105895438826
1192.5363349141605	1104.0	0.038552115883448375
1193.046884843716	1044.0	0.0666266254201144
1193.806108458985	750.0	0.22831809537363093
1194.9220054598359	701.0	0.2605181036126221
1194.8466896354769	992.0	0.09275761789651985
1195.013110391079	456.0	0.447611897046673
1195.1647082224233	540.0	0.3775807017730334
1195.7855103606128	861.0	0.16277123145520186
1196.3997389382446	743.0	0.23378354128606077
1196.146301360071	641.0	0.3021786021881255
1195.8891589175203	1022.0	0.07840299783168152
1196.2860319761785	1713.0	-0.17760851368500036
1196.637759213336	1536.0	-0.1241885206491323
1196.8391974429499	531.0	0.38535947004115506
1197.4051474638147	377.0	0.5210889641623649
1198.1481733203354	642.0	0.3022301037404124
1198.5054304649025	648.0	0.298133664479015
1198.28977084856	734.0	0.2402795780700471
1198.100770857993	446.0	0.4574541805399802
1198.3946024649679	1234.0	-0.014638002197073586
1198.2102428126113	707.0	0.2578246913513601
1198.378332104622	1097.0	0.04416628434915501
1198.2654402842886	1633.0	-0.15354779298689122
1197.5762970697979	950.0	0.11528172359119283
1197.9292933348465	625.0	0.31429046394154764
1197.7462444299038	847.0	0.17153534106511853
1197.8021334376044	363.0	0.534854556867491
1198.2482473540238	497.0	0.4136551967822681
1198.4203527671714	611.0	0.32464559817116095
1198.2293842545846	1058.0	0.062152095541878484
1198.8332987910057	1533.0	-0.12232324035177489
1199.3857995416204	513.0	0.40083595631624336
1199.785050895549	1360.0	-0.0625892197660891
1199.7074648357766	1324.0	-0.04924997722440521
1199.7667860847023	1046.0	0.0684696144931332
1200.106851589516	497.0	0.4142973383973931
1199.9916999738389	586.0	0.34378194477770113
1199.861568679202	565.0	0.3597231533316937
1200.0647056565829	819.0	0.1887332806071036
1200.3573187473964	452.0	0.45290283781640167
1200.6581394302757	1070.0	0.05754196863075952
1200.8468529676277	757.0	0.22670151768758726
1200.931339893067	536.0	0.382819587983255
1201.030667132708	343.0	0.5557083064458078
1201.555331260785	1136.0	0.02804439765942436
1201.6110967914913	1261.0	-0.024116233085234567
1202.0574859024894	753.0	0.2296901697983558
1202.0166601962073	967.0	0.10835170817680485
1201.4732323422922	839.0	0.17764174829493026
1201.4165573085538	499.0	0.4130849904333735
1201.519738285103	756.0	0.22759399538693958
1201.145301682709	659.0	0.2914532005603423
1200.729419840082	203.0	0.7107704702475688
1200.9311434616786	1252.0	-0.020819523073220422
1201.071196854696	1238.0	-0.015140518732263991
1201.1525503449623	524.0	0.3925174908210631
1201.492831932003	718.0	0.25188571891949135
1201.7684134276217	1222.0	-0.008347161577110995
1201.9823607124838	341.0	0.557998835654167
1201.936840155805	677.0	0.27937971566531006
1202.2038754464993	1332.0	-0.05121771212295697
1201.655607060762	1300.0	-0.039311723269049255
1201.5430101956172	379.0	0.5204179860273556
1201.5152666035451	302.0	0.598274780831164
1201.1319137931212	296.0	0.6045772623334749
1200.5459663741715	1008.0	0.08718223179673246
1199.9310249488592	986.0	0.0978672348336628
1199.9105959966503	1366.0	-0.06472922488510842
1199.4629714204873	400.0	0.49983212222192436
1199.2889059182755	1587.0	-0.13914963852391565
1199.586642639198	284.0	0.6171440321209908
1199.8284071128426	598.0	0.3347529746063625
1200.2133319877976	1457.0	-0.09663758077719205
1200.1754376400538	956.0	0.11324469863514686
1200.092807343172	678.0	0.27799095193902906
1200.3974216216573	366.0	0.5326856454844159
1200.6477831071027	763.0	0.22287488971907554
1201.0274922382337	877.0	0.15593032019476566
1201.442280156168	722.0	0.2492626293507706
1201.6811416489072	958.0	0.1128319995714079
1201.8989447403696	666.0	0.2868993241038837
1202.1503532469926	481.0	0.4284527237010109
1202.3524302413082	749.0	0.23232729424753154
1202.3056317427015	792.0	0.20573859152378793
1202.3856062289783	619.0	0.32029769217119697
1202.6652183155047	432.0	0.4714514077137228
1202.5034926982169	571.0	0.356076824939005
1202.3594320390025	318.0	0.5816778673533534
1202.3098340194128	863.0	0.16429003940733838
1201.9696493324248	336.0	0.5630602981718852
1202.1776163020438	344.0	0.5550317164431127
1202.391149457468	799.0	0.2015553779014253
1202.3962451078219	835.0	0.1803263582084293
1202.1908769236484	624.0	0.31661031945228696
1202.0810573151193	573.0	0.35439567941005995
1202.2984682277322	454.0	0.45178962764387776
1202.47176870943	588.0	0.34318986730091844
1202.6500139111697	576.0	0.35231777416018745
1202.6304430007967	388.0	0.5121431232410963
1202.467001310736	349.0	0.5501032252633771
1202.4909045771738	867.0	0.16211277074721878
1202.3176683981458	512.0	0.4026778006920835
1202.3129044315526	1107.0	0.041273274075872494
1202.43782849864	356.0	0.5431322398751557
1202.546505445758	1230.0	-0.01128590737845371
1202.8744725711933	688.0	0.27229436963685477
1203.1333289731792	907.0	0.1403386814032656
1203.0534056103293	821.0	0.18875658347321403
1203.08857553479	1118.0	0.03665890928577989
1203.2088691941478	1632.0	-0.15123793363687082
1203.1968506934377	1045.0	0.07036610279239701
1203.3698582663367	821.0	0.18888339831032502
1203.504742374088	505.0	0.4088398030452443
1203.1986831816605	938.0	0.12385524298361476
1203.0487225545505	462.0	0.4450612841032177
1203.1620494785536	784.0	0.21093501135880938
1203.3008533985387	877.0	0.15685272294412064
1203.4672913183106	191.0	0.7260602651792124
1203.577642500353	361.0	0.5385336078009071
1203.601721606991	810.0	0.1954714864332109
1203.6835417768682	538.0	0.3822069427708646
1203.6613867482745	1038.0	0.07390116443437551
1203.5400572300061	1252.0	-0.019734942880410403
1203.2277842422943	649.0	0.29922226032745575
1203.2766188319292	856.0	0.16864010189603026
1203.4685496729458	805.0	0.19839421918646993
1203.4239789759827	1580.0	-0.13529236791390978
1203.4809608395578	1610.0	-0.14448970681469786
1203.6982516379774	740.0	0.23856493735445478
1203.8690280603466	727.0	0.24697119334882342
1203.7125335863957	1360.0	-0.06096138485346197
1203.5310287985383	1198.0	0.0023031261025619103
1203.6437238399358	1064.0	0.06158098045643112
1203.7249090537741	530.0	0.388599659343579
1203.7328087238614	331.0	0.5686545591278155
1203.7312337213	902.0	0.14329047738351355
1204.0200884328776	378.0	0.5221299618585243
1203.936699668362	345.0	0.5545331193019484
1204.0780745649452	783.0	0.21190816805582077
1204.1537327952851	842.0	0.17699243560772962
1204.166499808021	767.0	0.22178060546919715
1204.4376464197908	470.0	0.43861749524691657
1204.2958559583615	528.0	0.39040436056704236
1204.5204805019832	657.0	0.29412541319681706
1204.7124538631597	878.0	0.1568687282092882
1204.8409920667432	428.0	0.4757603439900592
1204.691682518003	988.0	0.09882451064399653
1204.4875129761176	1164.0	0.01709424801874641
1204.6127686197065	486.0	0.4250605354213755
1204.47816838818	274.0	0.6293486020172869
1204.3756626301233	859.0	0.16738380164370228
1204.326479065725	973.0	0.10624335913325476
1204.2269489866624	540.0	0.3808145203653435
1204.0898027723417	273.0	0.6303542283108207
1204.0752671523542	247.0	0.6595628006468303
1203.973805990353	483.0	0.42737700101223497
1203.684174481994	862.0	0.16540968784237173
1203.5169836771202	343.0	0.5564225887976266
1203.5171692965423	475.0	0.4340242582099175
1203.493443110035	564.0	0.36180809926219537
1203.474196158851	362.0	0.5375203233777642
1203.4614714099225	520.0	0.3965632436510455
1203.3832113456879	478.0	0.4314205152346743
1203.4225562700778	206.0	0.7076817039949151
1203.5017483518477	778.0	0.2147370037426245
1203.1143794906168	1245.0	-0.01710933968620307
1203.0592063886118	636.0	0.3083420068362859
1202.9819124907292	1287.0	-0.033742448926156056
1202.8672677626853	1036.0	0.07453200561078228
1202.7637103203165	1189.0	0.005754627959662945
1202.6396053427138	1427.0	-0.08531982641326467
1202.6208073595176	279.0	0.6233854187061235
1202.7605514917693	266.0	0.6377898361583405
1202.8112423727894	572.0	0.3554244120796993
1202.8538330381928	1164.0	0.016415814316813285
1202.807078896345	539.0	0.3811025267602832
1202.8628586502282	764.0	0.22312834711384022
1203.0948725750332	545.0	0.3764640483188568
1203.0777543882564	693.0	0.2690173191514638
1203.1998788094936	425.0	0.477951072799795
1203.2579690944813	478.0	0.43137815994121487
1203.2068550434087	646.0	0.30132207953032314
1203.0426652295284	326.0	0.5735894002002052
1203.21150648364	490.0	0.42121820206903443
1203.2121934731774	538.0	0.38203970542285587
1203.2268361453089	614.0	0.3242450663975299
1203.4268477014932	1234.0	-0.012543208148928628
1203.7220569554686	1034.0	0.07584590607574555
1203.9899381914515	968.0	0.10865148776331487
1203.9817340955842	1257.0	-0.021543543038079517
1203.896374750572	944.0	0.12100042525596835
1203.8083849716681	377.0	0.5230288457677219
1203.7429116036828	666.0	0.28760259406062383
1203.604907119593	824.0	0.1872183805566234
1203.482976160231	1001.0	0.09185055105887723
1203.344393655726	239.0	0.6685950996845667
1203.4418673332643	1144.0	0.025321976301288067
1203.6964909528454	1155.0	0.02064550955988974
1203.967254286964	521.0	0.3959305619220445
1203.8130960392289	1055.0	0.06588110202662134
1203.7608202053427	593.0	0.3399232737808374
1203.8024107592169	323.0	0.5768935158552897
1203.8864110337358	764.0	0.22353241963933393
1203.8654269411018	677.0	0.280118619543109
1203.8923293080545	636.0	0.30865519697102445
1203.902333498469	408.0	0.49376585476555795
1203.9130524879108	313.0	0.5873197880568775
1203.8466833548541	251.0	0.6549464587963346
1203.7527887021304	589.0	0.3429099609138987
1203.7114394608268	941.0	0.12249267413189699
1203.9906519167	938.0	0.12417918429227774
1203.701147475689	1199.0	0.001956609327226569
1203.8035310412833	543.0	0.3782929901952815
1203.8645053484602	665.0	0.288337920596328
1203.9005936036772	553.0	0.3704823118470115
1203.8917650576575	604.0	0.33181840674987845
1203.896266051968	418.0	0.4845539647026888
1204.0469483872591	1377.0	-0.06700887472070541
1204.015608014617	225.0	0.6850979111241471
1204.0378706298577	545.0	0.3768002292554862
1204.0671357304177	756.0	0.2285978513503548
1204.2002956989534	1703.0	-0.1715739039511636
1204.1938546749423	1101.0	0.044765803303555014
1204.1611292272635	532.0	0.3871536563696892
1204.214163793675	409.0	0.4929377522471222
1204.3213851558303	449.0	0.4568509135231678
1204.258781750417	718.0	0.2529621850954052
1204.1509262997586	1355.0	-0.05894496965771067
1204.2654707307372	1718.0	-0.1758000888060314
1204.178656707341	1211.0	-0.002824363851392576
1204.232908450498	695.0	0.2681255712159911
1204.4690195491544	547.0	0.37538147247297216
1204.4971868803955	482.0	0.42840106256971433
1204.561216356672	346.0	0.5537099775873532
1204.3792837410256	808.0	0.1969704652316605
1204.2607807912575	696.0	0.26746896317021324
1204.486971574878	821.0	0.189330752039696
1204.489896379757	416.0	0.48657501545753346
1204.4960726318086	582.0	0.3484452511080908
1204.4330436392484	518.0	0.39852524089349567
1204.439718748346	1116.0	0.03811334465350847
1204.3747674762521	1633.0	-0.15106401785090778
1204.30352878502	435.0	0.46928681313532833
1204.3627605725883	640.0	0.30599336130457333
1204.3506010112828	301.0	0.6000931612904123
1204.5452802211478	524.0	0.3937098368253794
1204.690482556205	1193.0	0.004875726304648689
1204.7521356895775	397.0	0.5042928413776259
1204.7341839631383	1270.0	-0.02637285913768015
1204.7656362145456	1375.0	-0.06598830583511849
1204.802460976406	740.0	0.23899726080305747
1204.7940795206437	451.0	0.4552462705621395
1204.5825969021002	717.0	0.25374011904987154
1204.5748286352175	1093.0	0.04856199991601322
1204.4176556635302	1295.0	-0.0362413797194781
1204.293545611096	1056.0	0.06560809143531099
1204.2882405626424	339.0	0.5606783087047829
1204.3768683137555	765.0	0.22310451360686706
1204.2936958066894	357.0	0.5426869384551698
1204.511781096878	231.0	0.6781635608403125
1204.5884308703755	422.0	0.48112258517147954
1204.4959878989616	577.0	0.3522298069495009
1204.5922223278412	1337.0	-0.05209638922757115
1204.6913846407667	1243.0	-0.01565091726825504
1204.7353896282518	977.0	0.10438268119538359
1204.8603069701892	985.0	0.10039923837625052
1204.7928620152916	1096.0	0.04728494416485569
1204.9343939091057	1352.0	-0.057516378379210864
1205.0057636125227	1352.0	-0.057486861578209605
1204.9563908699267	827.0	0.18600615277383734
1205.1155609880404	1092.0	0.04924243381964942
1205.1619532231896	1378.0	-0.06690948918674976
1205.2787398731314	876.0	0.15820982243503012
1205.4177104271805	914.0	0.1374989502982136
1205.5572744754256	619.0	0.32147923371935
1205.5722253337808	1128.0	0.03324183605360032
1205.5968524175594	1856.0	-0.21243918743542484
1205.6757722240582	994.0	0.09623044218468436
1205.8747558373166	288.0	0.6144255080626541
1205.846844835433	380.0	0.5207607831266537
1205.8068181326855	1076.0	0.056887733484341514
1205.7974115148693	924.0	0.13231183867128196
1205.7463378101234	587.0	0.3451388100817067
1205.723242974416	515.0	0.4014144899794823
1205.596421241893	702.0	0.26399526421528885
1205.4951950236864	934.0	0.12689684728209014
1205.393175481059	461.0	0.44670920790717084
1205.4810555295473	579.0	0.35107184443806727
1205.2756971454608	778.0	0.2154393853363105
1205.0990678994137	183.0	0.7363300585210669
1205.2003236455357	284.0	0.6185872437835991
1205.1951021379505	530.0	0.3891176855594141
1205.2151815260354	667.0	0.28747506527926897
1205.1343363004728	558.0	0.3670363187744013
1205.2213298792565	1226.0	-0.008546597492123628
1205.2618552729548	1438.0	-0.08804959836376547
1205.2684870074775	1096.0	0.04748185082461542
1205.1967173390128	807.0	0.19789154505012793
1205.114548777563	927.0	0.13044071620683725
1205.2102749287096	685.0	0.2752129124619903
1205.3383225147284	1145.0	0.02567218597285594
1205.3783112224564	1206.0	-2.578147006839423E-4
1205.4432076986843	1009.0	0.0887099777568168
1205.5775280444439	958.0	0.11442970026972758
1205.5280645812736	1570.0	-0.1313162493544132
1205.6022572323122	612.0	0.3265853433391959
1205.6184975816063	1058.0	0.0652135056058776
1205.5069807287975	804.0	0.19980372528150217
1205.5405701772193	516.0	0.4005369272861437
1205.5220870690491	1101.0	0.04531588388206928
1205.5665544009519	462.0	0.44589917712043997
1205.599289494734	905.0	0.14242366658177727
1205.4655284063015	761.0	0.2260225373828512
1205.4059970043359	467.0	0.44152316980864154
1205.2968624604532	356.0	0.5439688523565233
1205.3348500110394	225.0	0.6853883550439067
1205.4113832874145	475.0	0.4346622443478689
1205.482104467691	1021.0	0.08285811239960408
1205.5484438236738	668.0	0.2869146221416116
1205.546064624603	381.0	0.519711392571322
1205.4720179416904	762.0	0.22540194416875997
1205.4361368363316	699.0	0.26592445240911483
1205.5283118574255	946.0	0.12062509725162453
1205.4803062664603	1064.0	0.06234039831753844
1205.3709536053702	220.0	0.6913084282466592
1205.4945491523583	404.0	0.4979790391800122
1205.520564522779	607.0	0.33021449590027924
1205.5791357034232	788.0	0.20946203149145756
1205.5664058764157	490.0	0.42202204726187
1205.4709740594467	735.0	0.2424519512782126
1205.4197529998269	652.0	0.297950827811552
1205.3993691505232	199.0	0.7166048285533355
1205.2879883388314	563.0	0.36322589565414104
1205.1741285223584	1589.0	-0.1373664824821136
1205.1730395340958	1686.0	-0.16630860688414145
1205.1620407137495	848.0	0.17395706409494485
1205.17823644501	1431.0	-0.08566255514631646
1205.188502914047	322.0	0.5783100784407584
1205.2963358863901	375.0	0.5254054679691932
1205.4406892465015	1106.0	0.04302108624682809
1205.3732221937416	1615.0	-0.14523850055832066
1205.250192287389	1757.0	-0.18626036691605755
1205.201195445668	761.0	0.22591848508411844
1205.154721311174	626.0	0.3162784196064426
1205.0668366131608	285.0	0.617466823638879
1205.0707673033926	791.0	0.20744292942217912
1205.0651312959899	718.0	0.2532754212894222
1205.0762989277005	1353.0	-0.05782614894415248
1205.2740569127043	986.0	0.10006692509363271
1205.2624995886515	1546.0	-0.1238476882748531
1205.317168477831	950.0	0.11845920972185546
1205.2652314567245	321.0	0.5793653771518786
1205.3671654358568	803.0	0.20034542107669584
1205.3353698028957	597.0	0.33752617853214717
1205.4007715590146	263.0	0.6417871672448517
1205.460484262735	718.0	0.2534289049611431
1205.5099990557856	582.0	0.34881483146116193
1205.4818051734194	436.0	0.46877266793226813
1205.3865029464919	547.0	0.3757084991464325
1205.2762459305154	997.0	0.09457317006228418
1205.2686097951605	556.0	0.3686369053444221
1205.289075194765	883.0	0.15433163876735148
1205.3776007241097	699.0	0.2659018886441258
1205.3584851049484	823.0	0.18850636507932914
1205.2656154252343	351.0	0.5489201887891192
1205.3548743325255	860.0	0.16721333395266327
1205.357401018749	663.0	0.29028568127437543
1205.3637609934333	437.0	0.4678401820852801
1205.254945689875	634.0	0.31059040891995887
1205.262730665009	797.0	0.20390067917281426
1205.2948607584785	432.0	0.4723003041738303
1205.2955655108717	628.0	0.31489497731371036
1205.367835744407	264.0	0.6406617953954967
1205.4620816165868	436.0	0.4687662847860521
1205.531036306649	909.0	0.14023489426978836
1205.5035960292566	598.0	0.33684634583861495
1205.4921069203742	1804.0	-0.1988733885373374
1205.4772521916339	392.0	0.5092261884014915
1205.4842527023134	767.0	0.22230050866139373
1205.462942596713	893.0	0.1489008627476929
1205.6163698746604	810.0	0.19627562853106892
1205.7771764951103	744.0	0.23683587133027884
1205.7853119085792	858.0	0.16851816412383944
1205.784912359997	582.0	0.3489149662509226
1205.9315346312444	1009.0	0.08891089027003754
1206.0562597190183	1263.0	-0.02306295778268819
1205.9896594017398	641.0	0.30589757583415284
1206.0238828160313	1022.0	0.08259511230348254
1206.103474565109	699.0	0.2661815913599491
1206.1142030199453	1029.0	0.07924167936503637
1206.0630820297583	807.0	0.19823674955450757
1205.982469358064	577.0	0.3527698562199098
1206.0718732166183	850.0	0.17318065474995398
1206.0733073101835	930.0	0.12924336742816397
1206.1168947395308	320.0	0.5806350075763812
1205.9842829868003	344.0	0.5561245313570324
1206.0671235306802	571.0	0.3573681123923601
1206.1655419054357	496.0	0.4172129704320434
1206.18788943309	719.0	0.2530599179992516
1206.223268875346	604.0	0.3326790011098989
1206.2053799216199	547.0	0.3760000895908104
1206.1862416489244	910.0	0.13996227544610496
1206.1596626981163	323.0	0.5775457489768143
1206.212445235015	779.0	0.21519734387139625
1206.1755545986123	525.0	0.3934757239317353
1206.1016863302893	980.0	0.1034268843686938
1206.1041180982656	421.0	0.4825162135388627
1206.1266226048908	455.0	0.45217902860831516
1206.1055578508794	853.0	0.17148492290964493
1206.0864546622138	917.0	0.13616329849752062
1206.094975302741	652.0	0.29820594892489916
1206.0870383320994	889.0	0.15134790704663642
1206.122391295839	1427.0	-0.0838842924409072
1206.1041456406576	519.0	0.39829719694139715
1206.0749397949235	537.0	0.38384748958277237
1206.0257500144	511.0	0.4047846981960353
1205.9656871372379	1223.0	-0.007012990324634292
1205.9072326275066	878.0	0.1573521256097676
1205.9675334249466	842.0	0.17772133956452937
1205.9561393840206	1029.0	0.0791765602311962
1205.960256499634	348.0	0.5521120974047485
1205.9253941023255	540.0	0.38141686715354395
1205.919776007555	499.0	0.41463521390018904
1206.046812224392	317.0	0.5837291441659298
1206.092210122812	517.0	0.3999160381983838
1206.0791121503407	947.0	0.12032958319473507
1206.0051992388856	251.0	0.6554576467796847
1206.034555199723	756.0	0.22937137065555516
1206.0321217381304	937.0	0.1255380724391237
1206.0226884158735	1130.0	0.03254364300178384
1206.0063735535616	486.0	0.42553407883529426
1206.0344826828864	654.0	0.2967872304639428
1206.0666677053975	462.0	0.446065305488623
1206.0289279617289	672.0	0.284356071416495
1206.020421432525	1023.0	0.08210800568390628
1205.9485295490979	1234.0	-0.011496746800673712
1205.9933946531194	430.0	0.4743255059520908
1205.9148093144954	348.0	0.5520989980737502
1205.899888646109	248.0	0.6588485879437808
1205.8589514032003	488.0	0.4238009019632495
1205.785128422982	634.0	0.3107890805232794
1205.6945260025084	869.0	0.16228631337416527
1205.6691608658573	658.0	0.2938660854437336
1205.755802467823	1222.0	-0.006691034376548355
1205.7619698656918	540.0	0.3813589603609657
1205.7671018982676	556.0	0.3688155495684742
1205.776235609604	382.0	0.5188238853400693
1205.7389393246847	937.0	0.1254184233051655
1205.680724976486	651.0	0.29874857724044657
1205.7076470981085	460.0	0.44768218984720015
1205.8329257285186	245.0	0.6622629723171245
1205.767924995401	392.0	0.5093154720813058
1205.6800358283385	1443.0	-0.08959933286069523
1205.706511219043	988.0	0.09924140266970512
1205.759648464894	888.0	0.15176510288459788
1205.735888899476	837.0	0.1805107997089788
1205.62932434423	1019.0	0.08389232412875981
1205.6525352030683	583.0	0.34811262833246576
1205.692463954606	631.0	0.3128953133053251
1205.7136836365949	883.0	0.1545035521932944
1205.7620053527387	1188.0	0.0074201216800253
1205.8223537580393	1216.0	-0.004202474316981853
1205.8861566244934	756.0	0.22931307971434042
1205.8340121882864	323.0	0.5774557637716653
1205.7458708766492	336.0	0.5641305012103613
1205.6423787850902	872.0	0.1605870106385628
1205.678917707325	660.0	0.29248275924020883
1205.6548202103936	822.0	0.18921111048407382
1205.6282688757758	904.0	0.14297697529267278
1205.5603944037646	318.0	0.5825567517138732
1205.4838853186407	606.0	0.3309352570990115
1205.405545042585	490.0	0.4219672084560839
1205.3670078325958	308.0	0.592960599238767
1205.306790235853	602.0	0.33381537296007263
1205.2680908827942	358.0	0.5419851500994515
1205.1823763217953	1064.0	0.06221728927343569
1205.1116550704285	534.0	0.385893368671174
1205.1366400909333	912.0	0.13845900852121795
1205.1852587727792	1025.0	0.08079385246763361
1205.136285145916	1041.0	0.07307494484256245
1205.0542369340703	980.0	0.10299709413614017
1204.960934859326	830.0	0.18425952480765756
1204.8504737568546	234.0	0.6747403510400586
1204.8694676217474	1064.0	0.06208795597633399
1204.7589051253176	647.0	0.3012049266141217
1204.770053391691	1150.0	0.023259193955181702
1204.7364678937101	603.0	0.33286736124476446
1204.7701618149295	646.0	0.3019122381284665
1204.8191113764656	701.0	0.26435830576417374
1204.7908912500043	857.0	0.16868388192322875
1204.807191849462	483.0	0.4276597441550901
1204.9413836386834	883.0	0.15419081501111484
1205.0681247034142	728.0	0.24679322917117036
1205.1498976612113	746.0	0.235322718265563
1205.1485107145684	1361.0	-0.06073362030088949
1205.2210765186062	631.0	0.31271892249886596
1205.2314340184394	536.0	0.3843437586432593
1205.3424759197849	1217.0	-0.004812500377672096
1205.434890831526	930.0	0.12898304322651263
1205.4809164373066	804.0	0.19979334620858658
1205.452989398423	1304.0	-0.03927031549023009
1205.5110375085137	195.0	0.7215302203588458
1205.4552400230943	464.0	0.4441300504785246
1205.3539128155799	666.0	0.28821587895369566
1205.3335267022362	641.0	0.30565091222180246
1205.3444833539454	347.0	0.5529342826660704
1205.3295395918094	197.0	0.7190389356593846
1205.3102129660585	363.0	0.537081379692761
1205.305944518207	819.0	0.1908337746892056
1205.241570852326	1551.0	-0.12544561870197518
1205.1579437367247	990.0	0.0980147894827424
1205.1519754223018	1254.0	-0.019863768106202422
1205.0955797484269	904.0	0.14276051907725376
1205.1682122129962	559.0	0.36627358306294056
1205.0923384674727	488.0	0.42354000557143817
1205.1509089297206	934.0	0.1267563255111278
1205.1605066643997	916.0	0.1363218416314543
1205.2464698108654	419.0	0.48406844923136544
1205.3291057022375	410.0	0.49236350839879245
1205.3704119880736	330.0	0.5701363040170877
1205.4435580867744	1059.0	0.064670880209752
1205.4454475367497	1356.0	-0.05877718481493845
1205.459551165415	159.0	0.7669406911121776
1205.531434493761	342.0	0.558005747247548
1205.4676774929876	910.0	0.13967014511095835
1205.404880295763	499.0	0.41445837691639414
1205.4190418761198	638.0	0.30780795304069075
1205.479310951083	922.0	0.1332465653094199
1205.512507186185	912.0	0.13861193555650514
1205.4478288860596	1017.0	0.0847929145677691
1205.439701852591	1086.0	0.052124304975612504
1205.4427690090806	947.0	0.12006951949206056
1205.4096264289558	207.0	0.7068839009213421
1205.3249121941878	495.0	0.41775833965612347
1205.261442133039	533.0	0.3867435736871088
1205.2564224787836	739.0	0.23981220639834178
1205.2056265257127	513.0	0.4028654171767455
1205.2332466684593	174.0	0.7476858966091524
1205.1926489362354	388.0	0.5129277049337817
1205.1123233302806	908.0	0.14060413166396632
1205.1340208386675	317.0	0.5834795153907159
1205.0613103359365	476.0	0.4336910889884461
1204.9818159565677	607.0	0.33001535152872696
1204.895665827431	875.0	0.15861164155856386
1204.873749921828	504.0	0.4101378173512755
1204.8650264454777	284.0	0.6185013484022488
1204.9104669910116	368.0	0.5320776258753157
1205.0476835996183	1089.0	0.050586430451840664
1205.052957897029	1570.0	-0.13150993787863874
1205.0276483793964	1938.0	-0.23320582368994996
1204.973837345348	799.0	0.2025843999456296
1205.0457885589776	1602.0	-0.14141351489845216
1205.1564890212442	1005.0	0.09056213440790449
1205.1387313702676	399.0	0.5025367916163073
1205.08587824711	663.0	0.2901825256319415
1205.0863740254451	1242.0	-0.015084725396853125
1205.1753194380863	1366.0	-0.06254909159483568
1205.222708389432	1383.0	-0.06868701485166749
1205.2055866556661	1017.0	0.084693148008375
1205.2567627446085	524.0	0.3939592878407163
1205.3112398230808	425.0	0.4786271607302168
1205.2752788550804	1293.0	-0.0351141132794311
1205.2544939538534	520.0	0.39719038342188046
1205.2545848179882	1202.0	0.0013519902874062932
1205.268832330976	568.0	0.3593751949574848
1205.250427711423	676.0	0.2813290670478498
1205.3199214927315	217.0	0.6948647112075074
1205.4139871157035	303.0	0.598253526434904
1205.3690805195256	1163.0	0.01788955989504453
1205.3358557097602	1110.0	0.0411758214147015
1205.3139363335008	920.0	0.1342455490720171
1205.2346476693167	338.0	0.5619590312977131
1205.272841829206	586.0	0.345716647608423
1205.2331374073128	293.0	0.6088726211101758
1205.1522007764709	680.0	0.2785728391374273
1205.0604929236624	437.0	0.46774189881162237
1204.9845629307035	522.0	0.39547809377732623
1205.0777961890792	400.0	0.5015817913004389
1205.0708997006261	879.0	0.15645864051336536
1205.1227017936462	231.0	0.6783004687392067
1205.0575740509669	1023.0	0.0817113418303446
1205.0409202096482	453.0	0.4535719903188865
1204.9880178841065	812.0	0.1948390443570236
1205.03491871598	425.0	0.4785387783780935
1205.022996770279	593.0	0.34038663458122215
1205.0449111800292	2185.0	-0.28906846796872127
1205.0272380421031	1507.0	-0.11134577032342065
1204.9717760771307	782.0	0.2128725637523659
1204.917199277305	1157.0	0.020287417057620195
1204.8398892712255	721.0	0.2512357813163376
1204.911626584939	622.0	0.3190694164416593
1204.9426222725597	916.0	0.13623311599205912
1205.002422266975	1193.0	0.00500517520563149
1204.957085991641	1138.0	0.028578024920717576
1204.8939213861522	1186.0	0.007902450718180845
1204.827147577507	1309.0	-0.041439942488838546
1204.7753393118544	700.0	0.2650051840203982
1204.8288328984306	737.0	0.24092176662148723
1204.7718319719975	591.0	0.3417872031648887
1204.7135027586032	470.0	0.43870996534534207
1204.7035861279548	760.0	0.22634640119142774
1204.6267466467034	444.0	0.4613698935758585
1204.615525464886	743.0	0.23701573510238927
1204.6632352505296	745.0	0.23576545268930169
1204.698298151011	557.0	0.3676556302692704
1204.8186563996692	891.0	0.1497355963701396
1204.8087830892339	555.0	0.3692496533336624
1204.7860067519712	1426.0	-0.084086654209152
1204.8022939042235	382.0	0.5185285508251769
1204.8689000206668	732.0	0.24414089152632953
1204.8543776162567	412.0	0.49036845160116965
1204.8796885170395	651.0	0.2984459024709856

Average Payoff: 0.2571