1049.0	1049.0	0.0
674.3485354487499	306.0	0.375732223928034
871.5828382756249	769.0	0.06252828926544614
1011.5228031731249	1934.0	-0.31317944503200507
985.1989657369244	652.0	0.20351769864876942
1040.1699721378125	677.0	0.21149331634635996
1024.7227279544247	898.0	0.06590795756039375
1064.0002900096874	1635.0	-0.21155970679360805
1063.8595085013887	1484.0	-0.16489939500068093
1060.898381978612	1370.0	-0.127155302053308
1112.6401492583414	1769.0	-0.22777301007226336
1110.1399545865625	801.0	0.1617568372450456
1104.7888712678	2059.0	-0.30160392098156236
1096.974356752505	1379.0	-0.1139049128188067
1102.4171452078745	1854.0	-0.2542208416056522
1089.1867813418673	2076.0	-0.3117709275405786
1117.9796840536474	2080.0	-0.30082127186215557
1122.7759731339447	383.0	0.4912921884350845
1131.9541232004613	1278.0	-0.06060110248305776
1139.0464762309434	1135.0	0.0017794166800188483
1133.6999124190554	553.0	0.3442816995147755
1125.8154258249474	2209.0	-0.32481095229044066
1122.863588206071	1950.0	-0.2691744648114396
1132.935130214505	771.0	0.1900984568595717
1136.292286600867	1187.0	-0.02182580026266161
1137.626422533707	1075.0	0.028304110398353045
1137.6228578584262	1785.0	-0.22150553582405919
1137.1744854613441	1138.0	-3.6283570509910155E-4
1138.8948019512852	1088.0	0.022854605393433654
1139.7021201143934	1340.0	-0.0807749762606028
1138.2760387742692	1516.0	-0.14230771619373914
1146.4875377809765	1683.0	-0.18961471116419298
1150.281393315912	968.0	0.08605154815176498
1156.716447909148	532.0	0.369935668408174
1159.0754638980093	546.0	0.359559137926039
1172.1867806156242	862.0	0.15248687267633781
1180.487288229968	1576.0	-0.14348432276791084
1179.380882741776	1504.0	-0.12097392485204729
1179.0911789336776	1263.0	-0.03435941368207251
1177.688753358285	2712.0	-0.39445604621115743
1178.244971956085	2036.0	-0.2668605023972125
1175.9456863255853	1057.0	0.05326850852396497
1183.2931578250732	1685.0	-0.17491477145779397
1183.505043845818	1848.0	-0.21919638811195666
1181.455270707228	1139.0	0.018296095271980183
1181.5106137567307	860.0	0.1574866236747581
1181.2124379752884	1636.0	-0.161431759953312
1182.7685874252045	1239.0	-0.023219151849095572
1178.5916711113894	345.0	0.5471227540272144
1177.826785234841	562.0	0.35395867592170505
1174.7870993174706	1494.0	-0.11960972861573205
1176.5874725537558	814.0	0.18215098685846076
1179.00268633991	823.0	0.1778232810420246
1180.591505002874	856.0	0.15937977950193602
1178.650893080267	1242.0	-0.026170278044150994
1179.2110290290884	719.0	0.24244460810265164
1178.6327005282815	514.0	0.39266209397989615
1178.5443519492628	1584.0	-0.14676891893686556
1179.3913133387725	1242.0	-0.025856492635590787
1180.0576674659278	1262.0	-0.03355462634062284
1181.0069564189955	1761.0	-0.19714196878955406
1181.0610943379424	1282.0	-0.04098108077550118
1181.4420269424738	2307.0	-0.3226534838086582
1183.4105885936326	986.0	0.09099733800119797
1186.0312025078042	1181.0	0.0021255328203843658
1185.6866631585788	985.0	0.09245307789681557
1186.0073932043865	803.0	0.19256207619587737
1186.2141109176407	1696.0	-0.17687301132532912
1191.108945058956	915.0	0.13109907999143264
1192.4645730986144	1335.0	-0.05639462899637812
1190.8117706829917	1243.0	-0.021443001445573148
1191.4074948376394	1632.0	-0.15604991697725054
1192.4504132660838	1616.0	-0.15081255653766365
1192.4057723030232	1156.0	0.015502334703989849
1191.4905078279608	1177.0	0.006118035001647259
1193.9565172287057	1129.0	0.027962864025624996
1193.475777261036	1307.0	-0.045401048780930736
1193.6749373479663	888.0	0.14684085966726065
1192.2783005617819	1484.0	-0.10900275183525658
1193.2236793115972	976.0	0.10013890286341197
1193.195814049989	1931.0	-0.2361581123154932
1192.8279786419203	1240.0	-0.019389789073542562
1191.4625658957764	552.0	0.3667773420573707
1193.592019690352	443.0	0.45863111310561455
1194.764132243629	1026.0	0.07599372206769539
1195.2109009226135	173.0	0.7471150099983235
1195.3025229760356	537.0	0.3800159119119071
1194.968237177922	1368.0	-0.06751225407795255
1194.9574637552912	1493.0	-0.11088067436466036
1194.5762947899068	849.0	0.16910369124507502
1195.1350688726227	996.0	0.09088215131122938
1195.380455174846	954.0	0.11230234023655453
1195.5969364894972	1092.0	0.04528635916451048
1194.584023859751	1476.0	-0.10537619248299224
1195.3669759542183	904.0	0.13878801528817242
1194.4781298718399	1722.0	-0.18087633324764252
1194.4567655202009	449.0	0.4535907370123257
1195.3466562981582	1237.0	-0.017124756289975094
1194.3970059230996	1434.0	-0.09115936197498109
1193.9218991302237	1150.0	0.018738635936002
1193.5454714020623	1297.0	-0.041538903740511744
1194.6011454408774	2192.0	-0.29451323368913535
1195.420239940625	1071.0	0.054897250628102606
1195.9033523686414	1485.0	-0.10783553512883441
1196.6056093237682	1641.0	-0.1566089343832865
1195.7029557686737	1655.0	-0.16111711790311023
1196.1912969613595	1750.0	-0.18797445488683212
1196.5624424284526	1183.0	0.005699553071871292
1196.5994380802176	1594.0	-0.14240688093636705
1195.8850655825404	1045.0	0.06733279983876206
1196.400370585567	1157.0	0.01674189019344957
1195.6976367047887	2546.0	-0.36087960450069556
1195.8968229890859	1943.0	-0.23801456981292812
1194.9952599234507	2021.0	-0.2568426484858098
1194.456553489895	1352.0	-0.061867714292707335
1194.8028972067652	779.0	0.21066079991836587
1193.7093030032222	1189.0	0.0019764488254133596
1193.5504522980777	1175.0	0.007831985288757195
1193.659442422878	2283.0	-0.3133296705120943
1194.3167964116992	740.0	0.23487196991438553
1193.983642580108	1363.0	-0.06609989778790576
1194.6872168276466	1307.0	-0.04489481435444021
1194.4079414491068	444.0	0.45801043956452064
1194.0893953615557	890.0	0.14590995762386724
1194.27290288332	668.0	0.28259708986180393
1193.9420515470028	230.0	0.6769531460214652
1193.9209165297348	586.0	0.34154377921182155
1194.4957849848292	321.0	0.5763762549782171
1194.9602775481533	2007.0	-0.2536070569475185
1194.939035165817	1515.0	-0.1181063340100561
1194.4159460896108	2128.0	-0.28099553730146015
1195.9373579900707	790.0	0.20440592265252122
1195.5795550772523	2245.0	-0.30501269571695305
1195.261642409265	612.0	0.32273226450582854
1194.5167260857652	2460.0	-0.3462792398462089
1194.3573375919457	1356.0	-0.06338039772915813
1194.445021850876	989.0	0.09409214328498322
1194.386931205364	864.0	0.1605076898792268
1194.2821070596474	375.0	0.5220744589987905
1193.5764812021266	2285.0	-0.313755791972899
1193.9439738191766	1620.0	-0.1514088518267712
1195.2352623944973	823.0	0.18443601166341025
1195.080389087955	1291.0	-0.03858266664789315
1194.4484234582574	1512.0	-0.11733147167681111
1194.9316888661835	697.0	0.2631869278348994
1195.2795012978904	633.0	0.3075457012446564
1194.4962158068356	744.0	0.23239468415435172
1194.414100746393	642.0	0.3008112933362195
1195.917744085432	911.0	0.13522964761451037
1195.284550251338	1714.0	-0.17829656769182278
1195.1992635107588	1078.0	0.05155696880253018
1195.0175745701704	774.0	0.21382113598558258
1194.74546018077	932.0	0.12354344471408298
1195.3141710845541	656.0	0.29131423477875074
1195.7138759813458	1366.0	-0.06647351431994748
1195.2395489498751	1754.0	-0.1894591611756599
1195.2235925799166	571.0	0.35342274624931
1195.3001058592695	990.0	0.09394595520716574
1195.2619458558108	350.0	0.547002369483499
1195.3756263954347	1202.0	-0.002763177172417235
1196.5128212553957	1937.0	-0.23631215858498997
1196.5922198267456	862.0	0.1625344818678589
1196.7394745125478	730.0	0.24224316815361335
1197.0691507364202	992.0	0.09367869930807499
1196.5213327887006	1773.0	-0.19413184907815556
1196.1653122328366	1230.0	-0.013945747058771022
1195.927741561578	1570.0	-0.1352429612739014
1196.0554841856676	1495.0	-0.11108820222069672
1195.7233424397052	1390.0	-0.07513435578030134
1196.747197122737	2112.0	-0.27661611732475677
1196.717685255403	1508.0	-0.115088652853321
1196.5586272471073	1423.0	-0.08644256723158733
1196.5584756787307	369.0	0.5286027245452788
1196.8209461393153	894.0	0.14483351465292704
1196.191635735447	1006.0	0.0863647071622495
1196.2460050492946	1799.0	-0.20123689137206127
1197.2852089208495	1333.0	-0.05363616346515813
1197.2722731735057	1264.0	-0.02711107078797794
1197.1414038177916	1293.0	-0.03849524209157022
1197.2019231204945	740.0	0.2360114955822581
1197.1081055476989	975.0	0.1022546276497109
1196.6537587783773	1501.0	-0.11281886722165738
1196.5036176604663	1610.0	-0.14733506122619186
1196.4509315351534	1995.0	-0.2502150544049656
1195.903218670003	643.0	0.3006701021872665
1195.574553679252	2550.0	-0.3616068581495208
1195.5490709165904	2237.0	-0.30340452752954
1195.3327985184658	1640.0	-0.15683069081480813
1195.3594094262503	1368.0	-0.06734935020773827
1195.2415231972445	1566.0	-0.13427238207451475
1195.064429394915	1542.0	-0.1267546232668635
1194.8433408592964	1117.0	0.03367154663272407
1194.8877901746753	1160.0	0.014815054169560854
1195.9076153514995	944.0	0.11771892092179007
1195.4650877068143	578.0	0.34816873023715955
1195.578139850084	1473.0	-0.10395867972054253
1195.1053007563867	1208.0	-0.005365848612441025
1194.9213806939902	1744.0	-0.1868299788190835
1195.6560578284855	1197.0	-5.616946769751168E-4
1195.5711032404756	1591.0	-0.14190518817183026
1195.2320159584303	525.0	0.38961722008470434
1194.9732742814672	1912.0	-0.230779817661726
1195.2794304043948	1358.0	-0.06373002800160933
1196.149360362923	1167.0	0.012334963185926773
1196.823476147637	745.0	0.23267999470477346
1196.6674066577098	1029.0	0.07533354092177516
1196.6258693856182	1416.0	-0.08396691358872962
1196.7681256158162	679.0	0.27602991998055865
1196.3083824214707	1140.0	0.02410143405944971
1196.8260904680365	764.0	0.22073660309401721
1196.6692305972256	2392.0	-0.33308468755250753
1196.4658459143893	494.0	0.41554571931290263
1197.2952203888383	1420.0	-0.08508966733148109
1196.9721338620332	943.0	0.11868011262543249
1196.4835477315464	814.0	0.19024455492963738
1196.5075425631303	566.0	0.3577332450142105
1196.2791956578187	990.0	0.09435171686558194
1196.0119192800464	807.0	0.19421348197462104
1195.7547479488424	246.0	0.6587491730476634
1195.5087563529978	361.0	0.5361413824026963
1195.2512302553014	1034.0	0.07233425648343562
1195.1572701988218	351.0	0.54597115472624
1195.0918417235698	1011.0	0.08344704342850161
1196.0378328795105	453.0	0.45058871183206
1195.771009677543	1979.0	-0.24670408918783993
1195.257676398558	1357.0	-0.06337225472847767
1195.5142089352478	861.0	0.16266078176451854
1195.2070562719914	1620.0	-0.15089225596448178
1195.6965724167137	1193.0	0.0011288886365276214
1195.5557521303306	1326.0	-0.05173165326979738
1195.6827076455775	2242.0	-0.3043670348131201
1195.630773986109	710.0	0.2548399095016131
1195.1981566289787	2395.0	-0.3341881954776493
1195.0246947126077	2706.0	-0.3873277980873452
1194.61779570017	1088.0	0.046708562380004634
1194.3517543032506	1176.0	0.007742207151294704
1194.8609681540004	1289.0	-0.037900282283498156
1194.8322982582804	1017.0	0.08040044373993246
1194.4478675189787	2121.0	-0.2794651490552256
1195.5243589281476	1073.0	0.05401059876034967
1195.596374755697	1814.0	-0.20547726280887138
1195.4359206486658	1360.0	-0.06439765443602342
1195.560085573488	1034.0	0.07246276367202346
1195.4821976097392	747.0	0.23088098215860353
1196.491991712386	1121.0	0.032574866270241205
1196.267910513624	629.0	0.3107861083001217
1196.1661756658664	1324.0	-0.05072436316639238
1195.879379105078	1017.0	0.08083557594423403
1195.602763462419	742.0	0.23410513858467508
1195.4321437939336	1820.0	-0.20712383049026345
1195.0975083532992	858.0	0.16418972161905282
1194.754657396597	695.0	0.2644547827626891
1195.1812758550532	470.0	0.43549689536514885
1195.0104494029188	780.0	0.21013076134781156
1194.697476200557	1137.0	0.024744837951522616
1194.448193639451	1750.0	-0.18867773172597946
1194.5340694009972	397.0	0.5011102713630023
1194.2122954233032	1558.0	-0.13218010295995156
1194.7073667104075	1408.0	-0.08195029376628518
1194.4714854250285	606.0	0.3268429909547337
1194.8140337119396	722.0	0.24666661731202374
1194.4372333417657	2380.0	-0.3316781605785377
1194.520086504382	640.0	0.3022698364458914
1194.781256055971	838.0	0.17551384586662447
1194.4124657282027	1618.0	-0.15061358866581473
1194.503755974004	1141.0	0.022908871731482466
1194.0399549050935	974.0	0.10149257369877476
1193.7000062591226	1334.0	-0.055505001935935765
1193.7650091324278	1317.0	-0.0490826462927946
1194.4463565602987	809.0	0.19239165316213833
1193.9861831686646	1334.0	-0.055385515064737115
1193.9252645183194	2249.0	-0.30644717919234016
1194.2523644560872	1165.0	0.012398997621787351
1194.230051816902	1275.0	-0.03271058041905252
1194.8310649445225	1054.0	0.0626241193212958
1194.8111273225293	1703.0	-0.17536990864791746
1194.7611709886771	322.0	0.5754110717508554
1194.821136914334	426.0	0.4743405175342113
1195.0140325218854	1073.0	0.05379774144792819
1195.1714038020004	1296.0	-0.04047437123118706
1195.2171409892628	466.0	0.4389655771039122
1194.9184819787474	1217.0	-0.009155167633665966
1194.4943965661053	1456.0	-0.09866295275805637
1194.4235197047917	1109.0	0.03708545952319686
1194.5717105086103	943.0	0.11769041911990485
1194.7290860535866	849.0	0.16916580989762434
1194.2950380971677	1398.0	-0.0785809326905778
1194.7533467229619	1804.0	-0.20316664387980524
1194.8105266349314	918.0	0.13101531024450497
1195.0438825551532	613.0	0.32191911278867885
1194.8957197247094	1214.0	-0.007930721167736519
1194.4078143488475	531.0	0.3844933405492958
1194.724139713856	1292.0	-0.03911807455142067
1194.5780223821569	532.0	0.38375214661194346
1194.4700407260336	1343.0	-0.058534665194103434
1193.9405747535945	956.0	0.11067309373463263
1193.700232378332	1824.0	-0.20886758759497845
1193.6574802975415	2097.0	-0.2745173343355013
1193.3387941935277	1821.0	-0.20822516931923044
1193.420185981871	869.0	0.1573007228046607
1193.2861451529395	2130.0	-0.281863737858767
1192.8426490090333	1170.0	0.009667444008010175
1193.1264035216761	2175.0	-0.29151922429386484
1193.1960074804829	928.0	0.12502192468082088
1193.4492552202435	1095.0	0.04302007352606495
1193.7689229120194	1285.0	-0.03680499470713216
1194.0863460934722	1044.0	0.06706012319651762
1194.4113204383539	1404.0	-0.080660316522285
1194.2819688216991	1614.0	-0.1494572253919383
1194.2714372552928	1874.0	-0.22153469034433118
1194.0612871140397	1072.0	0.053864954054041424
1193.9470370005508	1685.0	-0.17056686235918245
1193.9829812138182	1168.0	0.011000494677766738
1194.1217621581511	794.0	0.20125616537882968
1194.7213855830712	1111.0	0.03631027846926948
1194.4185983475895	920.0	0.12978442327458084
1194.242156895682	484.0	0.42320600395919505
1194.1214176554724	1074.0	0.05296075277118118
1194.4413110607243	1318.0	-0.04917873639289534
1194.2922352342257	1104.0	0.03928666418046866
1194.6185102913635	1116.0	0.03402487686357618
1194.4190502973233	1819.0	-0.2072665431782717
1194.2927404082757	507.0	0.4039826445408445
1194.3497091216145	1476.0	-0.1054731857465334
1194.3753027359594	1854.0	-0.21638565850865482
1194.696098903672	842.0	0.17317070479661836
1194.6958018420235	600.0	0.33136300939225743
1194.4580804991522	738.0	0.23620594159602648
1194.5965189832964	1041.0	0.06870493744244555
1194.7281960134922	1954.0	-0.24113602595098504
1194.7086092562133	1278.0	-0.03368427255520439
1194.7444481064617	869.0	0.1578414654999269
1194.7233088705661	1716.0	-0.1790883693894293
1195.2333508177962	835.0	0.17743445632625973
1195.0508716623153	1399.0	-0.07862186920296992
1195.1956897637174	652.0	0.29406504831829694
1195.3207287365235	1289.0	-0.037708203365158864
1195.0674154970404	1093.0	0.04460857001229056
1195.3114931834534	1522.0	-0.12022490157498146
1195.3100119994158	951.0	0.11382792356814588
1195.3413853659786	1092.0	0.04517969465648599
1195.2796486384036	905.0	0.13820999923823946
1195.0421853991909	835.0	0.17735699680959663
1194.6637109801163	752.0	0.22739608720462648
1194.5294570405993	1201.0	-0.0027010909594050057
1194.7413532658704	366.0	0.5309921157222617
1195.1896446768903	234.0	0.6725417079929901
1195.1724393134734	1331.0	-0.05376812705764449
1194.9343016121534	1235.0	-0.016488387509598433
1194.9102123129276	899.0	0.1413194369905985
1194.9207960302645	1508.0	-0.11582995862459226
1194.7541659760088	633.0	0.3073466751892401
1195.4497835236941	733.0	0.23980390232339807
1195.8513453171163	869.0	0.15829291830541875
1195.931706981827	652.0	0.2943462168687038
1195.8070084509686	800.0	0.1983192797575009
1195.9240511593405	1254.0	-0.023705203764654303
1195.6245224365807	1146.0	0.021192348286882413
1195.6862139941877	993.0	0.09260633739922938
1195.4475625752345	781.0	0.20969317396674336
1195.6311276976803	1211.0	-0.006386052322452266
1195.612566967105	996.0	0.09108022557259828
1195.5765466710698	992.0	0.09306030775510965
1195.3375168373502	1279.0	-0.03381207397670853
1195.0949148001355	695.0	0.2645871965921971
1194.9727180713003	904.0	0.1386262506254339
1195.1590034866326	1094.0	0.04419046616358091
1195.809732513432	1203.0	-0.0029974313465179155
1195.7675492811322	1479.0	-0.10589049160364945
1195.8369603144265	1493.0	-0.11051731438964746
1195.4923303875348	1155.0	0.01722716975675419
1195.2138221762182	1424.0	-0.08734917931736133
1195.8398621157291	1055.0	0.0625721378434019
1195.5524265386946	1020.0	0.07923641275009502
1195.682901508281	340.0	0.5572002531693662
1195.8283668713536	953.0	0.11300500803836014
1195.8667526040774	355.0	0.5421914882063007
1195.606351516379	2446.0	-0.3433632105685867
1195.5506254710187	1133.0	0.026862471782577634
1195.909852891726	1055.0	0.0626012866355799
1195.6366292466887	1993.0	-0.25006404412461614
1195.4951484000492	1375.0	-0.06983279144163328
1195.5869507206412	1300.0	-0.04183907487142768
1195.6702541753662	1817.0	-0.20623888225520565
1195.969486688037	981.0	0.098747128980243
1196.1320200005675	1225.0	-0.011923339892644803
1196.2139069320774	753.0	0.2273808458660467
1196.058802072407	665.0	0.28535304821160906
1196.069667760285	950.0	0.11466061491707868
1196.2577006740396	867.0	0.15958147184739715
1196.0902011384637	1052.0	0.06409449276790338
1196.0605567604528	1801.0	-0.20184425098618336
1196.0162008030927	1544.0	-0.12700063565131986
1195.7013118857078	1611.0	-0.14796682723437715
1195.5319953680855	1273.0	-0.03138221614193141
1195.547263577411	592.0	0.33763989119344145
1195.8710065042021	844.0	0.1724966948313147
1195.9041363334277	1224.0	-0.011610320939879211
1196.0026333753895	1124.0	0.031035582606487075
1195.9478909738348	1999.0	-0.2513506124137102
1195.879374808421	1192.0	0.0016246108783163737
1196.2470660075364	1678.0	-0.16761013334237856
1196.2337154535876	1137.0	0.025386961906673965
1196.1477186531392	526.0	0.38913486421318705
1196.5808430682696	1144.0	0.02246486944639832
1196.4934529693032	1894.0	-0.22569423221412818
1196.257162663311	1646.0	-0.15823439315929516
1196.5435238572657	1050.0	0.06523066315031978
1197.0659530612556	303.0	0.5960177625768339
1197.3556423308635	1005.0	0.08734086295312588
1197.5810478045373	1571.0	-0.13487737788697965
1197.3779474203852	1682.0	-0.16830789893830517
1197.3484710706757	706.0	0.2581495078482824
1197.4267484499485	1605.0	-0.1454358269223217
1197.1870473713755	972.0	0.10381172414073628
1197.379736846773	1364.0	-0.06505098043695287
1197.671172044744	1744.0	-0.18572056358546188
1197.5603681217806	1720.0	-0.17906729114727693
1197.4988114244848	921.0	0.1305163873273859
1197.799606430551	1271.0	-0.029650196548469118
1198.1748250334083	729.0	0.2434521346683091
1198.3349538354487	402.0	0.49760517442108576
1198.2482301286288	1971.0	-0.2438280985771846
1198.3987835922235	1829.0	-0.20829803454552606
1198.3114341431185	1687.0	-0.16937116738041574
1198.4618225194415	980.0	0.10028260319328679
1198.6169403985652	2101.0	-0.27348115732865486
1198.7932121155288	1862.0	-0.21667807719231133
1198.924037370755	1984.0	-0.2466524344947153
1198.891534031703	1556.0	-0.12962705121303966
1199.0013440733348	2054.0	-0.2628337850165334
1198.8934256463958	1453.0	-0.09582080934932971
1198.9332542874638	884.0	0.15119699761824446
1199.064530388895	849.0	0.17092456082056326
1199.1507323969706	236.0	0.6711146854855646
1199.009810236604	915.0	0.13434649586835032
1198.902107534919	1180.0	0.007945727348363161
1198.930980539565	1235.0	-0.014819244978113124
1198.8020025988847	1014.0	0.08351492920823418
1198.5372079040767	1045.0	0.06843532942674568
1198.5015126832147	811.0	0.19283464592459948
1198.4815197257456	1041.0	0.07032052657662978
1198.2824009155208	1007.0	0.0867382793406006
1198.0745599329903	1854.0	-0.2149113421663627
1198.1311026971935	660.0	0.2896087912828446
1198.2818707273725	566.0	0.35837916900812306
1198.3268190104338	791.0	0.2047561090103101
1198.1014774553385	318.0	0.5805030141732479
1197.8211600634188	1534.0	-0.1230603396925064
1198.1036931015788	1023.0	0.07883634323126158
1198.463098773667	1457.0	-0.09736038182783603
1198.615942848651	468.0	0.4383829075820858
1198.5641243836537	613.0	0.3232367634697334
1198.4579113040415	1387.0	-0.07292406032665309
1198.4048346747318	1315.0	-0.04638932961245664
1198.2243778659797	2152.0	-0.28469007283075015
1198.3314065680202	928.0	0.12713512377844494
1198.4401300725444	948.0	0.11667696972478807
1198.3842471201294	2277.0	-0.3103587045874606
1198.5164896896854	2222.0	-0.2992189961356294
1198.4842388467432	1698.0	-0.172455887884321
1198.6438154845907	993.0	0.09383085610520209
1198.5783903588735	770.0	0.2177095880244542
1198.3046368772166	404.0	0.49572635477437216
1198.3229580329587	1100.0	0.04278030539150569
1198.4193343860036	948.0	0.11666841160729555
1198.4449193693858	1737.0	-0.18346625313150505
1198.6518955297324	1560.0	-0.13098720612622977
1198.7180324694384	1904.0	-0.22731100929891174
1198.6430749620172	2218.0	-0.29835042838044035
1198.7841715912639	561.0	0.3624218139287815
1199.0552835335836	1383.0	-0.0712396506920197
1198.7903664718292	1680.0	-0.16715688614656887
1198.705912685725	739.0	0.23724235430987425
1198.4913997878407	2106.0	-0.27462882798557875
1198.4921144684251	1130.0	0.02941479339476368
1198.5531966160293	484.0	0.424683866194036
1198.6909189242392	1012.0	0.08444912734118719
1198.7213547236427	602.0	0.3313790627063573
1198.716094517644	1124.0	0.032167553621382315
1198.960224488008	613.0	0.3233847060045583
1198.984198262664	461.0	0.4445730260776197
1199.1028612376097	423.0	0.4784547760710251
1199.1181098696381	1533.0	-0.12220624317968923
1199.155625425061	1338.0	-0.0547244217830263
1199.2003650207146	883.0	0.1518587597680922
1199.0344137911832	1351.0	-0.059593543281985274
1199.1459897837099	804.0	0.1972627016697749
1199.1140188729069	1102.0	0.042203045166998555
1199.2577813068324	291.0	0.6094635389257057
1199.3679814837708	1099.0	0.043669239343899866
1199.4114267580508	1576.0	-0.1356874766786707
1199.4533530306267	2117.0	-0.2766650241381821
1199.672130384624	1062.0	0.06087183395641494
1199.6135601682224	1424.0	-0.08552572041798344
1199.5546520894286	835.0	0.17918154801840372
1199.4974030849835	908.0	0.13831447794824592
1199.5885010994573	511.0	0.402544797101627
1199.5400196118426	1588.0	-0.13935583979248106
1199.4292426815239	1103.0	0.04188152273866083
1199.506930332499	664.0	0.2873651402181533
1199.4754811004848	1088.0	0.048732973105729153
1199.454682930528	1356.0	-0.061259281221121085
1199.3370256762034	1696.0	-0.1715389158220022
1199.2117902991338	641.0	0.30334105739448297
1199.1076171190418	1025.0	0.0782820110766803
1198.995655192089	1236.0	-0.015196883299979341
1199.1093463808609	1131.0	0.029230107370990417
1199.2793756717056	1952.0	-0.23886191435116716
1199.3881238474787	1063.0	0.06028502466479242
1199.2352222912236	574.0	0.3525957608056916
1199.1311596816483	1446.0	-0.09332952712562777
1199.1824222294706	2238.0	-0.3022293990136019
1199.3768440856575	1038.0	0.07212769923504186
1199.571274388447	1337.0	-0.05417893319188769
1199.8594865605303	329.0	0.5696138161916369
1199.890591768816	1007.0	0.0874037854383233
1200.0394424462074	1177.0	0.009692494804586657
1200.116933518611	360.0	0.5384961315840938
1199.9724721114237	1564.0	-0.13170446940467984
1199.9534879820887	1303.0	-0.041169966806290356
1200.051049872984	1052.0	0.06574053899947525
1199.9449016981216	1976.0	-0.24435408117027957
1199.948755455526	1509.0	-0.11408530483349995
1199.7526294892216	1453.0	-0.09546588238027318
1199.9722330344673	1083.0	0.0512368181013708
1200.1113117069592	1079.0	0.05313970892288359
1200.1441993540923	1030.0	0.0762929138857346
1200.0564974775853	880.0	0.15386913666321422
1199.961475941203	1460.0	-0.09776025946645893
1200.0997629224144	453.0	0.4519387030832684
1200.043129588513	1427.0	-0.08639251782936522
1200.0576222440598	1404.0	-0.07831715243696946
1199.920207706412	1504.0	-0.11245886303409906
1199.8596203284576	1323.0	-0.04880984208527244
1199.8908013745179	1480.0	-0.1045226165490825
1199.7775365083792	764.0	0.2219077916957931
1200.091692178325	1014.0	0.08404877396709777
1200.392461533748	711.0	0.256039757079008
1200.2480185293446	1227.0	-0.011021527782259477
1200.2869878424256	1682.0	-0.16712874678665054
1200.43271397857	652.0	0.29606080147476527
1200.7167917965544	433.0	0.4699203654216695
1200.8035847329174	927.0	0.12867897521062094
1200.924916660708	1209.0	-0.0033507613799359033
1200.939540127469	505.0	0.4079508820549806
1201.1879929203274	727.0	0.245924149855403
1201.355708604299	1144.0	0.024455014816678236
1201.3595852691694	1077.0	0.05458294909777262
1201.4548283814295	930.0	0.12735659455075815
1201.5722392668524	958.0	0.11278726167990664
1201.3730187077226	1610.0	-0.14534783487397454
1201.3945747028065	1706.0	-0.17355931997939228
1201.5269246280059	1215.0	-0.00557538806403663
1201.522828560897	952.0	0.11586727814148226
1201.4070089199051	1574.0	-0.13424805438719978
1201.4002568017122	1477.0	-0.10289714634637262
1201.4328154934733	955.0	0.11427799360263406
1201.310622962689	978.0	0.10246846897809672
1201.2503268939165	1518.0	-0.11648419050403981
1201.0467592243006	1151.0	0.021277961004825374
1200.9052902469562	1526.0	-0.11921745537543123
1201.0407819321297	248.0	0.6577045959060994
1200.9997646747825	746.0	0.23369276819136311
1201.0409288119754	919.0	0.13303560557673996
1201.2861874214568	848.0	0.17239475364150292
1201.1594926208056	1356.0	-0.06055175980458692
1201.1573966894891	1686.0	-0.16793078336028633
1201.0936299302793	1168.0	0.013968899123355149
1200.9612802979254	689.0	0.2708845337917304
1201.1945945945056	1277.0	-0.030588964067165225
1201.2616230071942	1234.0	-0.013443474279522648
1201.3203462898748	530.0	0.3877505094470112
1201.4585203617928	1640.0	-0.15433675223327536
1201.4692982847794	1154.0	0.02015279856092621
1201.617889591215	909.0	0.13864086485493088
1201.5029515244576	1524.0	-0.11832570142518463
1201.5388679784348	634.0	0.30919468820809665
1201.555147989738	1259.0	-0.023346297300913612
1201.4254093419813	1216.0	-0.0060289722287588
1201.290239269235	338.0	0.5608365578145124
1201.240144302788	986.0	0.09840718444357129
1201.1819309274683	958.0	0.1126268831005873
1201.1824472692126	1397.0	-0.07536712940871378
1201.1414935404355	1850.0	-0.21266090341377525
1201.098655494486	693.0	0.268253532634412
1201.1961290707081	1914.0	-0.22881508624046984
1201.2851839236723	1279.0	-0.031333016291855274
1201.355698319132	1761.0	-0.18891867104224364
1201.3294071597127	1923.0	-0.23098415653180074
1201.4065798344056	1184.0	0.007297112358771983
1201.4694443493336	791.0	0.20601040859794847
1201.5320534707005	1316.0	-0.045468317422808026
1201.5032663431737	853.0	0.16962896679326156
1201.5299665700327	888.0	0.1500480833422517
1201.4743552939806	756.0	0.22757608756875777
1201.679298759218	832.0	0.18177856212863333
1201.6102197204088	1168.0	0.014183860046136419
1201.5946176900268	449.0	0.45595363611646056
1201.528334748281	720.0	0.25059653091785444
1201.4818573250477	1112.0	0.03867843486289998
1201.4229330393086	1599.0	-0.14197036535806382
1201.5727112310758	1071.0	0.05745590034843955
1201.610002058043	802.0	0.1994450025941059
1201.6257713978594	1419.0	-0.08294745132044999
1201.6348294057698	310.0	0.5898480321178332
1201.5788289028962	1044.0	0.0701729223996484
1201.7200450881264	990.0	0.09659994923284712
1201.7474894635413	1676.0	-0.1647999041864743
1201.6811453375558	1703.0	-0.17258997789383368
1201.7124471156878	1244.0	-0.017290484387967736
1201.5798966321297	1807.0	-0.2012311868618117
1201.497070490241	1039.0	0.07252724077638947
1201.4801418829297	612.0	0.32505464397910344
1201.5176364868946	1385.0	-0.07093799049532792
1201.5177133147636	1687.0	-0.16807315546218812
1201.3380001326873	965.0	0.10909562594489487
1201.1422757304933	986.0	0.09836684065678214
1201.1392397956815	1199.0	8.91298204792336E-4
1201.040176570101	1899.0	-0.22514541221272977
1201.0537708823713	1386.0	-0.07148913223189357
1201.0892697166178	936.0	0.12404220706782601
1201.2852922234724	1305.0	-0.04138184431689985
1201.4314419753807	1467.0	-0.09952234629195672
1201.5427570285597	409.0	0.4920966882560731
1201.4900695997812	220.0	0.690465653323993
1201.625199685902	1623.0	-0.14917901332925684
1201.6786519293032	857.0	0.16742712691283096
1201.6845823534013	1949.0	-0.23719144145123916
1201.5856143794017	847.0	0.17308801345206157
1201.4011929976211	1432.0	-0.08756691066122227
1201.299133128492	1298.0	-0.03869119369895627
1201.2409774167909	718.0	0.2517875467973859
1201.3100315984466	1022.0	0.08065003488043987
1201.3151849734345	1867.0	-0.2169545091999175
1201.2454645013652	2034.0	-0.2574007272820592
1201.1211660029874	1168.0	0.013980359670192401
1201.0935690111041	1161.0	0.01697374292750367
1201.0508777955624	722.0	0.24910983028421457
1200.9208682946207	1192.0	0.0037280247804343095
1200.937999842175	1287.0	-0.034591698090259644
1201.0486518697865	1268.0	-0.027116253087808517
1201.2625638687664	698.0	0.2649778779631337
1201.264858348664	438.0	0.46561411626767213
1201.1592303850398	1884.0	-0.22133080292576635
1201.2223737328845	1257.0	-0.022690228053866203
1201.1134518939814	1304.0	-0.04107061419842348
1201.0331764762152	2065.0	-0.2645309391669851
1200.9103875921996	1664.0	-0.16164191885841211
1200.7620488832351	1331.0	-0.05144162389755903
1200.8547768833148	1227.0	-0.010768857909305572
1200.9982394112342	1803.0	-0.2004001709091396
1201.1416421487525	863.0	0.1638170730361072
1201.2356504542986	908.0	0.13902460371895378
1201.3643464632785	1050.0	0.06723227482084822
1201.2930266645826	1695.0	-0.17046167939159743
1201.341990439429	761.0	0.22439615142762293
1201.3638080122266	1049.0	0.0677063004078489
1201.2560326287332	2203.0	-0.2942622287424515
1201.2000023758592	928.0	0.12831110373427113
1201.275490162699	1045.0	0.06957093680053461
1201.3283297042344	630.0	0.3119748220115755
1201.2763305917156	1161.0	0.017049796448507338
1201.1693350912724	900.0	0.14333415687231602
1201.1823858499363	1353.0	-0.059438830598443924
1200.978177635258	1295.0	-0.03766932868532542
1200.9582637523504	1824.0	-0.20596705207918772
1201.0943786294904	1155.0	0.01956389313075943
1201.176467823125	1136.0	0.02788684069022446
1201.3146012370519	1727.0	-0.1795180745063645
1201.274216098242	1347.0	-0.05718606850909638
1201.3356183847018	1304.0	-0.04097829482881435
1201.333094920692	919.0	0.1331550668133359
1201.3913770642398	354.0	0.5448091005002668
1201.4550496108131	749.0	0.23197409737850375
1201.5203423572755	1158.0	0.01844457179538301
1201.409412757175	231.0	0.6774665148906563
1201.3999851990739	1187.0	0.006029134687787067
1201.4788571989036	929.0	0.1278955931800006
1201.421155898905	2078.0	-0.2672968192951785
1201.5070552139791	1041.0	0.07157482730802986
1201.4457693435213	539.0	0.38061844902722203
1201.478173164209	859.0	0.16621295853781187
1201.4832237109201	964.0	0.10966754261155282
1201.496343140222	1250.0	-0.0197853270291432
1201.4848511800387	745.0	0.23451754628519145
1201.5464896907465	745.0	0.234541785726001
1201.6178221037085	524.0	0.3926812840154963
1201.5771387437132	456.0	0.44979936156020484
1201.6281730817866	655.0	0.2944198418439635
1201.6348020434152	1142.0	0.025445432876922476
1201.7474177286183	1140.0	0.02636809472326025
1201.7466082449632	1792.0	-0.1971621078849634
1201.8550552238355	1683.0	-0.16678305688353984
1201.8456132540823	629.0	0.31288581030921886
1201.9038728175817	1608.0	-0.14452313871335837
1201.8981736161816	1303.0	-0.04036165120351515
1201.8382662678498	1697.0	-0.17081385308524066
1201.87508917035	1048.0	0.0683927254055211
1201.8630868039133	689.0	0.27123226974132497
1201.931707629517	1550.0	-0.12648144261919392
1202.0366357673129	1694.0	-0.16987470329509147
1202.0960553789273	827.0	0.1848586982289901
1202.1097877944662	678.0	0.27876552273539995
1202.0862027630649	692.0	0.2693046398938753
1202.056626625605	1153.0	0.020830338460224144
1202.0400211323333	1646.0	-0.15588263352112433
1202.0517561014462	1339.0	-0.05389431504876691
1201.987459816425	1447.0	-0.09249290300549572
1201.8115875554856	373.0	0.5262925381708775
1201.7793269326378	1322.0	-0.04763517625507954
1201.7755385586472	1070.0	0.05800552753651607
1201.76118974602	1770.0	-0.19121281084586217
1201.8223017285668	1404.0	-0.07758690918307018
1201.8743419086197	973.0	0.10523566235452707
1201.7976279552136	1272.0	-0.02837838117858257
1201.6558786023122	921.0	0.13221920775359658
1201.6557907217464	948.0	0.11799832876340703
1201.565031536856	1174.0	0.011603568486198389
1201.6081760850489	1354.0	-0.05963035544376802
1201.551275243582	1655.0	-0.15873992134720277
1201.5278570355613	1436.0	-0.08889845176004045
1201.5688818090568	1372.0	-0.06622364740093563
1201.5079342114695	2307.0	-0.31508894564805584
1201.6400044433908	471.0	0.43681844419745774
1201.578642998742	653.0	0.29579691595699786
1201.6261547081385	297.0	0.6036369723470607
1201.6225398801485	631.0	0.3113693777429293
1201.7595325678567	999.0	0.0921316161840162
1201.6658855868588	2137.0	-0.28015205667958937
1201.6024866744467	822.0	0.18758747786393506
1201.6548466221616	1329.0	-0.05032102799313574
1201.6236719379297	2243.0	-0.3023193321655938
1201.6190474311775	846.0	0.17367441852883536
1201.6222037597745	607.0	0.3287708193141002
1201.600375023511	1094.0	0.04687243310909856
1201.6708366350738	952.0	0.11592803895007607
1201.6656133804627	641.0	0.304268777421799
1201.502549209638	1662.0	-0.16081614836259361
1201.4448619650498	810.0	0.19460879558121907
1201.4346584487675	1559.0	-0.12953226060136744
1201.4202253078506	1486.0	-0.1058932920174589
1201.4326839221235	1137.0	0.027553790350746434
1201.3583482240306	1923.0	-0.23097275387318167
1201.338954852622	1819.0	-0.20450057241258104
1201.2037032578858	1154.0	0.020042301730669936
1201.319231974011	516.0	0.39906338857351265
1201.253309828199	2290.0	-0.3118498125320437
1201.2311507707745	1023.0	0.08013157747071889
1201.3252444601667	948.0	0.11786268509761672
1201.2068217700116	2351.0	-0.3236841873010828
1201.1980676117262	732.0	0.24270563656799723
1201.1946166315104	615.0	0.3227598029767996
1201.2000773467769	2129.0	-0.2786018560759917
1201.3879444661477	368.0	0.531027364779228
1201.5005565420809	952.0	0.11585813422900106
1201.6689241626652	1123.0	0.03384091529979969
1201.7108653877285	1150.0	0.021988615245523774
1201.6547778688891	1267.0	-0.026469971709661772
1201.6968959033995	1584.0	-0.13723786843385913
1201.6800260972989	658.0	0.29235138220969065
1201.7233484829694	1616.0	-0.14702531096250895
1201.7938945550698	1804.0	-0.20034843591099627
1201.7874299553755	870.0	0.16014549811344397
1201.7165387906878	927.0	0.12905266332301468
1201.633671969659	2216.0	-0.2968037026173548
1201.7106590459089	1111.0	0.0392226579192275
1201.61475960485	1472.0	-0.10113096489455047

Average Payoff: 0.0452