16.333333333333332	16.333333333333332	0.0
4.9337527397963	15.933333333333334	-0.5271258552817826
7.199075033401234	18.466666666666665	-0.43901289761813594
8.634067294643526	23.666666666666668	-0.465394978022146
11.455819099760527	18.266666666666666	-0.2291479797628259
11.620904673401235	21.4	-0.29614861928588987
12.879942626737362	17.866666666666667	-0.1621877714170938
13.102266499185202	19.733333333333334	-0.201947485898555
13.68821307058709	18.933333333333334	-0.16078699022422469
13.646549510392626	17.333333333333332	-0.11900573806357544
13.42044280825975	23.466666666666665	-0.2723505311587431
14.012843922329216	21.666666666666668	-0.21451591173725376
14.48571241384153	19.8	-0.15500006305871694
15.149571882874048	15.4	-0.008197434585534787
15.084582985377386	23.333333333333332	-0.21471102908146397
15.088192098304802	12.333333333333334	0.10046336670216728
14.881265145890655	17.733333333333334	-0.0874475946487427
15.321327992141226	27.933333333333334	-0.29157563496548167
15.624914364051929	18.666666666666668	-0.08870259729027717
15.916882073648761	19.733333333333334	-0.10705268442605598
16.197997785599156	16.666666666666668	-0.014260571007752963
16.274385378556286	20.733333333333334	-0.12048697163666303
16.280007160730687	22.866666666666667	-0.16825591709214932
16.25958144082817	18.266666666666666	-0.05813215555856483
16.325564919351887	26.2	-0.23219997428310715
16.397426284040463	21.466666666666665	-0.13387988428048508
16.330232233416737	16.866666666666667	-0.016159173025905207
16.311405112320003	17.133333333333333	-0.024575710835620317
16.327354955646435	18.266666666666666	-0.05605915762535621
16.272661975741777	21.533333333333335	-0.1391491300409902
16.355968242077402	25.533333333333335	-0.2190861328813154
16.320395886764274	20.0	-0.10130958166611372
16.3334951588916	11.8	0.16114226594624834
16.562132842629083	17.133333333333333	-0.016951850071501053
16.684314307234736	21.266666666666666	-0.12074397662034556
16.7160614078443	21.266666666666666	-0.11980722527079711
16.761963597813025	16.466666666666665	0.008886822261284214
16.779147993445395	22.333333333333332	-0.1420054456142421
17.07751153379434	24.266666666666666	-0.17388554920634908
17.071289646325475	25.666666666666668	-0.20111811050095155
17.057268850584652	23.066666666666666	-0.14977089706213562
17.176555364748943	23.266666666666666	-0.15058422638006014
17.15950279304957	22.133333333333333	-0.12658364807991349
17.191269412322608	19.866666666666667	-0.07219498810299174
17.27808935130962	24.133333333333333	-0.16553992926608424
17.25305023691936	20.333333333333332	-0.08195210083610772
17.231523065828455	19.4	-0.05919701810581819
17.234797482046567	22.466666666666665	-0.1317802579023945
17.21336363687099	25.0	-0.18445903600839383
17.345392429670515	23.466666666666665	-0.14998690025776046
17.321280604801355	32.53333333333333	-0.305128282557936
17.30140535266184	23.266666666666666	-0.1470432538958889
17.373503332048926	21.066666666666666	-0.09607562439867307
17.400500426736798	23.6	-0.15120546112213923
17.412186663103892	22.466666666666665	-0.12674587109528243
17.396313458764748	26.333333333333332	-0.20436981613543465
17.37649820714946	20.933333333333334	-0.09284392499678033
17.38577402845415	26.466666666666665	-0.20707838592944924
17.37146462341293	23.4	-0.14786163392141657
17.344727209338565	21.6	-0.1092644138393416
17.41484632068352	26.933333333333334	-0.21463083912143557
17.41011945110258	22.533333333333335	-0.1282616680605796
17.37744225507472	22.4	-0.12626648321724387
17.377006868708495	32.06666666666667	-0.2970988752979338
17.36512251334607	21.4	-0.10408525047908207
17.337274615931722	23.266666666666666	-0.14602996318675351
17.303562763621866	25.933333333333334	-0.19959274019947948
17.28495415046709	18.8	-0.04198552790771107
17.294762358108724	21.2	-0.10144854527381328
17.272712506361703	26.0	-0.20168108233000792
17.26851513159829	22.066666666666666	-0.12198117094453141
17.269325679840918	25.533333333333335	-0.19307229606807452
17.24633002739184	24.533333333333335	-0.1744150794855762
17.22183535465111	17.866666666666667	-0.018377282439238796
17.217219547168234	20.133333333333333	-0.07807417993235176
17.204091857513603	18.6	-0.038987391386480934
17.18579050964331	20.2	-0.08062446852846941
17.17636465331053	25.866666666666667	-0.201898001763709
17.157982331495155	18.866666666666667	-0.047430978030034335
17.13609863104029	20.4	-0.08695366561778589
17.135378166427653	36.2	-0.35744795460309897
17.10988512177486	26.2	-0.2098854534632537
17.08174133562157	22.066666666666666	-0.12733404972058449
17.071389550043843	25.266666666666666	-0.19356762801472704
17.066006654105838	21.133333333333333	-0.10647636007755439
17.074152223217773	24.533333333333335	-0.17927497925769542
17.04458705854479	25.266666666666666	-0.1943237054973555
17.009099794594626	32.06666666666667	-0.3068228569381176
16.98702765208456	19.533333333333335	-0.06972290559410083
16.998116349436025	22.733333333333334	-0.14434955255067236
16.97464818655282	20.666666666666668	-0.09808420599840093
17.02127672606284	21.6	-0.11855442548970152
17.012690994984116	22.666666666666668	-0.14249161289087586
17.06452696968496	23.8	-0.16482444628104229
17.09288072227858	16.733333333333334	0.010629253050729587
17.14149865238356	17.533333333333335	-0.011300261847301148
17.149319421196587	21.266666666666666	-0.10717796586173979
17.16379766084853	23.133333333333333	-0.14813798216420643
17.164796734215813	25.266666666666666	-0.19094014872657805
17.169044403623698	25.066666666666666	-0.18698921038406172
17.201784037803762	20.4	-0.08505489949574843
17.21075125631465	24.6	-0.17673082931197884
17.220771446374698	23.933333333333334	-0.16310795540056108
17.22473202130401	16.8	0.012483037957156311
17.240781299055136	20.6	-0.08877244564262585
17.2758982348185	21.266666666666666	-0.10354184891557101
17.279469592135232	24.533333333333335	-0.17348427356396398
17.282020974990004	24.533333333333335	-0.1734126728874795
17.318290488186115	19.6	-0.06180431113255462
17.306696573428265	15.8	0.04551032659167671
17.313410086176464	16.333333333333332	0.02912842828868967
17.302066181209526	19.6	-0.062271142420761795
17.29949061235744	28.666666666666668	-0.24729446025492427
17.304428732978277	23.733333333333334	-0.15665826489190116
17.335800512340377	21.133333333333333	-0.09871635884050535
17.348298914903843	25.0	-0.18068496919963073
17.326070069024492	20.533333333333335	-0.08471510314684724
17.341011360607773	20.133333333333333	-0.07451289663717657
17.339404415199436	26.133333333333333	-0.20228606187634682
17.3312584771024	24.666666666666668	-0.17466120443934768
17.313308108357422	25.2	-0.1855111315153615
17.324896997407105	23.0	-0.1407344698972896
17.346511248016732	25.6	-0.19218065710435128
17.35572966183555	25.066666666666666	-0.1817657103837482
17.373898746841572	23.133333333333333	-0.14218287181637745
17.37908297326773	20.533333333333335	-0.08319834680430024
17.37436166637739	24.266666666666666	-0.16551716603069377
17.396216593293605	30.066666666666666	-0.2669549172555613
17.391101328577896	21.4	-0.10334583278430139
17.40351815915837	23.933333333333334	-0.15796595382599515
17.39906203388405	24.6	-0.1714547329725214
17.398763251563512	22.2	-0.12124713890520093
17.42706516192733	26.2	-0.20108927349366312
17.4346923430784	25.6	-0.18973779554008802
17.443988150457617	23.0	-0.13737546922606142
17.44288233819054	22.333333333333332	-0.12294912707454742
17.443749271469894	25.933333333333334	-0.1957158838737433
17.442768870958435	22.4	-0.1244198450438245
17.4438020985926	22.866666666666667	-0.13452744992009744
17.440325875699166	25.266666666666666	-0.1832566595084793
17.43045061080724	21.0	-0.09288336026403358
17.428970547924727	24.2	-0.16265185910086888
17.413746872805852	26.2	-0.20145604900258118
17.405635673727076	24.266666666666666	-0.16464247492006373
17.404813304436964	20.4	-0.07922765472859788
17.4029873491763	23.066666666666666	-0.13994879509652253
17.397706060429904	21.2	-0.09851087869359626
17.390255779379814	23.533333333333335	-0.15011091859597278
17.3880220670562	26.866666666666667	-0.21418396266761158
17.389947615963244	21.133333333333333	-0.09717203792421117
17.385654422391962	24.933333333333334	-0.17835206632323697
17.3873251371011	25.6	-0.19104875301512494
17.380201147821882	30.066666666666666	-0.2673825713521768
17.386166696227775	21.866666666666667	-0.11414462566348885
17.392584117152083	19.933333333333334	-0.0680693038436811
17.39564141045489	24.133333333333333	-0.16224074792229842
17.406461430894304	25.866666666666667	-0.1955071335887366
17.393406692234777	22.6	-0.13018629165132237
17.384802715492974	27.933333333333334	-0.23276620659056335
17.37526717995035	23.2	-0.14355377610249856
17.375041498214344	11.866666666666667	0.18837390758735423
17.38899092808376	12.4	0.16747767455863558
17.413580299434383	16.4	0.02997553913128031
17.417491707934378	15.333333333333334	0.06363682050680855
17.423982114925458	15.4	0.061661687111544246
17.428113785603998	14.8	0.08154724173705603
17.419322319748616	15.533333333333333	0.057233292705466454
17.42006956282231	18.4	-0.0273570221704639
17.438393462372634	22.266666666666666	-0.12160347292265533
17.448303934899037	22.8	-0.1329669959200577
17.443782310731006	20.066666666666666	-0.06992409921609063
17.47191161366304	18.933333333333334	-0.04014316403578736
17.468075241117436	21.2	-0.09651177969453846
17.45784901745399	21.0	-0.09210476074567801
17.467815887366115	18.533333333333335	-0.029596762020990812
17.473378646462415	22.4	-0.12355665661592177
17.474257217850464	23.2	-0.1407706784043425
17.478482556227338	22.866666666666667	-0.1335522166660319
17.4784378153214	22.4	-0.12341411685860279
17.490770382816052	20.2	-0.07188045215491634
17.487074524025505	27.6	-0.22429766363718343
17.50437305944364	24.4	-0.16455626076959878
17.512069310428483	25.666666666666668	-0.18885678729835725
17.51965866336008	29.933333333333334	-0.2615994091761012
17.52225208880479	18.466666666666665	-0.026241815828887412
17.515651374651462	18.266666666666666	-0.02098844717516625
17.514106406905228	19.533333333333335	-0.05450381836332275
17.51145900771968	17.466666666666665	0.0012805815117136138
17.51740615010644	19.2	-0.04582550965105913
17.522150671101905	15.533333333333333	0.060166032888876196
17.526398998427894	20.266666666666666	-0.07250715495064128
17.53375533038456	15.666666666666666	0.05623689553957252
17.536438956874846	24.466666666666665	-0.1649932214990224
17.530761797030422	24.933333333333334	-0.1743254274835527
17.533202056729976	32.86666666666667	-0.30423620136967905
17.53353243288478	21.0	-0.08995976616348085
17.53191719172536	25.533333333333335	-0.18579750597183065
17.52948776637928	20.133333333333333	-0.06913570175904644
17.5343629557832	21.733333333333334	-0.10693192558673024
17.544424828970286	24.933333333333334	-0.17394770402267246
17.54353011094052	23.8	-0.15132887473012047
17.54081289167821	19.066666666666666	-0.041681475845846055
17.534840600848188	27.666666666666668	-0.22414796935543693
17.53071903081725	24.066666666666666	-0.1571240001326515
17.530566129256794	29.4	-0.252914781339996
17.532232492884717	20.733333333333334	-0.08365486753773153
17.530833356112023	24.733333333333334	-0.17041623061315422
17.530745950992696	19.733333333333334	-0.059107521898899784
17.533840791439676	29.8	-0.25914143039029824
17.53649038151594	20.466666666666665	-0.07710349646571937
17.53930651620299	27.4	-0.21942246661598366
17.53930210544519	21.933333333333334	-0.11131841537926242
17.537648140609978	28.4	-0.2364585976657225
17.538639125922348	22.6	-0.12609697250071747
17.538844348603597	22.666666666666668	-0.12754028461708888
17.532896574033888	24.466666666666665	-0.1650914809017219
17.532143139649524	28.466666666666665	-0.23771318373363
17.53766614971285	26.933333333333334	-0.21127627651369565
17.538727664689414	27.933333333333334	-0.22859323814453683
17.532354457186557	20.533333333333335	-0.07883684888767885
17.529034239847757	26.2	-0.1982885263962882
17.522696651961077	25.066666666666666	-0.17713272579977749
17.518886308205662	19.933333333333334	-0.06446739467611583
17.522765525277883	23.066666666666666	-0.13658484097959456
17.517818346835526	18.333333333333332	-0.02274724655355801
17.5162056158551	21.466666666666665	-0.10133837810054805
17.51138000651776	18.466666666666665	-0.026551932316573178
17.508482241450675	25.533333333333335	-0.18644313639464613
17.504514435668206	22.133333333333333	-0.116777755559298
17.49796880265482	25.466666666666665	-0.18547109214278848
17.494542317906767	20.466666666666665	-0.07829372215114913
17.49428930250236	22.266666666666666	-0.12002672591335196
17.4913975043853	23.4	-0.1444950003232598
17.483133754555894	23.333333333333332	-0.14332939610330137
17.485732009998305	27.333333333333332	-0.21971902465833534
17.48172772191226	25.8	-0.19218900713791154
17.48293739536555	21.666666666666668	-0.1068651745410256
17.47822842709876	21.6	-0.105474883043649
17.478184095388674	28.733333333333334	-0.24355723127475595
17.47866215537627	23.866666666666667	-0.15450365720358433
17.470454050674256	23.066666666666666	-0.1380515566217427
17.46548394910258	22.333333333333332	-0.12231140814275002
17.461103624096616	21.333333333333332	-0.09981404585110502
17.457343819087438	23.4	-0.14544891139341062
17.454178607421138	24.2	-0.16194825148651523
17.453386092956954	21.666666666666668	-0.107701300905665
17.45045810189601	24.733333333333334	-0.17264629336648737
17.441142767656828	20.866666666666667	-0.08942103319383742
17.442078822842713	24.666666666666668	-0.17156977154837888
17.439937912887682	28.933333333333334	-0.24784525895145373
17.445784606429505	23.333333333333332	-0.14437655899278304
17.440656161878437	25.866666666666667	-0.1945631813388013
17.438116531165555	29.133333333333333	-0.25112417234583384
17.431708633579483	24.4	-0.16657917149544482
17.428607388767638	22.133333333333333	-0.11892050437094549
17.433372857105866	24.2	-0.1625289203956298
17.432688522993118	25.333333333333332	-0.18474116757650816
17.42914095498188	18.266666666666666	-0.023462859296026973
17.433379097005265	22.4	-0.12468490034198812
17.436994158676598	20.066666666666666	-0.0701177551769308
17.428237778572882	21.2	-0.0976426168609565
17.420116053261992	24.666666666666668	-0.17218114916570554
17.41303985754291	24.733333333333334	-0.17368738806154513
17.404803504890218	19.733333333333334	-0.06269915581889213
17.397367044361275	23.0	-0.13868807215792914
17.400182402318343	19.066666666666666	-0.045698608651265814
17.407821893038488	22.933333333333334	-0.13696958873113052
17.41150223188509	19.266666666666666	-0.05057952701817745
17.416733939841322	22.4	-0.12515506841138302
17.408409287603757	16.0	0.04215732857793828
17.39983590016189	20.866666666666667	-0.09059701132734328
17.399336654326035	17.733333333333334	-0.009506726335476872
17.40183362220585	22.533333333333335	-0.1284957620645611
17.394267451590352	20.8	-0.08916868356557103
17.395194063037604	21.066666666666666	-0.09545748785870799
17.395653020383378	18.066666666666666	-0.01892187685985827
17.402950951898813	24.266666666666666	-0.16471751139155624
17.39891112637714	17.0	0.011596620745104171
17.40286876901761	20.133333333333333	-0.07274216386811046
17.4036717125738	27.0	-0.2161156480379258
17.404066999136525	24.466666666666665	-0.1686762817174692
17.406772333697848	26.933333333333334	-0.21485201391206657
17.40260460626368	26.6	-0.2090193404693842
17.394299394200623	21.866666666666667	-0.11391383659618609
17.385600034903064	21.133333333333333	-0.09729587428089939
17.387321067175144	21.533333333333335	-0.10652473166288862
17.3787057228036	23.266666666666666	-0.14486177878858414
17.38623826305628	18.066666666666666	-0.019192458416571915
17.38583120286826	20.733333333333334	-0.08781677592345882
17.380837951564033	28.866666666666667	-0.24835564231880605
17.38463454098492	26.866666666666667	-0.21427691089097714
17.386308024694426	24.466666666666665	-0.16917217220963035
17.38678037808461	23.2	-0.14322938572024102
17.389535648317494	26.8	-0.2129568508385267
17.380639965794586	25.133333333333333	-0.1823563587668193
17.384194729094546	25.0	-0.17968502927997357
17.382521242248664	20.6	-0.08470945720613395
17.382356047158872	27.2	-0.22021366350526878
17.389142917831027	19.333333333333332	-0.0529427918260458
17.38281802391839	21.8	-0.11273262615734347
17.380246761429063	23.733333333333334	-0.15452525801112643
17.37841262349921	22.733333333333334	-0.13350006543213014
17.37526548286075	24.666666666666668	-0.17343163862862276
17.37204158272049	21.666666666666668	-0.11000940544731254
17.364486020814738	24.4	-0.1684568553215015
17.365944420385702	23.8	-0.15629559020703782
17.360757809056587	24.4	-0.16856116986978678
17.360861843359174	25.666666666666668	-0.19303467131216143
17.366322149760272	21.733333333333334	-0.11168924967794984
17.365066076464586	31.333333333333332	-0.2868321634008035
17.365441819182095	24.666666666666668	-0.17370589081779528
17.363088069377927	29.733333333333334	-0.2626578600989687
17.35933024220458	22.8	-0.13547710395024629
17.351485441310558	25.866666666666667	-0.19702788782087638
17.34624529191367	25.533333333333335	-0.19093210110509806
17.34040292882145	28.866666666666667	-0.2494480571641941
17.336518095215112	32.06666666666667	-0.2981619230106185
17.33500005102164	26.866666666666667	-0.21564043447779563
17.3271562125014	21.466666666666665	-0.10670540170940837
17.32110487475516	23.6	-0.15343904189445248
17.323081528375376	22.466666666666665	-0.12926910502369554
17.321374830459767	20.333333333333332	-0.0799888951408662
17.320747069271714	21.733333333333334	-0.1129865616748022
17.317284105812092	26.533333333333335	-0.21016920093111574
17.311118350592277	27.466666666666665	-0.22679880910054126
17.31104366259808	22.066666666666666	-0.12076941407470052
17.30880607965624	18.133333333333333	-0.023264037310764128
17.30423837834379	23.0	-0.1413191726435562
17.302588724308865	22.866666666666667	-0.13851583476470994
17.295156105540386	26.133333333333333	-0.20351104406320233
17.29041358734128	18.0	-0.0201070585614573
17.290497262406966	26.4	-0.20850077953750393
17.296130869889417	24.4	-0.1703723818470791
17.290477134021966	22.2	-0.12432169024740308
17.290727888095905	25.666666666666668	-0.1949824672884437
17.290645214958236	27.4	-0.22620740283378363
17.29068898807029	24.066666666666666	-0.1638397226158311
17.286195736862656	21.333333333333332	-0.10479510480602912
17.280056007252256	22.066666666666666	-0.12165208012577954
17.283006224117987	23.2	-0.14615994037411503
17.28097393057304	24.333333333333332	-0.16946958549703084
17.280611139028245	22.6	-0.13338283213433652
17.28142582091696	24.066666666666666	-0.16410045633392248
17.280712706358152	23.6	-0.15457869678135563
17.277700972865087	25.466666666666665	-0.19157999395054998
17.269595316303658	20.6	-0.08794402622682726
17.274190162353463	26.066666666666666	-0.2028680821655087
17.271524167452466	22.866666666666667	-0.13939697786423644
17.267673916962526	23.066666666666666	-0.14377308927811808
17.274914123709202	21.4	-0.10666050512991214
17.271223403894815	28.466666666666665	-0.24477393350458973
17.266598432386964	31.4	-0.2904127681586114
17.269846872913412	19.333333333333332	-0.05637451305577439
17.270984396054132	25.333333333333332	-0.18923783707767208
17.271933305225126	18.6	-0.03702244547219396
17.268758814464235	20.266666666666666	-0.07986875901298848
17.263825127775092	22.333333333333332	-0.12802707069340377
17.25841822952689	23.0	-0.14261816591348442
17.251322705639733	21.4	-0.10733597206894344
17.2472433315143	27.266666666666666	-0.2250852224745434
17.240946276584108	20.6	-0.08876769885362167
17.240618498484007	22.4	-0.13015391023006626
17.23288084934549	21.333333333333332	-0.10632240086011528
17.2343466640295	27.066666666666666	-0.22194345599368842
17.234636684054337	27.466666666666665	-0.22889779974272925
17.230286667918286	19.733333333333334	-0.06771649165666928
17.22640972552371	18.866666666666667	-0.04544519628417898
17.22477697754448	15.866666666666667	0.04104113212707761
17.21814105429824	21.066666666666666	-0.10052357165845081
17.22155357700584	20.133333333333333	-0.07794909842228875
17.214469831069167	19.333333333333332	-0.057975126240362794
17.216767364633778	22.8	-0.13952233033947165
17.220034463109773	25.2	-0.18811784662339057
17.21344700059557	22.666666666666668	-0.1367403240514751
17.206362836871495	25.6	-0.19608386713712103
17.204754707324575	24.866666666666667	-0.1821167840095539
17.203429135491604	21.133333333333333	-0.10251006983277441
17.195427703287255	23.333333333333332	-0.15144567642963594
17.201685331415202	22.866666666666667	-0.14138293822323056
17.203987477284713	23.466666666666665	-0.15398520926699552
17.196864734427592	23.266666666666666	-0.15000672759063555
17.19170816874581	19.0	-0.049964257636664525
17.19178740881166	23.6	-0.15709565572515385
17.18433772292341	18.6	-0.039560946692321214
17.18010291378034	19.0	-0.05030104780399882
17.175947201696847	27.533333333333335	-0.23166076500652633
17.168475522827762	22.266666666666666	-0.1292804047552558
17.163180067833338	21.466666666666665	-0.11140314970470536
17.170055842917805	18.666666666666668	-0.04176193354033972
17.173186444054615	23.2	-0.1492776292081077
17.178280156941856	16.4	0.02317808277565873
17.1857557537658	19.866666666666667	-0.07235453818594288
17.187862930720947	20.4	-0.08545676233840205
17.1854507381266	29.8	-0.2684777747941716
17.190806366704955	27.066666666666666	-0.22314559831545241
17.189190233093036	17.2	-3.143361862752021E-4
17.192641052305245	20.8	-0.09494888609424207
17.193627747500635	25.733333333333334	-0.19893571244775365
17.196413582159906	23.333333333333332	-0.15141766771870654
17.19771373735527	25.466666666666665	-0.19381396966289682
17.19833665313787	27.933333333333334	-0.23785950494217073
17.205789981424328	21.866666666666667	-0.11928803779145178
17.210976677896873	23.133333333333333	-0.14679533876742265
17.215840482321745	24.066666666666666	-0.16594985763874065
17.223807561821523	25.6	-0.19559662989066062
17.22536047582244	23.6	-0.15614410870793763
17.226253876920065	22.0	-0.12169773178082421
17.226828143291044	21.133333333333333	-0.10183755854163452
17.22989131248477	21.2	-0.10330783023124122
17.227372550100796	32.93333333333333	-0.31311283417204705
17.23163165800657	27.933333333333334	-0.23694697156033992
17.239324774503363	23.4	-0.1515939366532431
17.243527290404703	20.6	-0.08869344244362595
17.243231417980866	25.533333333333335	-0.19380008571393703
17.24536343712614	20.866666666666667	-0.09501732706650397
17.248900147542223	27.666666666666668	-0.23194111213640123
17.245273623231164	24.466666666666665	-0.17312532078936743
17.2446120033947	24.533333333333335	-0.1744633746631608
17.239682505042566	27.0	-0.22062358819697508
17.239211099998304	23.533333333333335	-0.15437158315264654
17.233935593276527	19.666666666666668	-0.06592659535074714
17.231671081608887	18.466666666666665	-0.03459532468335828
17.231899768939385	25.666666666666668	-0.1966211833765703
17.231927188713346	20.8	-0.09381782820476013
17.22546007380404	17.133333333333333	0.0026813147766583043
17.21920978102688	18.266666666666666	-0.029517571228196815
17.213446366085755	16.8	0.012155380011653116
17.212971162019663	18.133333333333333	-0.02603842705634674
17.21162139599381	18.066666666666666	-0.024237153150803277
17.208328666546766	24.6	-0.17679901515335467
17.201793669308884	17.8	-0.01709073358762326
17.200162286838143	24.4	-0.17307234677398864
17.196711568153933	24.866666666666667	-0.18234282219784825
17.198642351846534	27.2	-0.2252626908925631
17.196080426676815	24.333333333333332	-0.1718601892119455
17.197836058956256	27.933333333333334	-0.23787323525924806
17.20119776437345	28.333333333333332	-0.24447678060136036
17.195506747099277	31.0	-0.2864269759697375
17.193072324767826	26.4	-0.21120162411680188
17.190500424515175	19.466666666666665	-0.06209334825273607
17.19355971154773	25.4	-0.19266857111798014
17.19414922689027	28.933333333333334	-0.2544943589998976
17.18730748485001	20.933333333333334	-0.09826765154211388
17.18728100005326	24.333333333333332	-0.17210854049271507
17.184913092075988	25.066666666666666	-0.1865434054678108
17.178919423022762	25.866666666666667	-0.2018266687214384
17.1820921755652	21.133333333333333	-0.10312403177802323
17.176383661908655	22.066666666666666	-0.12461526216266348
17.176431158873214	15.333333333333334	0.05669366894311768
17.182751339242664	16.066666666666666	0.033567043861568904
17.179169276383057	21.0	-0.10007631899891652
17.175479465250557	25.733333333333334	-0.1994428023038943
17.171370621374265	22.533333333333335	-0.13504603177688038
17.174435202015413	21.533333333333335	-0.11261042153172132
17.17640792030561	19.866666666666667	-0.07262514724701595
17.178182224635147	25.133333333333333	-0.18801385400150247
17.17258380909321	25.8	-0.2007655911321112
17.17532824109559	23.733333333333334	-0.1603084735565391
17.171167674545956	22.8	-0.1408223140060665
17.17244478367738	24.266666666666666	-0.17119628376902338
17.172368995986734	20.6	-0.090744401135588
17.172124577183514	21.066666666666666	-0.10184793929932341
17.165756256206	18.866666666666667	-0.04720499684690824
17.16066112313202	23.4	-0.15382734659888572
17.163286856690902	22.933333333333334	-0.14390356217799072
17.156178646131405	28.4	-0.24681221489641803
17.153672114762717	21.266666666666666	-0.10705253213154853
17.15575158361496	25.2	-0.18992104060542517
17.157646763410142	25.8	-0.20118311610940293
17.16715359071277	27.133333333333333	-0.2249677246145791
17.172892193908908	22.933333333333334	-0.14362960023529597
17.170533700981156	22.866666666666667	-0.14227101079445822
17.176623103425396	21.933333333333334	-0.12162402271144422
17.177415670632072	26.066666666666666	-0.20555994058792798
17.178041020460892	25.2	-0.1892951818057366
17.184522187976587	23.0	-0.14471934703664174
17.18860329865115	19.666666666666668	-0.06723769410310844
17.194671385473328	18.866666666666667	-0.046365314530920965
17.19848277410521	16.866666666666667	0.009740632666692419
17.203507302157018	20.2	-0.08011261279955362
17.21027753324941	20.733333333333334	-0.09284977680357534
17.20986102722532	30.266666666666666	-0.27501601893942107
17.209536148036133	23.533333333333335	-0.15521236637956715
17.213744655463376	24.066666666666666	-0.16600905348851266
17.214362989234516	28.266666666666666	-0.2430090910661278
17.212615382824772	23.866666666666667	-0.16198071027203534
17.21505929794022	29.333333333333332	-0.2603371104859902
17.21485625610957	25.533333333333335	-0.19459249987227756
17.220595985155857	20.933333333333334	-0.09730943613134765
17.227448188889646	16.8	0.012561864366579566
17.227697123160638	20.133333333333333	-0.07777184340662763
17.23385311253148	15.4	0.05619480807883137
17.236792188307582	19.733333333333334	-0.06752860883754293
17.242011439182406	22.866666666666667	-0.14023536783337706
17.244026751868425	20.0	-0.07399772496386459
17.246726833461608	20.0	-0.07391986895516721
17.24621589109153	22.866666666666667	-0.14011585349126424
17.253843258912582	20.533333333333335	-0.08678843909956793
17.25653793330883	20.2	-0.0785833990298833
17.262086196256583	21.666666666666668	-0.11314465906266219
17.26171837941148	23.4	-0.1509597199831219
17.270794601035597	26.266666666666666	-0.206623716764683
17.277278471324568	19.133333333333333	-0.05097565709597127
17.276711412140642	22.133333333333333	-0.12323309837780498
17.275611272755736	27.266666666666666	-0.22430499417876174
17.27794170475671	26.4	-0.20884817230867497
17.278317018007677	21.4	-0.10656314182629424
17.280756558246182	26.866666666666667	-0.2171340795947306
17.287861447260994	21.333333333333332	-0.10474745561483856
17.292951259040322	24.666666666666668	-0.17573361656157413
17.298588994989615	30.133333333333333	-0.2705929616240691
17.3024917350285	24.4	-0.1701938653946153
17.301946615664544	27.733333333333334	-0.23162699842173198
17.30421128182573	21.8	-0.11496942581894644
17.307760526554823	25.933333333333334	-0.19947628602383422
17.31065451582939	22.4	-0.12816070513624755
17.31192768380108	16.266666666666666	0.031128790151987242
17.306921465643267	14.466666666666667	0.08939043293282956
17.308084671018623	20.933333333333334	-0.09479901247129878
17.31173310893323	23.466666666666665	-0.1509361228396288
17.31701700548743	20.533333333333335	-0.0849745457850394
17.31526277900896	18.666666666666668	-0.03755784941155013
17.31341018118169	22.6	-0.13245146918843892
17.31684008392471	20.666666666666668	-0.08819160918284101
17.317803918755214	21.266666666666666	-0.10234331812766727
17.323281070219064	18.533333333333335	-0.033746974811832434
17.32620234791128	25.733333333333334	-0.19524434837517157
17.3288800719307	22.6	-0.1320127165744076
17.335405259581055	23.133333333333333	-0.14326930552679565
17.33565740477864	20.2	-0.076309908851009
17.338888440453715	21.066666666666666	-0.0970635163537012
17.343035033331493	21.533333333333335	-0.10778522984659446
17.34089531675118	29.333333333333332	-0.25693917957357476
17.338665987819113	23.333333333333332	-0.1473905253139732
17.336348640972947	21.066666666666666	-0.09713607110824023
17.33787692835521	23.0	-0.14036740410759302
17.340682942902284	23.466666666666665	-0.15011961772513388
17.343043618453645	25.333333333333332	-0.18722980453346827
17.342387193811174	27.733333333333334	-0.23052201979255668
17.347185484386287	24.933333333333334	-0.17942419017260774
17.34580678681577	30.866666666666667	-0.2804431905551668
17.348410425553308	24.066666666666666	-0.1622176442205734
17.353161270189485	23.6	-0.1525361787969638
17.360062498699836	26.733333333333334	-0.21257765834909823
17.36567328272608	20.333333333333332	-0.07871984747054475
17.361600785411923	23.2	-0.14393907295413919
17.36094223046308	21.133333333333333	-0.09799875559726491
17.36222880160951	23.466666666666665	-0.14951268691067748
17.367674558230522	17.466666666666665	-0.0028417964845963545
17.369533844391718	21.866666666666667	-0.11461692935857719
17.370143977572955	23.466666666666665	-0.1492898831450168
17.37002264612407	18.133333333333333	-0.0214996770347829
17.368865426992397	23.466666666666665	-0.14932586713180443
17.368311231033765	25.533333333333335	-0.19031955966278288
17.367478811153756	12.6	0.15908841852185854
17.37147351982319	14.466666666666667	0.091236700263954
17.36893293156739	14.466666666666667	0.0911641778866233
17.366223767773853	23.133333333333333	-0.14239932429784072
17.36786856074021	20.266666666666666	-0.07702494765540358
17.370973111667418	21.6	-0.10851735408850918
17.37018844873712	23.0	-0.13945467602688372
17.37476092162125	18.666666666666668	-0.03584502145151539
17.38095899178338	27.333333333333332	-0.22257702904445942
17.38808896853463	25.0	-0.17957665034429407
17.38786305191007	24.4	-0.16780319537707045
17.390266159651162	22.2	-0.12148778745141976
17.39252411825497	24.333333333333332	-0.1663431176490817
17.39382132237666	23.4	-0.14723255833669022
17.39329294794731	27.866666666666667	-0.23140484012578777
17.394138208156413	23.0	-0.13877909123734314
17.399511341878906	23.6	-0.15123323315777212
17.400903458022555	15.4	0.06100147395583906
17.40070441203265	16.4	0.029606022402196203
17.401908419560087	25.2	-0.1830455927852172
17.401803954588594	21.533333333333335	-0.10611313241796075
17.402404865116335	19.733333333333334	-0.06276779677195995
17.40201956448909	26.733333333333334	-0.21142492709749322
17.39849304475679	24.133333333333333	-0.16216094681859378
17.396226545889558	22.666666666666668	-0.13155415643135046
17.39208528173964	24.933333333333334	-0.17817302931312523
17.388435656169506	22.466666666666665	-0.1274173371670767
17.38738756782399	26.933333333333334	-0.2153833595531628
17.38544808524338	19.0	-0.04437356140218663
17.385249553588206	28.266666666666666	-0.23835619649741197
17.381500133675743	30.0	-0.26631701889395926
17.379497567200062	22.133333333333333	-0.12031119152409547
17.375683437712397	24.466666666666665	-0.16946904777731767
17.37603462071991	23.133333333333333	-0.14212264973236555
17.378168156097196	17.733333333333334	-0.010115351442405619
17.377069439663824	23.133333333333333	-0.14209347475326603
17.374618075481354	19.466666666666665	-0.056785440731167466
17.371986958363355	19.4	-0.05515103233156663
17.368550370002474	27.133333333333333	-0.2194240367087855
17.367366748262878	28.133333333333333	-0.23661100962762976
17.368972504624075	21.8	-0.1131259569000137
17.364704157172337	25.866666666666667	-0.1966618764909973
17.362866886885772	34.733333333333334	-0.33343058367058975
17.35892431392001	30.8	-0.27909833696586406
17.357219956807267	24.066666666666666	-0.161970477827093
17.357949381404044	26.2	-0.20299510753302
17.35469281140218	29.066666666666666	-0.2522970888174365
17.35088168421553	20.933333333333334	-0.0935751627002321
17.35025698178007	27.0	-0.21758031801674177
17.352808047892683	22.066666666666666	-0.1195819744658583
17.35078484408028	31.133333333333333	-0.2842693444236688
17.34692226737356	28.533333333333335	-0.24381754023592275
17.34460046231976	25.8	-0.19597816290047104
17.340562850382316	22.933333333333334	-0.13886837413094388
17.34147214407249	21.866666666666667	-0.11541467307177357
17.345676920348925	24.133333333333333	-0.1636407515866857
17.352071603371606	23.8	-0.15668539019795333
17.35448710999852	17.733333333333334	-0.010797086240983984
17.352432479671197	21.933333333333334	-0.11660459606328326
17.35456001591097	18.0	-0.018256201853411737
17.350531464456434	28.0	-0.23482566116981685
17.35028754028258	22.6	-0.13140612453474945
17.350021933121845	18.466666666666665	-0.031176660299953415
17.35012629877327	16.866666666666667	0.01412930874599824
17.350134936809315	14.333333333333334	0.09521689916501047
17.349278328028618	15.866666666666667	0.044635540599514155
17.346742331457115	19.8	-0.06604233681254423
17.347239366373294	25.0	-0.18071451051195417
17.35292355018052	16.333333333333332	0.03026724579026109
17.34853647465837	29.733333333333334	-0.26304810979645415
17.34425444375397	20.533333333333335	-0.08419435018796215
17.341647277452278	26.0	-0.19976981186527434
17.338983224146983	23.8	-0.15705338998414167
17.33546439890664	27.6	-0.22842838587294345
17.335031397378657	22.466666666666665	-0.1289300587384649
17.33592834024087	27.6	-0.228415702954722
17.331603962254185	24.0	-0.1613389125627857
17.330461436549765	23.2	-0.1448179555675419
17.33200425097267	22.466666666666665	-0.1290159268463973
17.335281134160038	19.666666666666668	-0.0630071028978248
17.33345759458326	22.2	-0.12309933665107853
17.33259581677312	24.4	-0.16934973837372352
17.336404052717853	21.933333333333334	-0.11706035198107367
17.339177012786923	20.133333333333333	-0.07456549600594625
17.338291381634065	26.333333333333332	-0.20596994067446348
17.33819215405065	34.733333333333334	-0.33406244615393926
17.334621155813714	24.0	-0.16125414139059552
17.332061600150844	19.333333333333332	-0.054582031280804605
17.33129296067128	24.266666666666666	-0.1667238914631163
17.331002146595733	22.533333333333335	-0.13050088817752592
17.32982481358111	24.0	-0.16138890538502962
17.325599342467957	24.6	-0.17350737429204835
17.323673753614234	26.466666666666665	-0.2087901766759954
17.319438824211844	17.266666666666666	0.0015258195970950122
17.318544388758117	19.866666666666667	-0.06852515302684604
17.31922260549341	21.266666666666666	-0.10230278828953557
17.318890387151427	22.066666666666666	-0.12054612489110354
17.318079647039315	25.466666666666665	-0.1904554244608661
17.31371154958686	23.866666666666667	-0.15912809451792298
17.313347038877723	19.2	-0.05167022785157043
17.313723136063146	25.666666666666668	-0.19434313111029533
17.311783607534448	20.533333333333335	-0.08512458108750179
17.31172898757521	27.533333333333335	-0.22793154511890168
17.310731206181003	23.666666666666668	-0.1551083228907811
17.311872613460338	21.0	-0.09626591275634724
17.313479489527893	23.533333333333335	-0.15227268454894727
17.313240426872795	19.933333333333334	-0.07034453486456839
17.309628268512633	23.266666666666666	-0.146810801914527
17.309692476411	19.2	-0.0517754983778713
17.311771299070298	23.4	-0.14954467729260243
17.314104154699496	22.266666666666666	-0.12512546898893942
17.313240884231256	22.933333333333334	-0.13964151131773428
17.316430971599765	17.733333333333334	-0.011894583886685153
17.321737185148677	19.666666666666668	-0.06339634148346479
17.321370731150548	21.6	-0.10993007667700334
17.324933832700275	21.8	-0.11437888141703398
17.326375103403148	18.133333333333333	-0.02275704639167792
17.32793192514594	21.133333333333333	-0.09894113941944341
17.328604543549087	22.0	-0.11877857123758903
17.330562432721965	22.4	-0.12759541413143602
17.336426700200068	23.266666666666666	-0.14605389576809535
17.337034717036055	19.466666666666665	-0.05786461332863782
17.339818313531563	24.6	-0.1731095168842445
17.342494189159005	24.466666666666665	-0.17039740410180898
17.34755410403293	20.666666666666668	-0.08731239245056487
17.343591328997466	22.0	-0.1183524054035864
17.349914982471677	18.866666666666667	-0.04188003436903813
17.34613979154934	28.933333333333334	-0.25037436166389737
17.34595722950699	20.8	-0.09054806908400793
17.34936860162409	18.6	-0.034788688842769054
17.3510467567574	21.733333333333334	-0.11212373245973524
17.35457781911222	23.0	-0.13989545885458546
17.353681393268673	20.4	-0.08068931278512279
17.35816385183328	23.466666666666665	-0.1496271444915195
17.35709594592746	30.333333333333332	-0.27209311351384435
17.359555303218066	21.866666666666667	-0.11490047058084919
17.362147077715345	21.666666666666668	-0.1102908127606347
17.361086552840455	25.733333333333334	-0.1942768182657215
17.361308540348972	20.4	-0.08047103178122399
17.363901926392735	26.533333333333335	-0.20888403000070438
17.366088340010783	24.133333333333333	-0.16306841687071708
17.36796482459607	25.6	-0.19158541041002913
17.371458271016223	26.066666666666666	-0.20017457954561219
17.369862928419785	19.133333333333333	-0.04831002721702088
17.37439740279808	26.2	-0.20254101314629291
17.37638197909652	31.933333333333334	-0.29521467041541277
17.38032129577447	22.466666666666665	-0.12764692216351384
17.38092633892921	21.666666666666668	-0.10975683769094989
17.38159815753707	24.066666666666666	-0.1612870535710785
17.38194814294699	25.333333333333332	-0.18614849102192443
17.383570702163787	19.133333333333333	-0.04791651092514983
17.387078720140167	20.333333333333332	-0.07810769959290141
17.388005769902385	25.533333333333335	-0.18977337924708168
17.39087161788572	24.4	-0.16771912407575879
17.394803916001447	21.266666666666666	-0.10014783949788422
17.394493834307895	22.0	-0.11690735728355164
17.393363783292394	16.866666666666667	0.01537351571812032
17.38966020786504	16.733333333333334	0.01923415288108564
17.393040724871092	22.0	-0.11694855716533377
17.397103366323872	18.666666666666668	-0.03520328848540849
17.396976405359254	19.733333333333334	-0.06292317366637584
17.399060685880567	16.533333333333335	0.025513300124271276
17.396069821383684	22.733333333333334	-0.1330013180453266
17.394843950890273	28.6	-0.24361765551533832
17.394978060400426	33.06666666666667	-0.3105663458064044
17.396130866931802	28.333333333333332	-0.23917189185737533
17.398010929707574	25.933333333333334	-0.19697802015585952
17.39906999869842	22.733333333333334	-0.13291661828728216
17.401829717681103	24.066666666666666	-0.16072048736016376
17.40363395097122	22.0	-0.11664827804328666
17.404963577108337	19.8	-0.06437411013527491
17.405182531107492	23.533333333333335	-0.14969157217418208
17.40861957467093	23.6	-0.15097753812598932
17.41089237492858	29.933333333333334	-0.2644977454181809
17.410854527509215	30.866666666666667	-0.27871795830272944
17.410329382770062	31.866666666666667	-0.2933688829041731
17.411880553531542	23.733333333333334	-0.1536376210653225
17.410325739935832	21.866666666666667	-0.11345932195107994
17.413003427180147	21.866666666666667	-0.11338341765207924
17.415986301399037	21.866666666666667	-0.11329887441374567
17.41544039434003	24.4	-0.16703302750831173
17.415232346854776	21.066666666666666	-0.09488706153843605
17.41432612147848	24.266666666666666	-0.16439964806061716
17.417802058745654	25.6	-0.1902049279524006
17.420868608931222	25.533333333333335	-0.18886312299099883
17.42338484707524	23.8	-0.1546844146005923
17.42707278253265	23.733333333333334	-0.15321181557462396
17.423763110570857	20.4	-0.07868695879700435
17.425889799116053	17.733333333333334	-0.008744321029480693
17.423891737980146	27.0	-0.2155621195572286
17.42163902697487	24.666666666666668	-0.17213873355767648
17.420138471861808	22.533333333333335	-0.12797873702696994
17.417285412262686	17.266666666666666	0.004342606207425875
17.41485813312308	24.866666666666667	-0.17624266316858664
17.4141595431695	24.533333333333335	-0.16971631203617624
17.414930407368605	25.666666666666668	-0.1915373806852504
17.411983322633926	21.333333333333332	-0.10120836140064092
17.411951387761984	19.933333333333334	-0.06751540293243742
17.41230348816426	26.466666666666665	-0.20634857989039543
17.413377010852415	26.2	-0.2014662379150596
17.414379613866135	26.266666666666666	-0.20265739506211652
17.41648286410828	23.4	-0.14659560834315022
17.414857992434293	28.2	-0.23643923235175995
17.414823616834965	24.733333333333334	-0.17363771623872026
17.414924349067384	21.333333333333332	-0.10112477872897165
17.411703648959	29.066666666666666	-0.25076100858444594
17.412570654525346	21.6	-0.10733538639522912
17.415003108806964	18.733333333333334	-0.03647001091285388
17.419288858430832	20.933333333333334	-0.09162462105803827
17.42067929229145	23.2	-0.14227533385452976
17.423471099766438	19.466666666666665	-0.05538595653495667
17.424034519816978	22.333333333333332	-0.1234814847816277
17.424959322040873	22.733333333333334	-0.13218624747937496
17.427624874765062	24.4	-0.16669306818426177

Average Payoff: -0.1343