17.533333333333335	17.533333333333335	0.0
7.400629109694449	20.933333333333334	-0.4776142500664927
9.464397327006166	19.4	-0.34421652946475567
10.63539012928705	21.6	-0.34014199383773536
13.05687736747535	17.2	-0.1369316001187321
13.575857943503086	16.4	-0.0942138857816749
14.555616858253234	17.6	-0.09467655853616065
14.801258219388899	30.933333333333334	-0.3527324628087602
14.650233184124124	13.0	0.0596824328075336
15.312896746433367	15.2	0.00369996816007199
15.471369516403405	22.266666666666666	-0.18006493812499305
15.421996266395071	15.333333333333334	0.0028828477605559594
15.236810994933146	15.666666666666666	-0.013909621319663073
15.275214041132392	17.333333333333332	-0.06311594529391887
15.42304195756255	16.133333333333333	-0.022508649020146005
15.931236463069045	16.0	-0.0021534880746157687
15.882032913784293	17.866666666666667	-0.058806228908208934
16.52690849356375	24.2	-0.18840348531852996
16.494405970232258	17.866666666666667	-0.03993649182420446
16.836009806571	17.666666666666668	-0.024075142713637757
17.073357531239377	21.666666666666668	-0.11856753397886534
17.06908125159277	22.066666666666666	-0.1276987327675981
17.10067090834853	21.8	-0.12080329161220048
17.209854339076628	14.333333333333334	0.09119309803489883
17.273796719736094	21.333333333333332	-0.10514991940651876
17.305217479586748	22.933333333333334	-0.13986875123592846
17.348275844999474	20.933333333333334	-0.09364960264948798
17.36556007006602	22.466666666666665	-0.12806481119712246
17.320448952056598	17.533333333333335	-0.006107927671481852
17.330279971795235	16.066666666666666	0.037836192595921844
17.34045906220142	19.933333333333334	-0.06956293160667308
17.36364272869886	13.666666666666666	0.1191408056854357
17.409024518022147	19.533333333333335	-0.05750333597705767
17.388106753655588	15.933333333333334	0.04365877994841833
17.42644410910616	18.2	-0.0217129694034246
17.40111681568705	13.8	0.11541627939024633
17.37584475779765	15.666666666666666	0.051726639938922084
17.38625198370482	22.733333333333334	-0.133278579710486
17.391791815699822	16.533333333333335	0.025304504510897947
17.355052378728402	23.866666666666667	-0.1579656171244922
17.32819390336414	14.133333333333333	0.10154817170808693
17.31252408589643	19.533333333333335	-0.06027296969015216
17.387063292908362	14.533333333333333	0.08940145678606583
17.359239301606166	12.266666666666667	0.1718959292044358
17.35561728531932	18.666666666666668	-0.03639550959885952
17.3385891854624	16.866666666666667	0.013796783770186546
17.357465995131484	19.733333333333334	-0.06405543642135865
17.363170394742404	17.133333333333333	0.006662619006865137
17.30090547861439	20.0	-0.07236002683455162
17.266421253105612	17.733333333333334	-0.013340438690065341
17.303811403063175	19.466666666666665	-0.05882042815711971
17.351025205439715	19.466666666666665	-0.05746263151356837
17.313493266232	23.8	-0.15777075160615464
17.330565816543018	16.666666666666668	0.0195280351188654
17.36024947359481	21.866666666666667	-0.1148807409932128
17.33472826186812	18.533333333333335	-0.03341705735292843
17.327931674051694	15.133333333333333	0.06760667953695225
17.33525497711823	17.6	-0.007578162033028647
17.32784404030883	14.533333333333333	0.08770895922029906
17.306782359488476	18.8	-0.04135559977747844
17.27852119477223	18.733333333333334	-0.04039814548916635
17.272375636519993	21.666666666666668	-0.1128505163514784
17.32425771478606	14.266666666666667	0.09678700791403648
17.35249062535695	21.733333333333334	-0.1120826495203603
17.371839601994672	10.466666666666667	0.248043945630135
17.349881653774037	10.533333333333333	0.24446780342914318
17.404100094367855	16.266666666666666	0.03378103729486446
17.41625210341369	16.466666666666665	0.028025491050243816
17.408754163788487	12.933333333333334	0.147498778087687
17.435252873934584	14.6	0.08850415150746263
17.422885595623427	14.866666666666667	0.07916551174796202
17.435434301528627	14.466666666666667	0.09305868719498019
17.440356142891257	14.4	0.09548750426179052
17.42692580020762	16.0	0.042687915985344875
17.401632323117383	17.866666666666667	-0.013185618724736
17.42411241653995	16.066666666666666	0.040531925115888094
17.447224965842885	15.666666666666666	0.05377073522304327
17.45603057083094	16.2	0.03731962889050616
17.458185668522884	16.266666666666666	0.03533059211093862
17.466257384535677	15.533333333333333	0.058574182562684964
17.49496053477053	15.466666666666667	0.06153500419467842
17.488570213520326	20.266666666666666	-0.07358175137299205
17.492557443732153	15.266666666666667	0.06794699317554706
17.498412270830517	16.266666666666666	0.03647986745252236
17.497524164008183	20.8	-0.08623209745489155
17.491685380676635	16.666666666666668	0.02415276688016143
17.502965449192786	19.8	-0.061577800133231005
17.52429828367597	19.8	-0.06097105159293302
17.52828159288568	17.8	-0.007691243243742678
17.53073757496225	16.266666666666666	0.03740141992143298
17.528201403950856	17.333333333333332	0.005589773143553365
17.531612959746372	20.066666666666666	-0.06742472613399583
17.531403598169227	15.4	0.06472252516706331
17.54686158986367	13.533333333333333	0.12913459090099855
17.53239603060822	16.133333333333333	0.04155747472898608
17.537406143175453	16.933333333333334	0.01752421964297529
17.549193585062053	21.466666666666665	-0.10040719482613578
17.545707856127407	19.666666666666668	-0.056996062136268344
17.551431579072062	17.733333333333334	-0.005155249148261126
17.551064921942313	26.0	-0.19400065401847072
17.56024264809788	15.333333333333334	0.06770043232823518
17.567749202956822	17.533333333333335	9.80478866653339E-4
17.552322438831347	20.2	-0.07013283925667313
17.55309502344858	16.666666666666668	0.025903989770857096
17.539991705549767	20.466666666666665	-0.0770042694218114
17.53276169955098	16.133333333333333	0.04156788498490001
17.545750972684832	16.133333333333333	0.04193753091734481
17.55079011511206	16.133333333333333	0.04208085699330103
17.562668864881836	18.4	-0.023283342464491867
17.545238220240897	16.866666666666667	0.019719093023310104
17.541741133854213	14.8	0.08477407330999422
17.541354626624074	21.466666666666665	-0.10062833001779901
17.54349932548755	17.866666666666667	-0.009126400064058503
17.546250368573098	17.266666666666666	0.008031033470232343
17.544252743649775	19.533333333333335	-0.053646442504474
17.55225849901921	15.533333333333333	0.06102128007611106
17.551982481752244	25.866666666666667	-0.19150029648532266
17.543533802485605	20.0	-0.0654298077117014
17.544014450672808	20.066666666666666	-0.06707276074377849
17.551424827143933	19.266666666666666	-0.04658692968404074
17.528951503501418	22.8	-0.13070135225412302
17.520659558151944	18.866666666666667	-0.036991096850547245
17.52040601041475	17.466666666666665	0.0015359771377296977
17.52653276552233	17.733333333333334	-0.0058650412123294
17.533020716920205	19.866666666666667	-0.06239747209145388
17.535454770974532	16.866666666666667	0.019440315781692113
17.538496677688823	15.333333333333334	0.06708368057440313
17.544517704552533	17.6	-0.0015786899087330967
17.545747123294106	17.0	0.015797809245413894
17.545807928429895	15.6	0.05870449538087537
17.546285771820138	18.066666666666666	-0.014612124500078089
17.552311371101208	18.6	-0.028979851886766946
17.551166571965172	13.066666666666666	0.14646692567520483
17.545107849419363	14.866666666666667	0.0826379062159457
17.550941781343717	13.4	0.13411358564364517
17.55457872689405	17.866666666666667	-0.00881075570057037
17.566990734021733	16.4	0.034356612369928395
17.57461729171957	16.733333333333334	0.024521545095494545
17.588191758302152	16.0	0.047284229223491646
17.594209458800233	20.066666666666666	-0.0656505493825864
17.585457203435617	17.666666666666668	-0.002303675759517168
17.58531105734981	16.333333333333332	0.03691119578942764
17.581531189332654	16.266666666666666	0.038845924035891904
17.575449588371686	18.066666666666666	-0.013781927952315172
17.58611016549093	19.2	-0.04387226122165701
17.593534912160965	18.666666666666668	-0.02959530581132525
17.58931412373363	20.8	-0.08363488511198516
17.595432160229326	15.466666666666667	0.06438688314097318
17.60424334906788	17.333333333333332	0.007754115810528146
17.59747860846541	17.333333333333332	0.007561956348801502
17.59646306645716	17.6	-1.0049116401729192E-4
17.59660234973303	16.666666666666668	0.02714089197447152
17.596151002894622	16.666666666666668	0.02712807642360652
17.596213800566673	22.4	-0.12010602361979736
17.60208946818615	12.866666666666667	0.15541897347436165
17.603946777897267	18.8	-0.03285504259743945
17.607471662933516	16.466666666666665	0.03348008349416821
17.60758471294532	17.466666666666665	0.004017706458036325
17.606318991446642	18.333333333333332	-0.020228752780266108
17.603016112886554	20.6	-0.0784488815819574
17.608348448416653	10.666666666666666	0.24550585573504938
17.606353767209107	16.266666666666666	0.03955026990160717
17.610357378361268	11.8	0.1975616040162861
17.60898938139995	13.066666666666666	0.1480758131990977
17.60856499281169	13.2	0.1430954344624719
17.606900295028694	20.6	-0.0783392445306733
17.609152581934286	16.133333333333333	0.04373771548151353
17.6102852989415	15.2	0.07346127218891504
17.607968196863283	17.866666666666667	-0.007292491404029701
17.60322294013033	15.866666666666667	0.051884135079758566
17.605527050517654	14.0	0.11407900411705367
17.606537261641193	23.4	-0.14128144255131225
17.621952663869198	14.933333333333334	0.08258626051593886
17.62538334927923	13.266666666666667	0.14109509340955598
17.63030549367746	10.266666666666667	0.26395835306737314
17.634653697870856	13.8	0.12198810060791558
17.63632561471662	19.533333333333335	-0.05103645748453229
17.636104667582337	19.133333333333333	-0.04071937856960745
17.63559580936674	17.066666666666666	0.016394583583505453
17.63277870299932	19.0	-0.03732234750973825
17.631947397948302	17.666666666666668	-9.835873061421411E-4
17.642979951662486	15.2	0.07438362643274168
17.638389404061247	22.466666666666665	-0.1203907371202881
17.636077866493935	23.866666666666667	-0.15012474163472506
17.635604586490913	24.2	-0.15690929958805439
17.6325841967458	20.6	-0.07761483733309284
17.62867819445057	27.066666666666666	-0.2111626725678693
17.628321558024997	16.466666666666665	0.03407113337898321
17.627983770552273	15.733333333333333	0.056791835625646506
17.62669241322266	14.6	0.09391880415195213
17.62561071831405	17.333333333333332	0.008360589626188804
17.628863633307944	15.466666666666667	0.06533199338531027
17.631537122073702	14.4	0.10088610826755398
17.629413232317994	15.133333333333333	0.0761865277070991
17.636392374519296	14.266666666666667	0.1056239059553006
17.635906746408317	20.866666666666667	-0.08391023336536839
17.637045960048138	16.8	0.024306555243420964
17.63707469877979	19.4	-0.04759893473115704
17.63054025530587	19.133333333333333	-0.04087689710944541
17.62850908776878	17.266666666666666	0.010369411051214476
17.628224577101182	17.6	8.011921531670722E-4
17.627094747966648	17.266666666666666	0.010329298610634467
17.625405709987625	15.6	0.060959547873294564
17.621892361180375	16.333333333333332	0.03794876934230601
17.623061518092722	16.466666666666665	0.03392209070012623
17.621656002147574	17.6	6.14849061788931E-4
17.624515880278693	18.2	-0.0160639747832045
17.621740492128957	17.133333333333333	0.014052830422641974
17.623819234447893	15.333333333333334	0.06949890153294762
17.624045394626055	16.933333333333334	0.019987397387113918
17.623010889130555	17.266666666666666	0.01021345702877324
17.62470651549797	18.666666666666668	-0.028710959652548197
17.623913345371314	18.8	-0.032288860438389494
17.625155631649616	16.666666666666668	0.02795094867355618
17.625763831208687	15.933333333333334	0.05043134770811256
17.62750112600919	16.466666666666665	0.03404788955112423
17.626981850930168	15.933333333333334	0.05046581083335563
17.624170779955264	18.333333333333332	-0.019722240763534727
17.626437501385688	18.2	-0.016009476202933307
17.622719886365164	26.266666666666666	-0.19694845289890223
17.62236243217046	15.6	0.06087352867513508
17.620898323811648	15.933333333333334	0.05029365618386816
17.61878283775923	21.666666666666668	-0.10303773738038566
17.61538653749871	27.2	-0.21386881165203123
17.620658469379347	20.466666666666665	-0.07472323632918615
17.618216087837947	16.6	0.029756550874078046
17.61523164533715	17.0	0.017773437186286326
17.613500431976313	17.466666666666665	0.004185663223802822
17.616056563657562	14.133333333333333	0.1096941781125158
17.611714563950503	14.533333333333333	0.09576533344899088
17.60649321899926	15.733333333333333	0.05618385214829115
17.602909139497253	17.533333333333335	0.001980172074965567
17.606199041902375	19.266666666666666	-0.04503223692696084
17.607247989325728	15.6	0.06044608062586054
17.611310798224668	21.933333333333334	-0.1092947636784912
17.612738369042646	20.866666666666667	-0.08456285367729413
17.61189107886952	17.2	0.011831907606982415
17.615400046151652	14.8	0.0868537806765675
17.612460611576026	16.266666666666666	0.03972339469835264
17.6145467585347	18.133333333333333	-0.014512373138362584
17.619714394582925	13.333333333333334	0.13848009730504646
17.616758728471268	18.466666666666665	-0.02355397052492466
17.613344368468418	20.6	-0.07815739974845043
17.61567608167739	16.4	0.0357387011435065
17.615443584844755	14.533333333333333	0.0958702179978948
17.6186718040132	20.266666666666666	-0.069894977042446
17.620542896637943	24.666666666666668	-0.16662541328201302
17.62303726703831	17.933333333333334	-0.008726876817168189
17.620925722179265	24.2	-0.15731536698939197
17.626125539839677	21.4	-0.09670123303190259
17.63059700043851	20.666666666666668	-0.07927641234681583
17.627347033397854	24.4	-0.1611487149360183
17.62668295469655	16.266666666666666	0.040126346413771344
17.628418819408488	15.866666666666667	0.052597332628818945
17.628038976368757	18.266666666666666	-0.017791695985723197
17.62645595142523	17.933333333333334	-0.008629898772758961
17.62575813094312	12.133333333333333	0.1845629193419103
17.6234913322495	14.0	0.11458226715638699
17.621871678213537	15.266666666666667	0.07161172645769183
17.62677990423339	17.733333333333334	-0.0030133791819065853
17.62640240099762	16.333333333333332	0.03807653504079197
17.62686816875867	10.2	0.26689558177074496
17.6271575084153	17.933333333333334	-0.008609999965427263
17.6279967300955	24.533333333333335	-0.1637836518167057
17.624850329844815	21.533333333333335	-0.09981267356799818
17.629553073180706	17.2	0.01233300560240231
17.63256430351052	14.4	0.10091493996177683
17.63499658273219	18.4	-0.021229457189247965
17.635774580085457	19.466666666666665	-0.04934694389527485
17.639073955089703	17.2	0.01260291693331759
17.63777949353301	15.266666666666667	0.07206056030611378
17.633336955473656	15.6	0.06118365297466037
17.63155647995741	17.533333333333335	0.0027932163912810434
17.62787315896184	17.733333333333334	-0.00298236923546352
17.627722919069516	15.8	0.054676859787743844
17.632822263989727	14.333333333333334	0.10321819652697624
17.63731026711784	17.2	0.012552928563219422
17.632826489055006	17.133333333333333	0.014367222559910537
17.634988519497465	16.8	0.024248258977193647
17.633665797650945	20.066666666666666	-0.06453526295341012
17.63190264684655	15.333333333333334	0.06972706990161442
17.63309496715038	17.2	0.012433433421831026
17.634053623731756	15.733333333333333	0.05696341439154773
17.63297632827291	18.933333333333334	-0.03556161442306461
17.63105960170974	16.866666666666667	0.022157777271941008
17.632278220750983	15.6	0.061153743575786
17.63339795341286	14.6	0.09410729696562088
17.63365176970801	14.533333333333333	0.0963820024302354
17.63456899783004	18.4	-0.021241575061326567
17.634708240226725	19.066666666666666	-0.03901647908484718
17.630480031601333	16.6	0.03010416537103775
17.62889614138917	16.0	0.04843739546313524
17.62935065504327	15.333333333333334	0.0696550475840974
17.630517349280176	14.2	0.10777447666453825
17.632037250015962	17.533333333333335	0.0028068498936667866
17.633935927735024	14.6	0.09412241603187331
17.631431302867526	21.8	-0.10571690043697017
17.627917723641904	14.533333333333333	0.0962208959106212
17.625776757520555	13.2	0.1435738924710405
17.622716619578142	22.666666666666668	-0.1251930319025404
17.622066514427353	15.133333333333333	0.07597932532226931
17.61860222401143	22.933333333333334	-0.13105986277292012
17.618587395761843	19.8	-0.05829756695960233
17.617028282261867	18.266666666666666	-0.018103999193210086
17.617607748906828	17.266666666666666	0.010060151404023191
17.61875880241797	18.466666666666665	-0.023497238933073376
17.614156774274832	16.866666666666667	0.021678429718723528
17.61435213225562	19.266666666666666	-0.044801217217441146
17.615970697786192	15.866666666666667	0.052245108773202244
17.619865688950203	14.733333333333333	0.08921937993299354
17.617702652442954	18.866666666666667	-0.0342328519728457
17.61543983129313	14.933333333333334	0.0824026910137022
17.61699505101603	17.933333333333334	-0.008898322369831277
17.618410380400455	15.6	0.060761799173610034
17.62135692099286	16.533333333333335	0.03185575918147025
17.62507547509853	23.466666666666665	-0.14215973543820148
17.62193335911326	16.4	0.03591604704574937
17.624420941692428	18.333333333333332	-0.019715146452660284
17.626499000815567	15.8	0.05464224658319742
17.628180661615673	15.733333333333333	0.05679740219731106
17.62738621086146	23.8	-0.1489983885954215
17.625091538996482	19.733333333333334	-0.056432834134245276
17.62652799583382	19.266666666666666	-0.044456401399685264
17.627634721114102	15.6	0.06102254157217114
17.630209807856886	18.333333333333332	-0.019551008161682933
17.630723640926508	16.866666666666667	0.02214825433017364
17.629509629554335	18.133333333333333	-0.014087909742014456
17.629942627562563	14.533333333333333	0.09627779514730052
17.628500619131504	16.733333333333334	0.026051208065219055
17.624572962327658	18.6	-0.026927219782183622
17.62481761152183	17.2	0.012198703127774027
17.62758111284019	18.733333333333334	-0.030410462369697345
17.627377125350073	15.733333333333333	0.05677468393134123
17.627418967692527	17.2	0.01227248473649515
17.628787930620632	15.8	0.05470697694502616
17.62584969304533	15.333333333333334	0.06955622528256221
17.624431227352446	17.2	0.012187743270852959
17.622911022807546	17.4	0.006364720016059889
17.625851857758352	22.933333333333334	-0.13085769476307682
17.62907270897239	21.666666666666668	-0.10274889903706295
17.629898473603184	15.266666666666667	0.071838254141725
17.628303085143727	18.333333333333332	-0.01960506579804474
17.62624542097697	17.133333333333333	0.014180611656075258
17.623408652026562	18.533333333333335	-0.025166113740978303
17.62510970697225	15.733333333333333	0.0567105716340887
17.629035742159168	14.333333333333334	0.10311195647111308
17.633007343066513	18.666666666666668	-0.028475719184778227
17.63134860422247	26.0	-0.19180363806053993
17.629852600056815	17.533333333333335	0.002744895383095167
17.632525670054743	14.933333333333334	0.08288411297366952
17.631638926463186	14.0	0.11481033072317157
17.632060760987198	15.4	0.06757255555861026
17.632646633159126	15.933333333333334	0.05062605952580998
17.63115258274506	14.333333333333334	0.10317135267152523
17.628107242877388	14.133333333333333	0.11003197103602523
17.625316935487916	16.333333333333332	0.03804578780154889
17.623856471941636	18.466666666666665	-0.02335267326240062
17.626469586456768	22.066666666666666	-0.11186309521864757
17.62764628619685	22.533333333333335	-0.1221505823217236
17.628174783831003	19.2	-0.042679965146116564
17.62972736925018	14.4	0.10083530627709453
17.630701778997725	18.2	-0.015888559049545885
17.63310096558014	17.333333333333332	0.008573011182216072
17.633287739189118	21.733333333333334	-0.10415030506659388
17.63387593371178	14.933333333333334	0.08292213736321391
17.634912270259115	18.933333333333334	-0.035506791251332624
17.636239542056426	14.933333333333334	0.08298869067348022
17.636458313178316	16.666666666666668	0.02827123322092246
17.634309567130995	21.6	-0.10107710513125254
17.633414835977504	16.333333333333332	0.03827512413504463
17.632283841374914	19.8	-0.05791033664446228
17.63136438762692	16.4	0.03618322126616292
17.627159614497675	17.466666666666665	0.0045732530430046036
17.626354304967148	17.0	0.018088947495038397
17.630166289239483	14.466666666666667	0.09856111432921606
17.628471179809747	22.4	-0.11920337398738823
17.629346619547114	17.2	0.012327151130252744
17.62936382748967	16.733333333333334	0.026075674152199604
17.630944576864742	19.933333333333334	-0.06129197430528889
17.630696211346585	16.066666666666666	0.0464140042751064
17.629273003994744	15.533333333333333	0.06320189822662416
17.630757183204143	16.066666666666666	0.046415729686216725
17.6311960891376	15.0	0.08063437460122654
17.628562591081856	15.6	0.06104876145398772
17.629330644260484	16.0	0.04844968998925235
17.62916018480423	17.2	0.012321864280594171
17.62998231207988	14.866666666666667	0.08503386448308792
17.628392974914615	18.533333333333335	-0.025024810782120127
17.627393376814666	18.2	-0.015982369053839388
17.628559386592254	14.866666666666667	0.08499379925527858
17.627951711761536	15.466666666666667	0.06530623862711293
17.629515559508334	18.133333333333333	-0.01408774159280815
17.626741025395837	15.933333333333334	0.050458997020131416
17.62753771966076	16.133333333333333	0.0442584666723199
17.629310262351037	15.733333333333333	0.056829337386889785
17.629434721528888	16.4	0.03612856727094211
17.62912690667383	16.333333333333332	0.03815370159238568
17.628424178894196	14.133333333333333	0.11004085161897403
17.625613232428016	14.2	0.10763699060282561
17.625189939320563	19.333333333333332	-0.04621784754253553
17.626820269562003	21.6	-0.10128732594522787
17.629969787307783	14.266666666666667	0.10544381773589903
17.628024586984303	16.4	0.03608862406470762
17.62908790830854	19.933333333333334	-0.061344432783004284
17.62845294125969	17.333333333333332	0.008441205080554626
17.62908190471747	15.2	0.07399177082586696
17.629333097295497	14.133333333333333	0.11006631863220909
17.630726712531118	18.066666666666666	-0.012212094858152509
17.631226671009145	22.4	-0.11912633525278475
17.62986749033052	22.533333333333335	-0.12208852238972277
17.629489667490596	15.533333333333333	0.06320801863294882
17.6300602162203	15.933333333333334	0.05055290015242014
17.632617959073468	15.6	0.06116334143691814
17.63334358357691	19.133333333333333	-0.040797533950274606
17.637075725515817	18.666666666666668	-0.02836046295250703
17.637613039732184	17.733333333333334	-0.002706184126134668
17.637347835815433	14.333333333333334	0.10334513941074311
17.634997727064626	17.533333333333335	0.0028907938098254537
17.63344317879032	13.266666666666667	0.14131912585306444
17.632175655027044	15.933333333333334	0.05061273828091878
17.634134401771288	15.666666666666666	0.059081693892624125
17.636368291422883	20.933333333333334	-0.08548069865788828
17.637279579364463	19.066666666666666	-0.038943689534657745
17.63554731295004	22.866666666666667	-0.12915638034872012
17.636891592160367	17.066666666666666	0.016431310047253185
17.636978473592674	14.933333333333334	0.08300949515885248
17.634520452066784	14.333333333333334	0.10326583513845773
17.63494891807178	15.333333333333334	0.06981302717524364
17.634922960410588	17.466666666666665	0.004793409515964786
17.635078807798855	13.6	0.1291842044845863
17.63542091928696	16.333333333333332	0.038331920454609786
17.63752387351856	14.8	0.08747658682526831
17.63771730022965	18.4	-0.021152358053640973
17.638472414662175	16.8	0.024346968836666368
17.63902622876808	14.2	0.10801292112573335
17.639183097939245	17.0	0.018452603115148854
17.637344119428384	17.266666666666666	0.010619909987805407
17.639249048673122	14.333333333333334	0.10339845796129038
17.63916731170482	20.333333333333332	-0.0709504503486145
17.64026465433842	16.066666666666666	0.046684700327233215
17.640131412640315	19.333333333333332	-0.0457950568691944
17.640478679291565	15.533333333333333	0.06351833624535881
17.639628695767506	17.666666666666668	-7.65811610128042E-4
17.63833818589051	19.0	-0.037164944741786006
17.640425532754854	15.466666666666667	0.0656584049421945
17.642297342286117	22.933333333333334	-0.1303993530832886
17.64261990674962	20.6	-0.07733204734564798
17.64426095978126	16.4	0.03654833222113969
17.64341171887538	17.533333333333335	0.003129294236253796
17.643599048868122	17.866666666666667	-0.006281778333777971
17.64262720422552	17.333333333333332	0.008843041510183905
17.64159097140178	16.066666666666666	0.04672221037483916
17.641067502623244	14.6	0.09432279196015493
17.63952109407229	14.866666666666667	0.08530235682557283
17.639473461662202	14.666666666666666	0.09201986938664695
17.63907645062554	15.866666666666667	0.052898685988078835
17.638622132809385	18.133333333333333	-0.013829582254517239
17.638929367845755	16.066666666666666	0.04664693362992868
17.639906343758618	14.733333333333333	0.08978319869796791
17.641366905594136	18.4	-0.0210489545635993
17.641379782122005	18.733333333333334	-0.030019578374279095
17.64383807527337	21.0	-0.08684856608158971
17.646553757045833	22.0	-0.10980642276330231
17.645861824321987	15.466666666666667	0.06581180166438733
17.646354330811068	16.133333333333333	0.044790852198545866
17.64646002694704	20.4	-0.07237309255848556
17.647665595313125	18.333333333333332	-0.019056384159315525
17.648688810669544	14.0	0.11528720297061665
17.646874607525866	17.6	0.0013298940132370324
17.646285974714942	16.133333333333333	0.04478891924697138
17.644630960260066	15.6	0.06150259158250773
17.64597253277566	17.666666666666668	-5.860262602897143E-4
17.645217623267463	20.4	-0.07240811194749962
17.64651959685899	14.866666666666667	0.08549924660293452
17.64683912011641	14.133333333333333	0.11055653621545047
17.646831167194204	17.6	0.0013286631916514073
17.645864928752804	17.133333333333333	0.014736728304004562
17.643961134749645	20.333333333333332	-0.07081526570682647
17.64193384945124	16.4	0.03648247055950563
17.641145138386477	13.333333333333334	0.1390761690785607
17.64136171860395	17.466666666666665	0.00497592886789897
17.642603146757082	17.133333333333333	0.01464431629944205
17.64151361170945	18.933333333333334	-0.035319894121907544
17.639820720005048	12.933333333333334	0.15394183336337186
17.642015815549698	13.6	0.12937756127560487
17.64203540773836	15.133333333333333	0.0765422990119194
17.643505049276964	18.666666666666668	-0.0281783745170348
17.645666416295295	20.6	-0.07724623102516932
17.64459708533881	14.666666666666666	0.09216384854298096
17.644028075087483	19.066666666666666	-0.03875270140178243
17.6451990861075	16.2	0.04270026843188858
17.643527744687653	16.733333333333334	0.026476949401766516
17.643719628876738	13.6	0.12942503891692095
17.643491613345997	15.133333333333333	0.07658332630131622
17.643951410112	15.733333333333333	0.05724306490071442
17.644882268930825	18.933333333333334	-0.035224546719626056
17.646961093902046	13.733333333333333	0.12471609435162036
17.64793974580448	19.133333333333333	-0.04038450720106704
17.646038999625855	16.533333333333335	0.03255488882162816
17.646251521082945	21.866666666666667	-0.10681102128498822
17.646250442934694	13.266666666666667	0.14167487852214874
17.646429325862428	16.2	0.042735064072392304
17.647978215322205	16.466666666666665	0.03462769589840355
17.64749908922073	17.2	0.012841641463996892
17.64600681866948	14.733333333333333	0.08995468936867713
17.645186130911757	17.2	0.01277611573774391
17.646121791121292	15.333333333333334	0.07012815854780452
17.645600995904022	21.8	-0.10531970357169525
17.64495192943218	16.133333333333333	0.044751193979794365
17.643323078003082	18.133333333333333	-0.013696368092547163
17.644654756786675	16.0	0.04888309208923956
17.64280209858773	19.8	-0.05761315341016201
17.64310848639189	20.6	-0.07731828375458205
17.642170306419956	15.066666666666666	0.07874030011744097
17.644022404884897	16.0	0.048865215493561064
17.645021748912242	16.733333333333334	0.026519256473959165
17.64436411235693	17.8	-0.004390991107915319
17.643584869713138	14.8	0.08764706123359665
17.643789254283707	19.266666666666666	-0.04396795899402082
17.643076659239878	16.6	0.030460950387716425
17.642108693726193	21.333333333333332	-0.09470642147033066
17.64284419127815	17.933333333333334	-0.00816527132107499
17.644186529388097	17.6	0.0012537253300271593
17.643514200335616	15.666666666666666	0.05934664664721932
17.64256873301851	16.266666666666666	0.0405760274489887
17.642589873188918	12.733333333333333	0.16161670236253034
17.64396844190424	20.6	-0.07729405912951266
17.64566431018022	19.066666666666666	-0.038706405141711676
17.64714933527578	16.133333333333333	0.044813332503066294
17.646277336909264	17.6	0.0013129709122728336
17.646275652277463	15.2	0.07447650011144709
17.646140795370478	16.333333333333332	0.038635308394256905
17.647118707653508	15.333333333333334	0.0701562662465842
17.64718178024058	17.333333333333332	0.008972093346488796
17.647248150940857	15.133333333333333	0.076689146555058
17.647558260210438	19.133333333333333	-0.04039529790473312
17.64752473442651	14.933333333333334	0.08330632039979899
17.648035694171313	13.133333333333333	0.14666996639440807
17.64885443988346	16.333333333333332	0.03871207808424161
17.64929864570704	15.4	0.06805889195470764
17.649573804525755	21.666666666666668	-0.10217388066603915
17.648775438204265	19.4	-0.047268082172289345
17.64869348907012	20.533333333333335	-0.07554967832589342
17.648892649210776	22.466666666666665	-0.12009739112746336
17.648050986362424	18.4	-0.020859630217512984
17.648348080462657	13.2	0.14420052797835076
17.64740676710859	13.333333333333334	0.1392501734880671
17.647869675733656	16.866666666666667	0.02263402878477317
17.64789888472716	20.666666666666668	-0.07878903854175871
17.647548606195507	15.133333333333333	0.07669760921930555
17.646454358412615	13.333333333333334	0.1392237115371982
17.64487456891109	15.733333333333333	0.05726913922928799
17.6443438732917	18.133333333333333	-0.013667445687365252
17.643825930093417	14.866666666666667	0.08542347536448938
17.6448448385066	16.733333333333334	0.026514246933536136
17.645728388600027	16.8	0.024552489616678386
17.646779305202262	12.866666666666667	0.15665594252915566
17.646149859014667	13.666666666666666	0.12708799890563058
17.64584782424641	18.133333333333333	-0.013624836939110622
17.64569424359709	15.866666666666667	0.05308571311028002
17.644950444073974	14.4	0.10126245786328114
17.64717172756966	15.866666666666667	0.05312745857273101
17.647375601133746	15.8	0.0552323035195361
17.64740305428596	15.133333333333333	0.0766935096034678
17.646102320426632	19.466666666666665	-0.04905493165635716
17.647623338116812	21.666666666666668	-0.10222856188070158
17.64844481002938	19.4	-0.04727742821465092
17.648028125146954	17.466666666666665	0.005164830836649346
17.648444474548857	14.733333333333333	0.09002319633315328
17.648673793818688	13.666666666666666	0.12715835333729292
17.647566626648715	19.6	-0.05241774296080918
17.64666290702688	16.0	0.0489398580648836
17.64670708749265	16.8	0.024580204004465873
17.647154149973264	17.066666666666666	0.016722085603102028
17.64682460434813	21.133333333333333	-0.08990444893463087
17.64735583596714	15.866666666666667	0.05313266019202952
17.648100355931334	14.4	0.10135079208618954
17.647600593625675	19.466666666666665	-0.04901258215023861
17.645827552610925	19.666666666666668	-0.05415985064358607
17.645441139223855	17.933333333333334	-0.00809168383052476
17.645518385763047	16.533333333333335	0.032540152652592275
17.644047762250093	17.133333333333333	0.014685246928545132
17.643279387179334	20.866666666666667	-0.08370272123934624
17.643673163246206	17.666666666666668	-6.511832945029739E-4
17.643407352427012	15.133333333333333	0.07658095242472249
17.641758835414098	17.2	0.012679005026723374
17.640295205021467	27.4	-0.21668829545971624
17.641418445072485	18.066666666666666	-0.011909017811049725
17.642536001275353	19.533333333333335	-0.05086087738902594
17.641883135784656	15.666666666666666	0.05930058440949072
17.64107396912941	18.133333333333333	-0.013760098386592614
17.64102417656583	20.866666666666667	-0.08376618850589237
17.63975480091681	22.866666666666667	-0.12903909247902476
17.64064142212414	14.266666666666667	0.10574300865709091
17.641478087891365	20.8	-0.08216442419011809
17.641453658142527	15.4	0.06783762244038428
17.641077946657838	17.066666666666666	0.01654994544850521
17.640369432800387	16.466666666666665	0.03441233541111074
17.640563212841517	14.333333333333334	0.10343530932278064
17.641959168572352	21.066666666666666	-0.08847401384568337
17.64034500743493	18.266666666666666	-0.017442878981864078
17.63865383089829	17.133333333333333	0.014532402050486093
17.638370149455078	14.8	0.08750039340378997
17.63906304184424	14.4	0.10109730854531852
17.640851170155237	14.6	0.09431671496843412
17.641454175989885	21.533333333333335	-0.09934652884632035
17.642073915752114	14.466666666666667	0.09889541574932245
17.64041260630559	17.333333333333332	0.008780279741902495
17.64001074727106	20.866666666666667	-0.0837947113616118
17.64062723236025	17.133333333333333	0.014588326747209491
17.64189802805553	16.866666666666667	0.022464897287003856
17.641753226234332	20.0	-0.06264975915420681
17.641309992764086	16.8	0.02442735171632087
17.642504520991164	15.4	0.06786726834119218
17.644816060014637	14.0	0.11517893019514525
17.645791918023246	15.6	0.06153536432724225
17.644977783608535	14.8	0.08768622997935416
17.644237627190922	14.4	0.10124246564811532
17.64336257811682	16.333333333333332	0.03855669922106845
17.64166337069344	16.733333333333334	0.02642414907500781
17.64212187041303	17.266666666666666	0.010755320349990334
17.64154103693047	14.133333333333333	0.11040823207408988
17.641499662034537	17.866666666666667	-0.00634127379453351
17.640089768433306	16.666666666666668	0.028374093120931372
17.64096549673198	16.4	0.036455061677117144
17.64151298855972	18.4	-0.02104481606199594
17.642192125560452	17.066666666666666	0.016581514890448432
17.641344811746276	16.2	0.042591239200576565
17.64111564131704	21.066666666666666	-0.08849773407563799
17.640407692083624	15.933333333333334	0.050845521130872845
17.64021705806759	15.266666666666667	0.07212929705698201
17.641238114285308	16.333333333333332	0.03849657921273499
17.64190426218606	15.266666666666667	0.07217686847157781
17.64226344684119	16.333333333333332	0.03852559594395844
17.642047384286055	17.533333333333335	0.0030906289778482835
17.642597478537922	16.333333333333332	0.03853504860408802
17.642737376406412	16.933333333333334	0.020517196677100915
17.64236036347453	20.333333333333332	-0.07086040327118495
17.64232227477189	17.2	0.012694971112535737
17.6420204780533	18.2	-0.015567747423400962
17.643680623134426	18.666666666666668	-0.02817340289718408
17.643589887869684	12.266666666666667	0.17976854231922404
17.641682895298285	15.733333333333333	0.057178985289236366
17.64202952604299	20.733333333333334	-0.08055438638113205
17.642679151892825	17.6	0.0012110075885229943
17.64333669173318	13.4	0.13669074087848218
17.64338877071307	17.4	0.006945354865807946
17.642019647146153	21.733333333333334	-0.10390544786266344
17.642006212954975	15.266666666666667	0.07217974285919053
17.640955216840187	15.6	0.06139881370816383
17.640427684973503	18.333333333333332	-0.01926141800984373
17.641684233040294	17.933333333333334	-0.008198143535667937
17.640874413597885	19.733333333333334	-0.0559867097091111
17.641502693083748	19.333333333333332	-0.0457562716178332
17.64053627301741	18.8	-0.03181796552871043
17.640377054309123	14.866666666666667	0.08532644221512727
17.639050806349424	17.333333333333332	0.008741682345562411
17.63893902471205	21.066666666666666	-0.08855894593888518
17.638588303625735	16.933333333333334	0.020399646212851796
17.63936324116719	15.866666666666667	0.05290679257962631
17.63930896944807	17.333333333333332	0.00874899967425119
17.638835788701783	15.933333333333334	0.050801080179506235
17.638288082677207	16.4	0.0363792702990665
17.63823416138	17.733333333333334	-0.0026885766927786377
17.637710725167604	14.866666666666667	0.08525141168207939
17.637285614339824	16.733333333333334	0.02630014555113753
17.637961809729873	10.0	0.27635763672851404
17.6384050269886	14.0	0.11499963490210462
17.639538329158164	16.466666666666665	0.034388805867878826
17.638277035380163	19.733333333333334	-0.05606010223490652
17.63899007186082	15.8	0.05499538317122637
17.640047460268306	14.466666666666667	0.0988385414046287
17.639518218235832	16.866666666666667	0.022397479006939152
17.63938602905414	14.533333333333333	0.09654305751201235
17.639029033920384	18.0	-0.01012852975697101
17.639079053508542	15.0	0.08085641905465633
17.639437076944596	17.333333333333332	0.008752630690112687
17.639468325954443	23.133333333333333	-0.1347433775409305
17.639279773698636	14.866666666666667	0.08529556621643193
17.63770988723264	16.4	0.03636290136243562
17.636497996163833	15.8	0.054924950465043705
17.637098734235103	18.333333333333332	-0.019355747459201815
17.637476098787513	16.4	0.03635628256325374
17.638077004871853	14.066666666666666	0.11264593006034163
17.638817837111855	20.066666666666666	-0.0643898059262841
17.63783692952979	15.0	0.08082143848029187
17.636792317536834	16.466666666666665	0.03431105482327067
17.63686365823742	21.466666666666665	-0.09794008307199151
17.637578636804	20.133333333333333	-0.06607610370918607
17.63853875316147	16.333333333333332	0.03842017939149753
17.639122093056205	17.533333333333335	0.0030077160789717767
17.63795309277152	18.4	-0.021145676761018046
17.63924707564859	25.866666666666667	-0.18911037335634265
17.640237176324785	18.866666666666667	-0.03359445368515771
17.641682348149313	14.333333333333334	0.10346668936059064
17.642191301082526	16.6	0.030435882210890438
17.64333217614582	21.466666666666665	-0.09775849152763365
17.642933914902844	17.266666666666666	0.010778331518202148
17.642791867159282	16.866666666666667	0.022490216696151925
17.64279949083335	17.533333333333335	0.003111944057273135
17.642466699842196	16.133333333333333	0.0446809065966328
17.642098662124756	16.133333333333333	0.04467049685683701
17.64202450509275	13.933333333333334	0.11745523806055085
17.64250660542222	16.933333333333334	0.020510659273789165
17.641956524516775	14.0	0.11509896746413009
17.64303030250887	14.466666666666667	0.0989222551334392
17.641944652508357	19.6	-0.05257661397012369
17.64116937552982	14.6	0.09432565364201666
17.640516828026684	16.6	0.03038846736025299
17.640150070780443	14.533333333333333	0.09656451240992653
17.641542178478144	15.066666666666666	0.07872260826027135
17.642746776656693	21.466666666666665	-0.0977749230514931
17.64363830284294	18.733333333333334	-0.029955628010736056
17.64374338209207	17.0	0.01858180783156449
17.64297696736141	17.533333333333335	0.003116973698799477
17.642987050305514	17.466666666666665	0.005021991531452076
17.642834856001958	14.6	0.09437243559976673
17.643425219779793	13.666666666666666	0.12701203712642536
17.644331443670826	16.866666666666667	0.022533824565659697
17.643295125422203	15.4	0.0678895708465921
17.643749287159178	18.866666666666667	-0.033495027310948576
17.644003047076723	16.266666666666666	0.040616608048051825
17.644299927987415	21.133333333333333	-0.08997540880933802
17.64550385150302	16.866666666666667	0.02256702992430789
17.64604066169259	16.666666666666668	0.02854260334673378
17.644660875016882	17.0	0.018607798683397212
17.645160003560708	20.933333333333334	-0.08523332679319603
17.645284167013543	21.466666666666665	-0.09770370483188583
17.645872091938035	14.266666666666667	0.10588958311441828
17.644765442759518	22.0	-0.10985648442109515
17.644589728342766	16.8	0.02452024352747025
17.64638266031885	13.866666666666667	0.11994129652237444
17.645724025074472	18.066666666666666	-0.011787019391270886
17.645486119846982	17.733333333333334	-0.002483045360024168
17.646274145522725	18.466666666666665	-0.022717411063543986
17.647121840294638	16.866666666666667	0.022612851483126972
17.646667041503978	14.333333333333334	0.10360643118621288
17.64646432374043	13.466666666666667	0.13434191686984165
17.646945370461996	20.466666666666665	-0.07398200132429895
17.64706668490539	20.866666666666667	-0.08359615393218843
17.645978883362165	25.533333333333335	-0.18266512468722196
17.646559843187887	12.0	0.19046256540572412
17.64621431239067	13.866666666666667	0.11993659507792363
17.646015724688336	17.733333333333334	-0.002468038869279316
17.64491815453807	15.533333333333333	0.06364364384833981
17.644871334990064	16.533333333333335	0.03252183701406969
17.64599722994837	16.866666666666667	0.02258100289262631
17.647374309988162	17.666666666666668	-5.463083845674627E-4
17.648468270121715	19.533333333333335	-0.05069321501184259
17.648032796367566	18.133333333333333	-0.013562940420067837
17.64722269542629	13.6	0.1295226374156667
17.647681427086326	13.733333333333333	0.12473618599134959
17.64731376880973	17.4	0.007056568456034674
17.647548349452094	16.266666666666666	0.04071689945142834
17.647429037691108	19.733333333333334	-0.05580154505514064
17.647201514902324	16.0	0.048955082168506046
17.646794079205993	16.6	0.03056619188309906
17.64626979125624	16.8	0.024567821026329404
17.645822105348206	21.066666666666666	-0.08836540015457177
17.645122075925546	16.2	0.042698090220613494
17.645072432661863	16.533333333333335	0.03252752942720986
17.64485672306793	16.266666666666666	0.04064075920630743
17.644995863963953	17.066666666666666	0.016660947794907576
17.645182962443226	15.466666666666667	0.06579264886070701
17.645877951666254	16.866666666666667	0.022577624849651708
17.64577581856513	17.4	0.007012994086292563
17.645447539650448	15.533333333333333	0.06365858391249478
17.646058535098508	16.666666666666668	0.028543109376268846

Average Payoff: 0.0111