172.0	172.0	0.0
674.3485354487499	167.0	0.603018266595241
871.5828382756249	201.0	0.6252037738676769
927.2292362420312	141.0	0.7360117188029232
917.7641121920494	192.0	0.6539805209221371
927.7785495630206	178.0	0.678054887083238
976.5549754223708	232.0	0.6160704234097094
969.3760197075782	174.0	0.6956381855122324
949.5974155513057	304.0	0.514995809294474
958.0624983235372	333.0	0.4841458094671557
965.3618088009439	287.0	0.5416659978240888
1013.8380248424895	311.0	0.5305086445764192
1001.042942737223	304.0	0.5341149474171565
1028.9195305928943	270.0	0.5842698586928506
1061.377591973863	317.0	0.5400389532652661
1108.7670236977938	445.0	0.42719855266209833
1116.5743669930857	179.0	0.7236746811911025
1133.1103929848725	210.0	0.6872930161260911
1149.328855362169	167.0	0.7462640140118294
1149.1892557656595	165.0	0.7488946142633477
1154.3424762962475	208.0	0.694643595690443
1156.1469794066209	163.0	0.752870601161789
1159.9641854283982	200.0	0.7058746073713719
1161.7841864220115	209.0	0.695065055359988
1162.3106124176352	186.0	0.7240991826557143
1163.0650676134742	214.0	0.689194062019345
1159.320684968888	161.0	0.7561198550732486
1155.2421709921803	193.0	0.7137012857890804
1150.639765431532	214.0	0.6863641153937383
1146.9034237943297	190.0	0.715761069022096
1141.823319103316	204.0	0.6968398494745663
1138.6406950449305	186.0	0.7191691291143806
1135.9788668983601	274.0	0.611341692513819
1135.8778882259485	326.0	0.553998315966575
1132.53532085716	288.0	0.5945190580319833
1129.012336680469	257.0	0.6291519300390632
1134.8619892598167	284.0	0.5996791764812088
1139.396018800127	306.0	0.5765866295189865
1135.6609924691397	294.0	0.5887136859036235
1139.1231893155527	317.0	0.5645972781341322
1135.0436553538932	291.0	0.59187785183507
1130.4305817176446	563.0	0.3350775566732121
1127.28826227923	252.0	0.6345941499080431
1130.1743760682514	312.0	0.5673200062663788
1128.215912064399	286.0	0.5955355931718912
1124.6843996010216	304.0	0.5744336536678137
1125.383964211255	375.0	0.5001279553169101
1121.714237535974	318.0	0.5582456688846155
1119.2944639736234	174.0	0.7309197482135844
1117.074965885233	151.0	0.7618437331193774
1114.0762964359803	279.0	0.599447638706095
1121.0151460578627	199.0	0.6984883081163118
1122.0502237775906	187.0	0.714296676165159
1125.6941081383502	477.0	0.40475228856481993
1125.987107598308	162.0	0.7484446869936778
1128.3621961488232	189.0	0.7130629669615196
1129.6803021660014	209.0	0.6877521845031478
1130.1511068132681	284.0	0.5983456101236841
1133.2678466976788	260.0	0.6267767168872065
1140.7661248993134	219.0	0.6778857834596868
1140.6724664592352	143.0	0.777201733718823
1139.8104463186603	200.0	0.7014503050793022
1138.3070650518916	234.0	0.6589684539864237
1142.9943427919784	189.0	0.7162150109379005
1144.5043759805362	203.0	0.6987022771599041
1147.0127114416086	283.0	0.6041993225155249
1151.1562974142976	204.0	0.6989277172098278
1153.660840796255	224.0	0.6748111097205414
1155.3710593203832	217.0	0.6837589972096011
1156.6350608840487	227.0	0.6718787974988688
1157.3550587530437	220.0	0.6805471492598694
1163.9821914133577	221.0	0.6808623224613853
1164.1752245776777	322.0	0.5666729001063763
1166.1226540104917	307.0	0.5831983179890552
1167.8716789613727	312.0	0.5783418191785752
1167.1371389575095	465.0	0.430194940240122
1168.146257788893	334.0	0.5553029563291175
1167.8234246464904	328.0	0.5614455628978847
1166.3802695186098	250.0	0.6469874575632596
1168.0499301567913	293.0	0.5989185667753915
1169.8681411941116	176.0	0.7384587767359657
1173.1266612048437	175.0	0.7403804775382166
1173.4854304820924	205.0	0.7025721194190553
1172.5887770349732	156.0	0.7651643568024908
1171.4622661917517	210.0	0.6959743235276304
1171.8809659846268	160.0	0.7597382888016333
1169.6948315955522	169.0	0.7475152723215137
1170.3905136544752	152.0	0.7701132934174757
1172.70618090697	318.0	0.5733565687551875
1176.8292908171036	316.0	0.576642819183918
1175.6442785072454	256.0	0.6423692619134028
1175.677395635218	260.0	0.6378016387379805
1177.4613108662195	271.0	0.6258098190583571
1177.542701131854	303.0	0.5906906301745154
1178.0026480570582	319.0	0.5738150491396574
1178.8084253993127	269.0	0.6284038754287419
1176.5203438075296	129.0	0.8023776487101326
1176.9247120347702	172.0	0.7449820609475698
1176.81158415529	152.0	0.7712241497403491
1177.5013711567492	161.0	0.7594324466610567
1176.4258551761404	237.0	0.6646445950707968
1177.4230515381014	177.0	0.7386340998863001
1175.068789076118	223.0	0.6809885153829026
1175.635975115502	219.0	0.6859395513845644
1174.0912211729772	277.0	0.6182183504961329
1173.3914564842478	258.0	0.6395116111232159
1172.1336788036933	297.0	0.5956800878163173
1172.5979112676991	334.0	0.5566169347480884
1172.838381471588	280.0	0.6145476281864382
1171.5651683056676	480.0	0.4187332002255417
1170.9030611428748	360.0	0.5296893589967128
1169.7311676947202	320.0	0.5703922869584812
1169.590289255223	182.0	0.7306876182126333
1169.101197561839	148.0	0.7752640415573667
1168.3824969881393	159.0	0.7604307720483364
1165.879167309187	271.0	0.622793612482397
1164.5577013505745	222.0	0.679782529376511
1163.058964981684	171.0	0.7436395174596383
1162.7363463327472	182.0	0.7293149686980125
1162.7688958642962	139.0	0.7864444288973238
1164.2961941129292	186.0	0.7245048889111446
1164.8142026126939	231.0	0.6690103889649314
1164.2163749394579	178.0	0.7347670564546214
1162.8119819812825	186.0	0.7242017382930083
1162.8686095337973	184.0	0.7267736456287456
1162.7869986208893	198.0	0.7089919286403145
1162.9345538716555	192.0	0.7165914774977582
1163.730182712421	200.0	0.7066868468039541
1163.3488792167175	267.0	0.6266645097855936
1163.3217245123692	310.0	0.57918220461644
1163.9863072769704	300.0	0.590160101212964
1164.148836054874	248.0	0.6487622357246158
1163.8280644802387	282.0	0.609912123124576
1163.5524239419979	282.0	0.6098377404660419
1163.4952153239142	268.0	0.6255663349327258
1162.938495151391	241.0	0.6566801169249052
1162.4244996127911	334.0	0.5536026039584028
1161.3094803750416	279.0	0.6125832624147537
1161.7494307987695	262.0	0.6319577106302904
1161.4400111969094	267.0	0.6261656101661881
1161.9814542456447	268.0	0.625169963981977
1160.7829024468508	366.0	0.5205605205383927
1159.5323945037526	257.0	0.6371420787873564
1159.0090897233067	241.0	0.6557165210296878
1158.974046361593	171.0	0.7428521248699487
1158.8409166979955	150.0	0.7707895618385358
1158.4731899828626	148.0	0.7734358406513625
1158.8645920235829	180.0	0.7311154524925558
1158.4138976810264	232.0	0.6662864196237732
1157.9386629839014	150.0	0.7706314458847888
1158.2997665638295	203.0	0.701755623579648
1161.3915791229085	186.0	0.7239109953157379
1163.467483523615	183.0	0.7281776170025268
1163.9494889340776	217.0	0.6857234797668129
1166.6117675149542	155.0	0.7654379238897838
1167.6763996514755	159.0	0.7603032660537715
1168.876854336126	186.0	0.7254363016022768
1169.9716748801227	173.0	0.7423623993924631
1170.7296884610862	264.0	0.6319864262610045
1171.9898130869242	185.0	0.7273376731117001
1172.5733702110565	232.0	0.6696505787160997
1174.223490169673	225.0	0.6783930493152084
1175.3642519244722	273.0	0.6230230073170349
1176.734389064337	223.0	0.6813681199201428
1176.856743222959	251.0	0.6484241137056331
1178.1839986085142	197.0	0.713492885025807
1177.8654831051488	215.0	0.6912838998340382
1178.4133762678543	252.0	0.6476543016432037
1178.936577591578	244.0	0.6570472586866978
1179.689209016247	318.0	0.5753458086155573
1180.8123703667784	256.0	0.6436556292528992
1181.0639579889446	242.0	0.6598887932739281
1180.8523847803247	317.0	0.5767273154270255
1181.3263560328085	292.0	0.603618032346531
1180.3629848738078	301.0	0.593617495409957
1180.5701448120733	277.0	0.619915376304975
1181.4394204999217	135.0	0.7949013104625303
1181.8395219741367	194.0	0.7179903660251928
1181.11853374363	164.0	0.7561553188274526
1181.0932319592043	152.0	0.7719589352702504
1180.839606526095	167.0	0.7521960340215499
1180.1161245680196	178.0	0.7378721940193191
1180.419086923147	260.0	0.6389939534120153
1181.198745739348	185.0	0.7291755674978558
1182.479861245941	302.0	0.5931234799688991
1183.0309817481786	290.0	0.6062540386545966
1183.1518663876227	342.0	0.5515200714928942
1183.2290351523873	378.0	0.5157661156832066
1183.7502204088394	263.0	0.6364265285189611
1184.4238875990043	254.0	0.6468356759230786
1184.930985198223	270.0	0.6288483746007861
1185.1346624680289	278.0	0.6199939661998478
1185.3813819360403	173.0	0.7452850837024417
1185.259738830862	173.0	0.7452622719290616
1185.2344461269931	127.0	0.8064370275070353
1185.318772942028	153.0	0.7713549221705082
1186.2664579747777	237.0	0.666963274976301
1186.5888063462382	165.0	0.7558429024785343
1187.4855096878418	402.0	0.4941759486955643
1187.0118916352455	144.0	0.7836232705282814
1186.6021870058119	279.0	0.6192691270883132
1185.708696951046	260.0	0.6403148150822752
1185.6992946078938	389.0	0.5059374175983707
1185.5878492724387	323.0	0.5717849641228698
1186.436932661752	296.0	0.6006575477467029
1186.2361466672342	270.0	0.6291810217485311
1186.3057651882489	301.0	0.5952412650509664
1186.8534034698293	280.0	0.6182304252931311
1187.1246169556441	199.0	0.7128685291845329
1187.2153615024604	243.0	0.6601910362020931
1187.0364295598233	174.0	0.7443125015305081
1187.2645358347386	210.0	0.6994126815441657
1187.2784279315547	214.0	0.6945646265091111
1186.5848178461438	268.0	0.6315099721763393
1186.8072569292956	157.0	0.7663355377931843
1186.5871382840874	126.0	0.8080127462398928
1185.8524207409116	192.0	0.7213054212340738
1185.1326977015951	169.0	0.7503937386832943
1185.4074396225099	192.0	0.7212153869988981
1185.1564436086112	215.0	0.6928914608343588
1185.8413950904687	222.0	0.684623565162702
1185.5104103499227	159.0	0.7634826792324819
1185.4036696601408	157.0	0.7660912234547929
1184.7836283787922	144.0	0.7832604241584614
1184.0581882490928	340.0	0.5538228098881087
1183.9239677149917	268.0	0.6308346635784614
1184.1283757536946	371.0	0.5228689723828176
1183.9430862326653	268.0	0.6308395245775431
1183.602336778204	258.0	0.6420649531179357
1183.2833842969505	257.0	0.6431257864917325
1183.6788427260817	306.0	0.5891731946195513
1183.214239320357	279.0	0.6183869743606377
1183.7999273834819	278.0	0.6196469916405041
1183.0771990359412	254.0	0.6465047247699774
1183.490090148189	321.0	0.5732773487814968
1182.9718166492419	278.0	0.6194313992482118
1182.2183440754357	319.0	0.5750118545261124
1182.4220514968329	310.0	0.5845679180509511
1181.8856680728863	257.0	0.642779123174946
1181.512685975643	310.0	0.5843146318300072
1181.486887672669	131.0	0.8003789580979478
1181.2675989401564	190.0	0.7228841399784408
1181.5314326459359	129.0	0.8031332987724656
1181.7589681542552	182.0	0.7330906644796283
1181.5927720169516	126.0	0.8072794486227605
1180.88302510764	146.0	0.7799353865603095
1180.9783389901093	154.0	0.7692846460467686
1181.1327069905922	279.0	0.6178429554187124
1181.3368911184964	188.0	0.7254145401042419
1181.8989537302484	218.0	0.6885489493093696
1182.552008440649	183.0	0.7319765210422541
1182.2801070584408	227.0	0.6778497065798905
1182.2192789801654	146.0	0.7801567823769252
1181.513795822538	209.0	0.6993916915777608
1181.9759142521812	192.0	0.720519118263437
1181.6442539132477	200.0	0.7104898754747648
1182.0419015013458	210.0	0.6982849441909605
1182.0357340934138	194.0	0.7180305784314318
1181.6396637990908	249.0	0.6519039611431214
1181.491845737348	202.0	0.7079852684027325
1181.6054355903018	243.0	0.6588529091224334
1181.6364022969901	228.0	0.6765123266844187
1182.106119528459	205.0	0.7044205960684696
1181.4015365758455	201.0	0.7092017121192311
1181.5541055876397	273.0	0.6246272325638818
1181.0917908478596	388.0	0.5054463961087401
1181.1008340778772	250.0	0.6506186090498839
1180.6270460701028	270.0	0.6277471859752545
1180.7502868794463	284.0	0.612220591395079
1180.555982869046	285.0	0.6110691050613165
1180.2258452394146	238.0	0.6643693939171972
1179.7905736288753	298.0	0.5966952214775215
1180.1491623054496	183.0	0.731504071512617
1179.6858975529137	141.0	0.7864745883010373
1179.1670130400928	158.0	0.7636794828780858
1178.7249612829235	236.0	0.6663662457952438
1178.248264759406	189.0	0.723532287629916
1178.5466678292012	184.0	0.7299175076430264
1178.2697230092022	184.0	0.7298626007872347
1177.818613265507	129.0	0.8025739782238761
1177.2625400853785	259.0	0.6393417042198931
1177.0177785728663	324.0	0.5682929214761842
1177.1034815084006	294.0	0.600300041845396
1176.7360762479857	253.0	0.6460885275218899
1176.9909054543375	295.0	0.5991823062127591
1177.537232465991	290.0	0.6047800443022552
1177.7580756638454	277.0	0.6191806670348299
1177.1720629356473	338.0	0.5538460505335286
1176.6738490777875	151.0	0.7725344969250004
1176.8482383450043	150.0	0.7739002914348411
1176.9652436461329	254.0	0.6449948716395066
1176.3656934592389	121.0	0.8134681676723378
1175.7536858620758	138.0	0.7899149566846766
1175.8536560110344	189.0	0.7230472304959382
1175.9457557373034	245.0	0.6551592500828803
1176.1326581354235	121.0	0.8134346564461145
1176.3126167386333	342.0	0.5494998905632188
1176.0860594076105	352.0	0.5392929634650826
1176.1819426548998	305.0	0.5881667319636479
1176.6243670553615	282.0	0.6133343081751811
1176.6765266362777	266.0	0.631240967619815
1176.5518022067247	291.0	0.6034211541119981
1176.1830564376003	284.0	0.6110076764034325
1176.2450735469545	266.0	0.6311306519552622
1175.7758790320192	190.0	0.7217698702737952
1175.5196958229672	196.0	0.7141856575637551
1175.876994454549	708.0	0.24835856896804268
1175.7157980547904	187.0	0.725548055923424
1175.8081406829224	140.0	0.7872030189335383
1175.6322252253547	174.0	0.7421519777790629
1175.4315178919412	156.0	0.7656657546352889
1175.9097960545046	167.0	0.7512863477641621
1175.3218091238614	171.0	0.7459745525309721
1174.7235534584684	255.0	0.6432876839957474
1174.7066433843345	253.0	0.6455854552861485
1174.4062860139104	174.0	0.7419175484350938
1174.0795217916882	229.0	0.6735751659926242
1173.614977903464	193.0	0.717550293066328
1173.6991201639041	172.0	0.7443707922183219
1173.6434356554096	163.0	0.7561054868457502
1172.9289885165206	300.0	0.5926483865292802
1173.4169679646081	271.0	0.6247620929268394
1173.3736589451441	254.0	0.6441016009953403
1172.938627269493	270.0	0.6257637090069071
1173.1478167759396	266.0	0.6303367911214176
1173.256527694857	322.0	0.5693046724278045
1173.5945387893341	292.0	0.6015268994640102
1173.4032139144454	341.0	0.5496575854212834
1173.1953351139564	258.0	0.6394622122221252
1173.1459366798636	282.0	0.6124100093445942
1172.9272550317555	278.0	0.6167967773216644
1173.6514738434125	297.0	0.5960973687071923
1174.1619775253005	285.0	0.6093648211922951
1173.7261499213264	286.0	0.6081456785364648
1173.4491930717036	251.0	0.6475830781177392
1174.151496458356	292.0	0.6016782703487915
1173.478345990669	149.0	0.7746654976216127
1172.7837734815248	169.0	0.7480965214514468
1172.0685537322602	191.0	0.7197499722563228
1171.8020426578755	146.0	0.7784189198773246
1171.3826520256578	168.0	0.7491381574251095
1170.8010163892045	124.0	0.8084647780926257
1170.5146950670362	146.0	0.7782022478791005
1170.4595688410284	255.0	0.6422206485907866
1170.5564061225796	159.0	0.7608224829457279
1169.9618573721766	149.0	0.7740647325513128
1169.6627703948493	184.0	0.7281449944193573
1169.2400378196828	207.0	0.6991803837825542
1169.9224855182451	169.0	0.7475582017213093
1170.5895720354094	362.0	0.5275969423187016
1170.7676353738702	167.0	0.7503303330352614
1170.9409465675992	164.0	0.7542962474532272
1170.7225979104514	200.0	0.7081831140671603
1170.1198493984566	197.0	0.7118028824075936
1169.5105367855572	258.0	0.6385315647743521
1169.5637626905093	220.0	0.6833538612520662
1169.9930751799948	306.0	0.5853639083466786
1169.5895646347524	244.0	0.654779568123021
1169.5155990621201	287.0	0.6059087864423764
1169.644537888415	284.0	0.6092579821301534
1169.807456821364	278.0	0.6159710344214635
1169.5778573827147	251.0	0.6466226772498839
1170.1525782810381	296.0	0.5962221062325731
1170.0688905452348	271.0	0.6238902917438375
1170.1403103462849	310.0	0.5811207926261068
1170.4950871438703	429.0	0.4635807218813763
1170.6356767993514	268.0	0.6274247826298299
1170.2151430063009	247.0	0.6514290702877399
1170.4079866831828	163.0	0.7555136887915931
1170.4855315007803	196.0	0.7131327109117099
1170.3262015286941	175.0	0.7398400480104417
1170.439140791793	158.0	0.7621268522608768
1170.3116739198063	140.0	0.7863103828096272
1169.9904635161943	146.0	0.778113893606945
1169.8719966449944	136.0	0.7917100598689505
1169.4389527526666	199.0	0.7091576506212367
1169.292865831408	370.0	0.519259774129916
1168.8509600847765	278.0	0.6157171572340652
1168.5626787465835	233.0	0.6675139777432263
1168.4009000789083	271.0	0.6234544524945848
1168.5521238975537	321.0	0.5689979627432262
1168.3107047467863	292.0	0.6000851064765262
1168.1789249950762	299.0	0.5924150832510037
1167.562798312373	422.0	0.4690363910780571
1167.680189386316	169.0	0.7471347277502636
1167.4924860179422	159.0	0.7602700329237306
1167.3598383985477	129.0	0.8009811841141892
1167.1696073597016	146.0	0.7776372538905283
1166.8439854745143	133.0	0.7953600563048376
1167.019565375042	169.0	0.7470096930016754
1166.599785728714	162.0	0.7561342373525286
1166.7240790117287	207.0	0.6986294363436973
1166.4017705297015	314.0	0.5757908342846039
1166.9636777351816	327.0	0.5622383530826863
1167.0310346083809	317.0	0.5727852145846091
1166.8981955261331	243.0	0.6552942605769922
1166.2829243458452	238.0	0.6610369664490977
1166.2622742266508	293.0	0.5984272256263488
1166.505624659322	285.0	0.6073043119390028
1166.2398291060624	282.0	0.6105617393852968
1166.098859005063	182.0	0.7299901282694929
1166.2401864527758	234.0	0.6657716265196023
1166.3746704895416	481.0	0.4160405539596359
1165.782351277937	166.0	0.7507100167820793
1165.845739513984	203.0	0.7033997416362252
1165.696853578308	129.0	0.8007255526365615
1165.4688975991926	146.0	0.777348894407986
1165.1962883852066	139.0	0.7868419021923407
1165.348129898197	163.0	0.7545824075312364
1165.0406857756805	173.0	0.7414129453026168
1165.1551660347154	146.0	0.7772956187305533
1164.8382300291632	165.0	0.7518495163184148
1164.2408915265523	155.0	0.7650163802599499
1164.335379861284	158.0	0.7610288548483448
1164.0919862443507	150.0	0.77170547941823
1164.5137031491222	197.0	0.7106162067346843
1163.915888581385	314.0	0.5750773065963843
1163.9075462853968	268.0	0.6256741565539815
1163.6293304391768	277.0	0.6154458414149372
1164.1411496704188	245.0	0.6522704626753643
1163.7803686554212	334.0	0.5540067062037453
1163.8109042923757	258.0	0.6370825413968749
1163.556897035905	248.0	0.6486149435126995
1163.571311130073	271.0	0.6221867844457007
1163.307782524492	324.0	0.5643134476845723
1162.6625829214636	292.0	0.5985323284887641
1162.2593744188885	354.0	0.5330614194742616
1162.3961183358197	266.0	0.6275542945189344
1162.1794013134622	304.0	0.5853167767496057
1162.0245051365916	255.0	0.6400909101068514
1161.7556778213282	256.0	0.6388658440876126
1161.1610565331584	266.0	0.6272319808863566
1160.5634381486418	188.0	0.7211847886694994
1160.3455242742061	182.0	0.7288328575484978
1160.1268879107001	231.0	0.667895140252902
1159.5711802558328	173.0	0.7403515811188612
1159.951616025646	185.0	0.7248971668636259
1160.1640402146472	200.0	0.7059178244876434
1160.1238037996031	229.0	0.6702957657573394
1159.8642889259474	281.0	0.609956326685751
1159.838293271682	267.0	0.6257459569748722
1159.780521691733	203.0	0.702079686686453
1159.7407109677267	218.0	0.6835398732655922
1159.7196399310137	268.0	0.6245761527621073
1159.6456498382986	181.0	0.7299808491202262
1159.4299387874723	156.0	0.7628151900757306
1159.2518942103914	189.0	0.7196369598120409
1159.3877709624885	191.0	0.7171182913425456
1158.849322701743	225.0	0.6748200887062997
1158.6495027108624	208.0	0.6956059332148956
1158.4103280984364	218.0	0.6832339956338814
1158.5174530048055	255.0	0.6391979462893366
1158.2749405072507	202.0	0.7030012183791703
1157.9912244444815	230.0	0.6685858009051125
1157.4240178312593	235.0	0.6624591403328143
1157.134369267699	297.0	0.5915095519686134
1156.7504111328192	311.0	0.5762222273745191
1156.8797678480853	276.0	0.6147618157600203
1156.351163451094	230.0	0.6681937360986481
1156.1481477672855	258.0	0.6351160231587605
1155.895046250037	251.0	0.6431858926946685
1155.912390019702	346.0	0.5392540839276767
1155.5643974312975	285.0	0.6043217498527801
1155.3558019418488	271.0	0.6200106598493039
1155.3906229808376	212.0	0.68992035423228
1155.1328823921378	135.0	0.7907192323480884
1154.843353611105	144.0	0.7782642539615813
1154.7275954536142	136.0	0.789266146506763
1154.4631242674236	172.0	0.7406637292009277
1154.1923210844839	220.0	0.6798119206103835
1153.8082914753452	149.0	0.7712633532117497
1153.8848002240177	138.0	0.7863586598804007
1153.9918006241953	262.0	0.6299413599930374
1153.9442100802546	364.0	0.5204039811440039
1153.985742377797	293.0	0.5950201976164324
1154.1915954941	251.0	0.6427533429535747
1153.6420271927839	338.0	0.5468081565975937
1153.9775305989037	334.0	0.5510684897700483
1154.0651759954676	274.0	0.6162640128676177
1154.0905059841482	298.0	0.5895572641348112
1153.9302169415453	177.0	0.7340206154358071
1154.4001791334574	205.0	0.6983963910749575
1154.0726713060972	143.0	0.779503487871647
1153.691473473898	244.0	0.6508528460954989
1153.616621103312	196.0	0.7095471455593516
1153.539549119503	217.0	0.6833363909280682
1153.619074621347	194.0	0.712084811422679
1153.6884907125852	233.0	0.6639475966512609
1154.4578151958276	287.0	0.6017920233607253
1155.3272318095321	286.0	0.6031435559002964
1155.148600641265	294.0	0.5942445103698798
1155.5926196729908	274.0	0.6166740143598733
1156.1091486248279	287.0	0.6022476882313594
1156.2292991617896	309.0	0.5782230123615888
1156.3865557505007	326.0	0.5601687039923899
1156.4532017665717	356.0	0.5292416326215108
1156.5437897498352	165.0	0.7502920428671772
1156.4933995201304	192.0	0.7152377607953819
1156.9052406947808	296.0	0.5925405295414139
1157.2840806434137	197.0	0.7090713790176042
1157.702566827587	188.0	0.7205920466612489
1157.8312251831362	188.0	0.7206187574160087
1157.4706126090027	243.0	0.6529737963622045
1157.4052548931188	151.0	0.7691846628782687
1157.327041921039	229.0	0.6696306238350891
1157.3599508423304	144.0	0.7786930512087863
1157.5514951606106	203.0	0.7015915961695574
1157.5718282500538	472.0	0.4207067257576906
1157.9278006837048	193.0	0.7142704445014416
1157.8390002565482	264.0	0.6286499386324818
1157.7637972564596	372.0	0.5136504071188508
1157.445039538939	216.0	0.685462477519289
1157.3612556561334	255.0	0.6389025839121649
1157.7131476021398	284.0	0.606024262909235
1157.7305395239143	316.0	0.571156338930069
1157.371711294842	241.0	0.6553133933511246
1157.687545125524	282.0	0.6082483300563486
1158.023341664053	315.0	0.5723082030130642
1157.922359934527	288.0	0.6016383618093561
1157.9235580612028	285.0	0.6049686784753271
1157.7063087073223	250.0	0.6448122758935824
1157.4838603968983	270.0	0.621712010215052
1157.280284505909	280.0	0.6103752301921332
1157.4723969758184	274.0	0.6171773894084684
1157.4737138492442	361.0	0.5245225561595194
1157.841964638716	272.0	0.6195383731533892
1157.954641313592	288.0	0.6016472553546168
1157.734134627909	279.0	0.6116191670043999
1158.0109003377204	265.0	0.6275502880025612
1158.2214641001785	182.0	0.728403096241718
1158.9493260629329	209.0	0.6944331255288255
1159.3319169520564	170.0	0.7442324255784326
1159.6298261680874	308.0	0.5802756328492267
1160.2282484859181	203.0	0.7021775330353317
1160.540649770694	190.0	0.7186312014640066
1160.6380094853848	211.0	0.692338651246383
1160.7590868864295	193.0	0.7148680265646242
1161.0231504138542	169.0	0.7458690851397385
1161.0097950615896	156.0	0.7630997118093495
1160.980274152367	183.0	0.7276745745164809
1160.7284008745985	134.0	0.7930067805580197
1160.6898407615859	182.0	0.7289023950657615
1160.849436011814	309.0	0.5795487722355851
1160.5573175958712	187.0	0.7224607850690611
1160.3438948354208	307.0	0.5815568510142151
1160.1476086143787	251.0	0.644261169465525
1159.9245134664684	202.0	0.7033609454816918
1160.0529171940698	194.0	0.7134528532281948
1159.8243676123775	207.0	0.6971081217090156
1159.5913078873448	205.0	0.699543740583574
1159.1656923667626	207.0	0.6969620871661759
1159.2359758286602	216.0	0.6858720920679124
1158.993818185254	284.0	0.606373920080731
1158.919751654236	303.0	0.5854765630505502
1158.6370582115387	313.0	0.5746233784294821
1158.4266801444292	316.0	0.5713588145745628
1158.6019622490342	264.0	0.6288490990373239
1158.3171768950772	272.0	0.6196647787025032
1158.6467436127475	291.0	0.5985228797537498
1158.741854495136	239.0	0.6580198278653869
1159.1075728680892	183.0	0.7272945869623129
1159.0679438041127	182.0	0.7285745277249213
1158.989992287866	235.0	0.6628383255258388
1159.1075251808431	158.0	0.760080332122761
1159.0019817100228	150.0	0.7708177648378399
1159.0311936460084	193.0	0.7145036284561765
1158.9412482013304	157.0	0.7613875236229695
1159.0208839674467	311.0	0.5768767595183538
1158.7977369231505	253.0	0.6415917190073074
1158.6869408790767	323.0	0.5640104652493382
1158.866544531053	294.0	0.5952828549784035
1158.4661457728703	292.0	0.5973708164771955
1158.2607343236025	275.0	0.6162596331367711
1157.9634328144675	298.0	0.5906490598820225
1157.6629704093568	254.0	0.6401407342627333
1157.7740278106367	271.0	0.6206537986762493
1157.5694062898403	189.0	0.7192866567186527
1157.3286983588748	175.0	0.7373020633488416
1157.2918639748157	267.0	0.6250768444960785
1157.124980211778	182.0	0.7281807110024677
1157.3713061757126	162.0	0.7544284929622003
1157.087255029876	216.0	0.6853805186687859
1156.8820710316804	209.0	0.6939706517384217
1157.2182438956318	181.0	0.7294910589873616
1157.2283336591956	262.0	0.6307852742419741
1156.9301354831985	241.0	0.6552045143276095
1156.7115564750316	273.0	0.6181047865723569
1156.593818797042	286.0	0.6034919930012023
1156.2940483089708	241.0	0.6550475538178062
1156.2035062854636	363.0	0.5221180065762815
1156.2008565491735	1104.0	0.023095671518713026
1156.490173611192	254.0	0.6398415178608451
1156.8554500162566	193.0	0.7140434555452946
1156.8374539670435	214.0	0.6877820935214325
1156.6217593851793	147.0	0.7744744609520343
1156.5890305650073	265.0	0.6271777647374271
1156.4767389314113	151.0	0.7690207473619594
1156.4938750823105	161.0	0.7555965867546193
1156.4621954367472	165.0	0.7502766245303492
1156.5690393194097	225.0	0.6742833783958567
1156.7469213408592	247.0	0.6480847134979779
1156.6259802070574	150.0	0.7704010141046944
1156.413700962574	189.0	0.7190455250087311
1156.344908207576	207.0	0.6963350964912495
1156.2131438615036	150.0	0.7703284479950014
1156.014422018542	181.0	0.7292474979787618
1155.7810953756898	198.0	0.707485943368041
1155.7663571238234	155.0	0.7634971340886227
1155.9547160702546	267.0	0.6247245299030055
1156.051968169581	277.0	0.6134124844700384
1155.8560610470286	264.0	0.6281313194447028
1155.7265706169069	302.0	0.5856561771084487
1155.6187965160332	282.0	0.6076845952718385
1155.5818354187425	330.0	0.5557296244040537
1155.7744663840633	296.0	0.5922231629582967
1155.951860339564	319.0	0.5674435097474169
1155.9085570807406	262.0	0.6304416124839272
1155.789247048085	246.0	0.6490199928155654
1156.049518356057	344.0	0.5413484744463656
1156.3392515864468	327.0	0.5591028827016206
1156.1403763825494	278.0	0.6123113126467824
1156.1660257813946	282.0	0.6078338732181053
1155.9483025620618	242.0	0.6537783270576182
1156.1228678986479	322.0	0.5643122679540616
1155.8550182349065	269.0	0.622417724529989
1155.9338269610582	190.0	0.7176681405964882
1155.7427040169468	263.0	0.6292491947195825
1155.4735901055938	175.0	0.736935777904301
1155.408994503253	221.0	0.6788745192997536
1155.136945601127	133.0	0.7935002167988688
1154.7776120679919	152.0	0.7673666910172143
1154.5803456740953	134.0	0.7920191776168981
1154.3037898723478	130.0	0.7975556857728789
1154.318226031746	169.0	0.7445814669888092
1154.770744342933	197.0	0.7085304578096081
1154.9124033190153	256.0	0.6371142540135187
1154.9200581513346	213.0	0.6885782926703228
1154.563466913694	170.0	0.7433116581478585
1154.3589976978044	139.0	0.7850558116541165
1154.3599000352947	129.0	0.7989652006479986
1154.0804015417339	198.0	0.7071180089967624
1153.7222907839437	227.0	0.6711865934008867
1153.5144000086304	232.0	0.6651063316288089
1153.2975099092903	194.0	0.7120160935901062
1153.2169669635832	216.0	0.6844912015967665
1152.9624312030076	218.0	0.6819752386522994
1152.6803188776773	397.0	0.4876362625712138
1152.7822968071837	228.0	0.6697524287105796
1152.9236497818433	279.0	0.6103144185899768
1152.642081663005	254.0	0.6388562473551082
1152.739983713441	292.0	0.5957750137855711
1153.1639697954952	488.0	0.4053001296868472
1152.9859489555026	264.0	0.6273780975815585
1152.9541473781612	258.0	0.6342900292267948
1152.7527961179492	313.0	0.572915704709578
1152.566124073864	394.0	0.49048411979676526
1152.689119121087	131.0	0.7959007394411931
1152.4143632727094	229.0	0.6684557420447316
1152.0350728517635	722.0	0.22947013056557633
1152.0351649013428	136.0	0.7888256412464998
1152.0590089542968	139.0	0.7846728940568191
1151.781849705416	162.0	0.7533837142957568
1151.58006146697	232.0	0.6646381276208663
1151.6895657019315	165.0	0.749371447457263
1151.6006911612596	276.0	0.6133372564067728
1151.2458457419723	236.0	0.659757496157756
1151.2346356919031	234.0	0.6621510984915264
1151.2180586009147	250.0	0.6431676019796384
1151.0123722404148	234.0	0.662096881313084
1150.7983268111482	261.0	0.6302588053216851
1151.078141987794	406.0	0.4785104368857261
1150.870674034257	252.0	0.6407366628096663
1150.8153560998092	169.0	0.7439035707246012
1150.6066088472373	201.0	0.7025761805479339
1150.8771701835633	169.0	0.743915564542273
1150.5240158288088	121.0	0.8096772086194072
1150.6651123131987	160.0	0.7558491509435004
1151.0781912544364	215.0	0.6852303164249028
1151.0128576572274	473.0	0.41749229660368387
1150.854660826955	181.0	0.7281985710248351
1150.6467009948183	286.0	0.6018506153225329
1150.4497166904025	459.0	0.4296187134769687
1150.626854127705	278.0	0.6108150995527212
1150.4227508912816	279.0	0.6096326299185648
1150.1546288831523	285.0	0.6028302535988208
1150.3389772846542	414.0	0.4707029537567206
1150.2678211186412	272.0	0.6175122632162672
1150.0385801998366	352.0	0.5313036500658077
1150.0196075498443	192.0	0.713864091225107
1149.9911905389295	182.0	0.7267249193647264
1149.909103983035	238.0	0.6570380591683054
1149.7365654977368	145.0	0.7760162123107143
1149.5267802011058	220.0	0.6787211419586925
1149.4439505503012	205.0	0.6972927526211625
1149.4633088320597	181.0	0.7279143305967755
1149.4317504484638	210.0	0.6910473807446046
1149.25514691358	186.0	0.7214015606980645
1149.075860527736	179.0	0.730437085229648
1149.2218114781688	155.0	0.7623103698529204
1149.327792966399	131.0	0.7953649046444812
1149.4035111651344	231.0	0.6653152529219175
1149.5033053090378	134.0	0.7911964862953962
1149.4339468185433	161.0	0.7542798698234673
1149.1221334015304	239.0	0.6556498967214919
1149.2131374654132	326.0	0.5580299663544134
1149.014686886777	255.0	0.6367559365558634
1148.760923946327	304.0	0.5814865405737862
1148.7465403258138	251.0	0.6413636429612812
1148.4907167616068	305.0	0.5803206769981396
1148.4714994389535	255.0	0.6366153497211197
1148.1288637308808	298.0	0.5878652207643693
1147.7850648713666	298.0	0.5877672176306324
1147.76126322329	475.0	0.41457808888473496
1147.7329361148625	387.0	0.49567772881752226
1148.1012785565633	295.0	0.5911582861390455
1147.8841455745148	253.0	0.6387995384211554
1147.6271674080597	285.0	0.6021295610139402
1147.2836967526544	284.0	0.6031534479930862
1147.2526641610698	400.0	0.4829545176877979
1147.4287512181047	291.0	0.5953918471755066
1147.0438282097543	141.0	0.7810633506221987
1146.6553377660734	120.0	0.8105246211465275
1146.3087492344264	124.0	0.8047718712876208
1145.9611137259042	126.0	0.8018807357547066
1145.8939849268552	159.0	0.7563020416422371
1146.0151381494425	137.0	0.7864405556467525
1146.3789542293969	170.0	0.7417157127074896
1146.342957873396	129.0	0.7977014744095119
1145.9951209058195	163.0	0.7509539991452303
1146.1089348094295	158.0	0.7576889540702538
1146.0683163206984	253.0	0.6383307418963712
1146.174844250263	132.0	0.7934554875746643
1145.9969698033874	202.0	0.700296062194468
1146.0978443183926	180.0	0.7285268190862356
1146.028279701797	203.0	0.6990426323088301
1146.1074622062222	181.0	0.7272263096176096
1145.9062276756351	233.0	0.6620509860300531
1146.0077001496225	241.0	0.6524893121011479
1146.132666398887	236.0	0.6584987740505516
1146.2264403874835	229.0	0.6669639365929046
1145.8817142161006	207.0	0.6939865505981181
1145.80746893294	241.0	0.6524391375171434
1145.6624078926366	230.0	0.6656156355216034
1145.8017563378646	237.0	0.6572176757604682
1145.624036020227	274.0	0.6139823036976305
1145.3272903618135	257.0	0.6334664499987138
1145.1983225790425	294.0	0.591439212528886
1145.0665116186467	271.0	0.6172496167708519
1144.9363129853718	266.0	0.6229454192199846
1145.2303109097313	381.0	0.5007306600104154
1145.0333585791664	242.0	0.6510538142386175
1144.8824933410137	440.0	0.4447537885632677
1144.7960321102269	159.0	0.756096818698467
1144.6425205420596	194.0	0.7101541344713252
1144.7108423324282	169.0	0.7427135492009049
1144.813854468008	167.0	0.7453907055010864
1144.5746063672145	151.0	0.7668987964754831
1144.6999053947145	305.0	0.57922326011747
1144.503891129493	193.0	0.7114027087621918
1144.262961600353	133.0	0.7917421799605666
1144.0669682110429	302.0	0.5823153330531988
1144.1363669741386	288.0	0.5978036636155044
1144.1926945764028	291.0	0.5944795411798154
1144.0520390797938	278.0	0.6090157148118249
1143.9993518061722	311.0	0.5725084006203325
1144.2191534703898	271.0	0.6170204461472192
1144.077910440573	299.0	0.5856079594362095
1144.2315400331452	342.0	0.5397756126311613

Average Payoff: 0.6612