15.266666666666667	15.266666666666667	0.0
4.9337527397963	16.0	-0.5286317937235453
9.464397327006166	17.6	-0.30060165665967875
9.401951944337977	20.066666666666666	-0.3619007345782439
9.35174006719017	17.0	-0.29023737761941837
9.154028303503084	19.933333333333334	-0.3705838007727476
10.198222302478973	24.066666666666666	-0.40474213637977213
11.605257075560962	22.066666666666666	-0.31068642442861544
12.798736255189965	24.866666666666667	-0.3203982826498286
12.870655953373499	19.533333333333335	-0.20561287442139364
12.770847665114365	16.533333333333335	-0.12839415878636146
13.26548892	16.2	-0.09959146063950668
13.695401691190073	14.066666666666666	-0.013373102129529364
14.074742312318925	26.733333333333334	-0.3101981855486751
14.346127656220593	21.666666666666668	-0.2032760619687221
14.251835081142213	20.266666666666666	-0.17424949754391514
14.17576344457191	24.266666666666666	-0.2624938952323073
14.47069336494238	22.733333333333334	-0.22208993761349768
14.610061346157238	23.8	-0.2392586299465043
14.430853025824232	23.666666666666668	-0.2424255887362356
14.244239401317527	24.066666666666666	-0.2563872346928799
14.17897439509951	22.666666666666668	-0.2303581109455747
14.275701002641597	22.266666666666666	-0.2186767353538681
14.317548129314538	28.666666666666668	-0.33382297677085165
14.940255955858563	24.933333333333334	-0.2506189574507025
15.111910913672233	21.333333333333332	-0.17070601523468368
15.209661636304258	22.333333333333332	-0.18974702744920194
15.256448212282738	20.733333333333334	-0.1521788931702404
15.338949083250963	20.333333333333332	-0.14000742065667335
15.223597115308035	24.0	-0.2237531366358733
15.102196944991983	23.066666666666666	-0.2086640514820552
15.019260157602814	23.733333333333334	-0.22486425786621628
14.818441253802135	21.266666666666666	-0.17869491833241435
14.73087806565398	17.533333333333335	-0.0868595619159412
14.826482249811479	22.066666666666666	-0.19624739631865348
14.999132197620552	20.533333333333335	-0.15575055243187946
15.119003363824202	18.0	-0.08698923106251145
15.063044122687204	17.466666666666665	-0.07389006805329804
15.22894508272984	27.466666666666665	-0.2866271516559264
15.335383067471259	20.733333333333334	-0.14965739855776133
15.371269233316044	18.133333333333333	-0.08243834841863368
15.364215754828091	23.666666666666668	-0.21271491692604727
15.489951080818946	22.866666666666667	-0.19231924030453093
15.577243128599171	23.133333333333333	-0.1951944635121806
15.723473064960832	27.266666666666666	-0.2685079339998888
15.781550566706303	17.466666666666665	-0.05068290092465239
15.889489270445655	22.0	-0.16127192124282952
15.913972972707223	17.466666666666665	-0.046514797521374454
15.875121288590648	20.0	-0.11497880880255547
15.957361884207003	28.4	-0.28050897499887323
15.892172738426105	24.933333333333334	-0.22145862880463704
15.966533438199512	22.333333333333332	-0.1662355624658745
15.995093024733501	29.266666666666666	-0.29321824278199227
15.932399641157104	23.6	-0.19395737239436822
15.96576550938756	28.333333333333332	-0.27918328243776397
16.05580514647597	22.133333333333333	-0.15914284607573878
16.293310310539468	26.866666666666667	-0.2449805837874115
16.36442026959589	21.066666666666666	-0.1256240943544529
16.358914290457225	19.8	-0.09516562587862103
16.33504876437699	22.4	-0.15657528334392323
16.304586301618844	16.266666666666666	0.0011642055953174604
16.268683625383087	16.266666666666666	6.199283850692138E-5
16.2903428993819	18.666666666666668	-0.06797846259689024
16.339793042463747	20.2	-0.10564391957694497
16.46573035177702	21.8	-0.13940070133733287
16.55679642338785	24.666666666666668	-0.19672947480327982
16.624614113953296	23.733333333333334	-0.1761417433001285
16.629577056150257	21.6	-0.13001511726246306
16.620263748532686	15.4	0.03810910984731048
16.569845021171407	19.6	-0.08377572469704928
16.54861198640408	17.466666666666665	-0.026989479922420324
16.518354066214812	21.933333333333334	-0.14082553025181813
16.47400022457005	27.066666666666666	-0.2432821359525057
16.451320270965947	19.333333333333332	-0.08053768227677159
16.4794278337442	25.866666666666667	-0.22167897520824228
16.49236200315132	24.4	-0.19337689508469297
16.51146426833616	26.6	-0.2340105098001395
16.542312455357973	30.0	-0.2891495251240524
16.508503142056973	26.8	-0.2376322456628369
16.536217641316984	22.733333333333334	-0.15780969066890468
16.564173656952608	27.266666666666666	-0.24417722614245133
16.59524455899024	16.533333333333335	0.0018688162787468335
16.61871496094697	16.333333333333332	0.008660512544319559
16.637293428905018	17.6	-0.028118652927226234
16.609724556251543	19.266666666666666	-0.07405823216460637
16.58557934150849	18.866666666666667	-0.06434253346409051
16.576219150991488	15.933333333333334	0.019775289677338236
16.602385480617244	15.133333333333333	0.04629018034524985
16.62256447128857	15.866666666666667	0.023266103202387946
16.640710580604356	16.266666666666666	0.011366567172068064
16.72468095563018	21.4	-0.12263234543027371
16.770328728780363	25.733333333333334	-0.21087605560797748
16.808084069939614	21.8	-0.12929716794589943
16.82038237427074	22.533333333333335	-0.14516928976947194
16.86742065171043	21.733333333333334	-0.12605745171475796
16.887886057517807	19.0	-0.058853116594749844
16.890062806871242	23.2	-0.15739404608882937
16.883696409970334	17.8	-0.02641885626026475
16.884856473749657	16.733333333333334	0.0045071772539162355
16.93631850500061	22.0	-0.13005034090084963
16.97970187313289	20.866666666666667	-0.10270377168277621
17.00867837390965	22.333333333333332	-0.13534272215275148
17.0140656161257	21.733333333333334	-0.12179572939497978
16.993714820443437	18.866666666666667	-0.052228999485029376
16.966196855946023	22.8	-0.1467025666343469
16.958434868316658	29.333333333333332	-0.26732395295662076
16.950653535426813	24.0	-0.17214246552804655
16.94011654429103	23.6	-0.16427884336328663
16.942237790696957	20.733333333333334	-0.10062476638126754
16.94059275838106	20.133333333333333	-0.08611822138971714
16.948820276470347	26.666666666666668	-0.22280724282330738
16.971346542985156	27.0	-0.22807246640061643
16.97853556117286	22.6	-0.14203315911319075
16.952681332956455	21.066666666666666	-0.10820767714772468
16.925753997784565	19.8	-0.07826240959923712
16.905192056671613	19.733333333333334	-0.07719036851393707
16.883283529440487	25.666666666666668	-0.20642522721518397
16.925477577446923	23.666666666666668	-0.1660712735124188
16.938067843052494	22.0	-0.12999957207303184
16.957168520675424	26.933333333333334	-0.22729666764443096
16.955580039346305	24.0	-0.17200146973589614
16.951987860096473	24.133333333333333	-0.17479102668875499
16.980750919382878	27.133333333333333	-0.2301437870905217
16.958137249126054	18.8	-0.05150891216848728
16.952526800102415	25.133333333333333	-0.19438373143124982
16.96542587599648	22.066666666666666	-0.13069350010108707
16.98192673096735	22.666666666666668	-0.1433780986550345
16.992222694801825	20.8	-0.10075557968496839
17.00003008319388	21.333333333333332	-0.1130426047684397
17.006837666729606	24.133333333333333	-0.1732247458716889
16.99560170669395	20.4	-0.09103739846220066
16.99401867065599	24.6	-0.1828623819585369
16.99074519790157	21.8	-0.1239794383315583
16.989366730531838	24.0	-0.1710354130513106
16.986324531406755	16.4	0.017561817290046303
16.996241959830005	19.133333333333333	-0.059150747169389534
17.01106879668122	15.866666666666667	0.03480781489012014
17.025411542103544	20.0	-0.08033910587364829
17.037250560776656	20.066666666666666	-0.0816467999138741
17.046772889492573	23.733333333333334	-0.16396623410701378
17.057530636086465	22.266666666666666	-0.13246643003226674
17.061725462152218	17.333333333333332	-0.007896711931679082
17.05164854449116	21.8	-0.12221750256160277
17.051946581441495	28.133333333333333	-0.24524329101850736
17.06644079204127	25.133333333333333	-0.19115961420375147
17.066405186345605	19.466666666666665	-0.06570105820770586
17.076715081895532	24.733333333333334	-0.18312866264581892
17.071433658808516	21.066666666666666	-0.10475700084069071
17.060404901227344	19.933333333333334	-0.07765985729503845
17.06745293321501	23.333333333333332	-0.15509303108059666
17.07259305179412	21.333333333333332	-0.11093965652106152
17.07466321477974	21.4	-0.11242039367764277
17.105806473227446	21.266666666666666	-0.10843346422499317
17.116695496506896	26.666666666666668	-0.2181187258888105
17.124434325222037	24.666666666666668	-0.18047460254537237
17.123737500530712	24.8	-0.18310062406463914
17.124516543997295	21.933333333333334	-0.12312036644206317
17.123599112734393	26.733333333333334	-0.21911551229480855
17.11436427092176	19.066666666666666	-0.053959280461427096
17.116104533569235	23.0	-0.1466716555568627
17.12950777442463	19.266666666666666	-0.058719327650797855
17.141003917115203	18.2	-0.02996508207204431
17.160878645972236	14.666666666666666	0.07836645757016969
17.169840598137448	25.0	-0.1856815034346702
17.17150966123665	14.066666666666666	0.09939258175569624
17.187043746976656	16.8	0.011387979191661375
17.19394322985611	20.266666666666666	-0.08202545140878169
17.199362301625836	19.333333333333332	-0.0584126354384164
17.203388144836264	20.666666666666668	-0.09145163742352022
17.202352535899838	22.133333333333333	-0.12535642098185237
17.194017801733253	23.2	-0.1486849421056857
17.192866567364007	21.666666666666668	-0.11512747907596571
17.184684379162075	22.2	-0.1273417751061492
17.169485292112217	17.866666666666667	-0.01989891399531277
17.16731169974266	17.466666666666665	-0.008643389556838901
17.1741185729819	28.466666666666665	-0.24742230078624558
17.179544615844787	27.6	-0.23270570242619312
17.185532612298548	27.666666666666668	-0.23368160810084426
17.181373784416095	22.6	-0.13621013303735105
17.173703970342324	21.466666666666665	-0.11110045337434281
17.168002875810004	22.933333333333334	-0.1437690362100403
17.175539969266897	23.666666666666668	-0.15893183135919947
17.178159144941045	26.466666666666665	-0.2128203595500492
17.17965944450592	27.533333333333335	-0.2315585078429133
17.180103406512774	26.066666666666666	-0.20548501645594835
17.1862679287889	21.6	-0.11379625591497117
17.191214703559584	24.733333333333334	-0.17989743438943717
17.195010617575004	22.133333333333333	-0.12556650546797998
17.199783482207756	25.733333333333334	-0.1987638094804375
17.193738463845143	17.133333333333333	0.0017596936572019384
17.193704245303497	18.0	-0.022910227041647687
17.192748381191375	21.6	-0.11361019269636172
17.19091900986338	21.0	-0.09973787195728044
17.189595990007877	22.0	-0.12274696608810731
17.187915221978862	27.866666666666667	-0.23701810109082425
17.186700107479844	28.8	-0.2525360564114759
17.183668141218874	24.133333333333333	-0.16820352261997684
17.181836068902296	28.8	-0.252668551853568
17.17922123202455	23.4	-0.15329960948255208
17.2019932365867	32.0	-0.300760310507288
17.20756837773826	18.4	-0.033488150878823966
17.21136914353116	21.666666666666668	-0.11459677502449514
17.221486305197097	22.133333333333333	-0.1248092882460394
17.239716202886434	19.866666666666667	-0.07079511018401431
17.25635638508613	22.333333333333332	-0.12823987720937086
17.263688522929375	20.933333333333334	-0.09607149018614632
17.276736187863737	20.6	-0.08773891698728485
17.288480863982066	25.133333333333333	-0.18492496414374746
17.285912550812906	15.4	0.057698023510315076
17.283863197208436	16.2	0.03236971764054989
17.28573697707802	20.066666666666666	-0.07445115757776305
17.27871686736015	25.4	-0.19028883079778924
17.26592831637199	23.066666666666666	-0.14382259194416078
17.266651820466162	30.066666666666666	-0.2704229336821183
17.26407534885626	23.333333333333332	-0.14949865475378737
17.26211814957626	19.2	-0.05314781336822201
17.259528825289223	22.466666666666665	-0.13107567379392845
17.25747397710377	20.866666666666667	-0.0946694831310944
17.256864101888066	26.2	-0.20579340186958822
17.267478670302193	17.666666666666668	-0.011426871689974806
17.275956440011097	20.866666666666667	-0.09413904797824281
17.283950000300763	16.733333333333334	0.016186379775454153
17.290984756293994	22.4	-0.12871979052865
17.292827516128277	25.066666666666666	-0.18352058494824688
17.290973211852183	17.0	0.008485417140380615
17.287057188513188	18.4	-0.031186175021599715
17.281950661952536	20.466666666666665	-0.08436642796714118
17.274512264128578	22.933333333333334	-0.14073922601717223
17.265837360099106	18.6	-0.03719870322573752
17.265115621912347	19.533333333333335	-0.06163894880948914
17.266286125872565	21.8	-0.11605182687496055
17.256158311421114	22.133333333333333	-0.12381919182655203
17.255686224711866	16.466666666666665	0.02339752390904259
17.258899823106205	17.733333333333334	-0.013558251858521936
17.248258777225146	15.466666666666667	0.054458082553604584
17.246193415281418	16.666666666666668	0.01708870166698898
17.23671912808683	16.666666666666668	0.01681402750955853
17.22568794635166	21.733333333333334	-0.11570222348814925
17.230374853386465	20.666666666666668	-0.09067440822423821
17.23762450794398	17.066666666666666	0.004983570143080049
17.24003359505436	16.933333333333334	0.008974833014368612
17.23323987821053	15.4	0.056177072367080465
17.225557727239675	15.0	0.06906188392694447
17.217286306755284	18.6	-0.03860464696857651
17.208454323255207	18.133333333333333	-0.026169559363127082
17.208994123465743	20.266666666666666	-0.08159089069367466
17.208945600623366	21.333333333333332	-0.107009441236654
17.20842576471522	20.533333333333335	-0.08809625327691815
17.206221369289704	20.2	-0.0800342435327662
17.203534442360745	19.666666666666668	-0.06680550011165635
17.220126450182722	22.133333333333333	-0.12484815592271256
17.220612714417722	22.866666666666667	-0.14084402931352574
17.232181989710014	19.533333333333335	-0.06258993851722348
17.239759970365977	19.133333333333333	-0.05205972852396282
17.255381820444082	18.8	-0.042840155937000524
17.26180673360842	19.466666666666665	-0.06003135248854996
17.267934718389526	17.0	0.007818817229324931
17.275583837997118	22.8	-0.13784992339313054
17.278785910246977	22.2	-0.12465464619254385
17.281397511944242	23.933333333333334	-0.16139704627359655
17.285388609034307	20.4	-0.08264771854360094
17.285642993631612	13.666666666666666	0.11692104294261803
17.284332452164758	14.733333333333333	0.0796747375627508
17.281156672825027	14.866666666666667	0.07510586270991175
17.277581503683074	20.533333333333335	-0.08610613743899476
17.271854724175828	21.266666666666666	-0.10365763392884304
17.262915169338928	19.066666666666666	-0.04964966306163405
17.266430055513673	17.6	-0.009567080540084667
17.257165206097515	17.266666666666666	-2.7521454177416256E-4
17.259985660161348	21.4	-0.10708783951011357
17.269552055191077	21.333333333333332	-0.10527143857879355
17.27707568068602	23.733333333333334	-0.1574297308383403
17.284590321564693	23.866666666666667	-0.15994836675303378
17.291341719344096	20.733333333333334	-0.09051994814474758
17.30095323874892	27.2	-0.22244572398578524
17.311669684615993	27.2	-0.22215141299904068
17.318163969346706	23.333333333333332	-0.14796919580106246
17.324029635460345	24.133333333333333	-0.16424835566600257
17.32929057881253	31.733333333333334	-0.2935848433282624
17.332898429765606	18.8	-0.040602930680640435
17.33327516986774	28.0	-0.2352957025532153
17.333206577109834	19.4	-0.05626498788096761
17.347860026983845	22.0	-0.11823107965276448
17.35593217086422	22.4	-0.12687585358223355
17.3633480465006	16.8	0.016489837170929878
17.361246756209187	16.333333333333332	0.03050678833640901
17.358774468888146	24.466666666666665	-0.16994183455811226
17.36259318222055	15.333333333333334	0.062064607587182775
17.36138645435296	21.4	-0.10419166895392351
17.367077430692536	16.0	0.04097084719307891
17.3705865975027	23.8	-0.15616521244531625
17.376565977800556	16.4	0.028912530019848667
17.375446999235763	20.466666666666665	-0.08168728878948008
17.376248439501424	16.533333333333335	0.024857726403554624
17.37457012949966	21.533333333333335	-0.10688736307281012
17.372828521219752	20.333333333333332	-0.07851514623878628
17.37957917449574	20.333333333333332	-0.07832209082829135
17.38440065098513	19.266666666666666	-0.05135637659247662
17.399968595783992	25.866666666666667	-0.1956865381263094
17.40816468072984	25.2	-0.18287188330348642
17.416485981934454	19.6	-0.05898760944329484
17.424181378225175	20.133333333333333	-0.0721334192614828
17.428078097476916	27.466666666666665	-0.22360275399554877
17.43198480328576	19.6	-0.05854439637061735
17.43901654509745	31.333333333333332	-0.28488102014499295
17.43917951058928	21.4	-0.10198002479251199
17.438793553217018	25.8	-0.1933727969651202
17.43910698494396	23.266666666666666	-0.14316297564073252
17.438701672553226	24.066666666666666	-0.15968934283256178
17.444264094500397	20.266666666666666	-0.07484308966122484
17.449324133304348	22.866666666666667	-0.134372055005187
17.453135917176127	18.533333333333335	-0.030016765708181167
17.456468561739918	19.133333333333333	-0.0458287469388896
17.455622937807398	23.866666666666667	-0.1551473500191802
17.454448083104214	23.466666666666665	-0.14692216036456127
17.453117519840255	20.466666666666665	-0.07947168507089573
17.451703692760404	17.133333333333333	0.009205436420000558
17.451954003182664	18.666666666666668	-0.03363120299048428
17.452166638708395	21.2	-0.09696308608838293
17.450593006513962	21.333333333333332	-0.10011210037881527
17.44872055584544	19.333333333333332	-0.05123729042336981
17.456957755120573	20.333333333333332	-0.07611414189639783
17.464637829360758	17.8	-0.009509871397573977
17.469298377633915	16.266666666666666	0.03564835656510809
17.46283236575972	18.2	-0.020670473581005926
17.45618338035575	17.866666666666667	-0.011620899382820883
17.450495901443595	15.866666666666667	0.047537938788728085
17.44432288336198	15.333333333333334	0.06440330986671991
17.44253358620814	18.266666666666666	-0.023079012540813737
17.44025344234818	17.266666666666666	0.005001503306437904
17.43770760461304	16.533333333333335	0.026621918148804744
17.439300792067748	20.4	-0.07824402528476167
17.43863539620263	19.333333333333332	-0.051525605035360605
17.444071573568085	21.933333333333334	-0.11400603392679251
17.4490585791246	21.133333333333333	-0.0954910924799121
17.452800570643138	19.466666666666665	-0.054547539461467884
17.451540977896876	25.733333333333334	-0.19177530298572112
17.45000653197068	20.266666666666666	-0.07467944269267494
17.449905656378395	22.666666666666668	-0.13004004849366185
17.447500424279298	26.933333333333334	-0.213737149708841
17.447166221571116	20.733333333333334	-0.08606925394039522
17.45381909382299	22.933333333333334	-0.1356746863843245
17.460011591612655	22.733333333333334	-0.1311988776143832
17.46555165762608	20.066666666666666	-0.06930352441643489
17.469272603579576	24.666666666666668	-0.17081366139545015
17.474880877742333	28.0	-0.23144907516204585
17.480059688776947	19.466666666666665	-0.05376949932661672
17.484822792593242	17.4	0.002431509917580921
17.488064606061076	19.266666666666666	-0.048391105009256974
17.49095091606886	24.066666666666666	-0.15823129748731277
17.493492115536366	24.0	-0.1568079125841377
17.49176037284385	18.733333333333334	-0.03427383709645916
17.49276511184865	18.2	-0.01981451663761888
17.493980718562064	18.466666666666665	-0.02704862172487317
17.4958094060777	18.266666666666666	-0.02155491859738588
17.494835629666678	22.8	-0.13165866760422884
17.492484577429522	14.533333333333333	0.09239892802555755
17.48990958620546	19.866666666666667	-0.06362352546369857
17.487714147227607	22.2	-0.11873412097485514
17.484196764382915	19.133333333333333	-0.04503680517363105
17.478155766633318	19.266666666666666	-0.04867382073433318
17.47731115989733	21.733333333333334	-0.10854252023760451
17.47621257765245	23.4	-0.14492016380172557
17.476786404447843	21.866666666666667	-0.11157841825129024
17.47970142737113	21.8	-0.10998807057169671
17.482295463988187	21.666666666666668	-0.1068833239745579
17.480077472129764	22.933333333333334	-0.13493678837091364
17.480107541195842	19.933333333333334	-0.06557070760651773
17.47832519159374	19.666666666666668	-0.05891349992546245
17.482470869332683	22.466666666666665	-0.12476353945920798
17.48354488813436	22.4	-0.12327026410654682
17.489499122772838	24.533333333333335	-0.16761921552808098
17.488970722012596	20.933333333333334	-0.08964487414287438
17.488202456650615	23.2	-0.14037969727059724
17.49327518178097	20.666666666666668	-0.08316028094300655
17.49749752956805	18.933333333333334	-0.03941265597726012
17.501380548531547	15.0	0.07696228610339946
17.50216805181669	26.533333333333335	-0.20508828098780774
17.49727895726708	21.2	-0.09568427399822572
17.500230760704223	18.933333333333334	-0.03933467966324055
17.49884583463184	17.466666666666665	9.203116346136854E-4
17.496930444655952	32.13333333333333	-0.2949088272863167
17.49732614130875	25.8	-0.19175950569312186
17.497468542874756	24.2	-0.16074192730029813
17.491786891009614	23.4	-0.14448410202121426
17.493048098930814	21.466666666666665	-0.10199300974463672
17.493933309891805	23.933333333333334	-0.1554386891826136
17.49321308157334	22.2	-0.11857913615493314
17.492807732753604	18.4	-0.025275043234317538
17.499044447179614	19.8	-0.061689396790817114
17.504740112860016	16.4	0.0325836478670129
17.510084463406105	19.733333333333334	-0.05969508174735425
17.51311483397732	21.4	-0.09988625127045375
17.515858686189397	17.933333333333334	-0.011776704160535553
17.518585860851854	17.466666666666665	0.0014840308539819831
17.52103639158772	25.8	-0.19110723791501735
17.523217460724013	18.066666666666666	-0.015269766094135852
17.525780776869293	21.333333333333332	-0.09798351412916924
17.527998994547666	22.4	-0.12201966359790845
17.52966718050778	23.2	-0.1392187369064951
17.53163031607386	14.133333333333333	0.10732041319757353
17.532986472863737	16.4	0.03338894069255559
17.536581047511678	20.933333333333334	-0.08829633079487618
17.53454926752948	19.733333333333334	-0.058999436306932745
17.537248352718812	15.933333333333334	0.04792014176598138
17.53843892928362	15.0	0.07801354375974993
17.5393975997678	14.866666666666667	0.08247625849059033
17.541528719588708	17.066666666666666	0.013721086801036524
17.54020493765592	21.666666666666668	-0.10524843121009951
17.543405294518085	25.066666666666666	-0.1765606352179322
17.542256199529433	25.0	-0.17530202830551941
17.54055084827049	29.533333333333335	-0.254765093077863
17.539675552526823	20.533333333333335	-0.07862939831683013
17.534613062628267	28.0	-0.2298336635248805
17.529435672824285	19.333333333333332	-0.04893548990331468
17.527061288780022	28.533333333333335	-0.2389530557619074
17.524526589130755	22.733333333333334	-0.12938608148159506
17.52332577666573	15.933333333333334	0.047523945475392675
17.521941607709756	19.6	-0.05597924845231314
17.51654853667263	18.733333333333334	-0.03356658653465852
17.511050122285162	15.866666666666667	0.04926590593406897
17.505448734836406	17.2	0.00880117520364477
17.50149673680759	16.466666666666665	0.03046470478398257
17.495770611182937	18.2	-0.01972865067091275
17.495347415651874	21.6	-0.1049908200254239
17.499427164658318	17.2	0.00862916737032731
17.49872255686958	19.933333333333334	-0.06504079774846037
17.501376586755875	14.666666666666666	0.08812192578072363
17.50483913260184	18.333333333333332	-0.023117646456972372
17.508048258904992	16.0	0.04500555350919963
17.507911906984656	16.666666666666668	0.024616111607784107
17.50506350345449	16.466666666666665	0.030566498426421538
17.50329597162732	21.2	-0.0955139332599132
17.502237219739662	18.266666666666666	-0.021371341133478754
17.497382074749826	20.2	-0.07169245651836445
17.492263433325338	21.2	-0.09582630318497257
17.489989816034697	23.733333333333334	-0.1514517278162314
17.48859107444112	19.666666666666668	-0.058620925399092846
17.486580441855835	22.933333333333334	-0.13475419373162695
17.48610825422985	25.133333333333333	-0.17943043818141025
17.485347067239037	19.4	-0.05190822602999242
17.486383271014553	25.266666666666666	-0.1819819499893693
17.48422766395725	20.4	-0.07696533665425077
17.48349753754235	22.866666666666667	-0.13341133141071054
17.482924357075603	24.4	-0.16515264273221267
17.482835745039772	19.066666666666666	-0.04333385729266753
17.482491938320997	19.933333333333334	-0.0655028020154097
17.483135558156736	24.0	-0.15709671783867524
17.48222287780601	17.866666666666667	-0.010875696346188936
17.481146052602753	23.733333333333334	-0.1516988052229057
17.483475688108243	17.2	0.008173220315559013
17.488501644539877	24.666666666666668	-0.1702795958287882
17.4926577096832	17.6	-0.0030588247605761033
17.495908651048794	17.066666666666666	0.012419270856882996
17.493764102810694	16.533333333333335	0.028225468577792255
17.49148693988166	18.2	-0.019851037904689995
17.489079975277182	19.533333333333335	-0.05521664244347651
17.487119005942407	34.46666666666667	-0.32682021994936494
17.48546206029069	16.533333333333335	0.02798831398762014
17.479888955026627	16.466666666666665	0.029847572744978883
17.478291365191502	17.733333333333334	-0.0072431184395906805
17.476664711014752	15.666666666666666	0.05461122853712078
17.47407368662083	16.533333333333335	0.02766280748001478
17.468034715906928	22.266666666666666	-0.12076678026487622
17.462255481839797	17.933333333333334	-0.01330894236435468
17.456403261223066	20.266666666666666	-0.07449720849378413
17.450479558778778	19.933333333333334	-0.06641520975187717
17.450198955347663	20.933333333333334	-0.0907455403475938
17.453734840599765	28.133333333333333	-0.2342681580659362
17.457635588386175	23.666666666666668	-0.15098204073523472
17.45502849247988	31.4	-0.2854357460801938
17.452305760413086	21.133333333333333	-0.09539890123309713
17.45457864542475	23.666666666666668	-0.1510676044486254
17.456660581926936	21.933333333333334	-0.11364999855133431
17.461580162830305	23.466666666666665	-0.14672229985449795
17.46412914915006	24.6	-0.1696426621729818
17.46704949853623	27.8	-0.22826648999506582
17.46976909315156	25.6	-0.18876885291082776
17.47229232517107	22.866666666666667	-0.13372616637397874
17.474623458283784	28.533333333333335	-0.24036515955571633
17.477169408820302	21.333333333333332	-0.09935877280777136
17.479524353950186	28.333333333333332	-0.23691621800741514
17.48265487137337	27.066666666666666	-0.21513260953053223
17.484539941598907	34.46666666666667	-0.3268860885776974
17.487701370801396	23.733333333333334	-0.15151565232071823
17.48996014663027	22.6	-0.12746432859198664
17.491413396325513	22.2	-0.11862985469069717
17.492698582738498	21.533333333333335	-0.10353690990886545
17.494099130447335	23.666666666666668	-0.14996240756657944
17.496030780804038	19.266666666666666	-0.048163927263298496
17.49369115848494	15.466666666666667	0.06149886183187845
17.492515355667752	14.866666666666667	0.08114694268812836
17.498432083125746	23.466666666666665	-0.14569071638259296
17.499035466290206	25.533333333333335	-0.18670359292685312
17.503334116888155	26.0	-0.19531068263141257
17.502682430142755	17.666666666666668	-0.004662703198530032
17.503026686958748	18.8	-0.03572631351719136
17.505417704595715	17.333333333333332	0.004939452940635954
17.50036517696368	27.333333333333332	-0.21932092339228498
17.498584428356743	19.466666666666665	-0.05324141403099742
17.497154698966288	17.2	0.008564238236374503
17.493775974598883	21.6	-0.10503523701750199
17.492647109535763	17.666666666666668	-0.004949458292575935
17.495963022158072	22.333333333333332	-0.12145256767781976
17.49382401126206	17.066666666666666	0.01235970138781009
17.49770933044251	17.4	0.0027998780526628203
17.49832125429094	15.333333333333334	0.06594208997842244
17.499877552090293	14.866666666666667	0.0813559479080141
17.498536899909364	24.6	-0.16868669609527276
17.497078380300756	17.133333333333333	0.010503630449886222
17.498696252230534	20.333333333333332	-0.07492691013818759
17.502385547256257	22.266666666666666	-0.11979870915159656
17.50501839437496	15.466666666666667	0.0618212785890264
17.505387578522257	13.466666666666667	0.13039887118507643
17.507409491933448	15.133333333333333	0.07273352114898478
17.50954595065215	26.066666666666666	-0.19637137332613427
17.511346351387974	15.333333333333334	0.06631250598153371
17.512989945280985	16.866666666666667	0.018799585054311077
17.514754156701052	19.8	-0.06124241992060826
17.516363004441615	16.0	0.04524246870821472
17.517819543256422	15.066666666666666	0.0752245366337339
17.513083552805803	23.533333333333335	-0.14666931335876227
17.50849762034224	23.8	-0.15230528201440885
17.50738897276438	16.533333333333335	0.02861442335659734
17.507447670694184	21.066666666666666	-0.09226962322049248
17.50737165814688	20.8	-0.08595286492731415
17.507163737181823	18.466666666666665	-0.0266722480957211
17.508654754288393	27.2	-0.21676664840339502
17.508150047267865	20.466666666666665	-0.07790733110538485
17.50776141487855	20.2	-0.07139746524595218
17.508167502361143	17.533333333333335	-7.181721779038941E-4
17.504871371386624	18.466666666666665	-0.026737675054721997
17.50159986966109	26.2	-0.19904077096219974
17.50298147293326	22.733333333333334	-0.12999082757910707
17.505904139191323	21.866666666666667	-0.11075635749003555
17.50730266044933	20.4	-0.07630976451850716
17.502475281434545	19.8	-0.061591749642119165
17.501224311167437	15.6	0.05743667645930599
17.50209611080758	21.6	-0.10480010784024911
17.502649354202678	19.266666666666666	-0.047975255005091096
17.503865857993592	17.133333333333333	0.010697531362554266
17.50494686841635	17.666666666666668	-0.004598020448763452
17.507664650223287	24.8	-0.17236440276403267
17.507430866683507	22.933333333333334	-0.13416913784847734
17.507076107879502	21.2	-0.095406945278637
17.506895785006094	21.866666666666667	-0.11072838245235671
17.50701194103983	18.6	-0.03027079783685622
17.506188300932923	22.2	-0.11821360598737685
17.504015257248874	21.066666666666666	-0.09236682453386415
17.506615412298867	25.333333333333332	-0.18269671533704737
17.509220877403322	25.333333333333332	-0.1826247897696359
17.51212149788947	25.466666666666665	-0.1850807225722844
17.51486451752215	21.533333333333335	-0.10291048081552238
17.516393927859834	18.2	-0.019139840195539236
17.51568813660921	23.266666666666666	-0.14101634292082377
17.514875596642366	19.0	-0.04067176401647648
17.514378856491	19.266666666666666	-0.047641054930654715
17.51776650755681	16.733333333333334	0.022902422925613414
17.51542286981519	18.866666666666667	-0.03714035708412317
17.512998085228784	18.066666666666666	-0.015561377132098665
17.50845262557606	16.533333333333335	0.02864477479001116
17.509278556321306	21.933333333333334	-0.11216434625041675
17.50998176591851	23.666666666666668	-0.14951884466332763
17.509645019327827	23.333333333333332	-0.14258725854222767
17.50896492341033	21.333333333333332	-0.09845886009742048
17.507999977087973	19.6	-0.05637598426764354
17.508961458843196	25.666666666666668	-0.1889423631338806
17.51083740207708	23.4	-0.1439511623788938
17.509815888963463	24.2	-0.16039831316557737
17.508965490712065	26.8	-0.20968746181256476
17.507714271521166	20.733333333333334	-0.0843496521105424
17.510439114129813	17.133333333333333	0.010885240092381867
17.51279429124695	23.466666666666665	-0.14528918234269625
17.511313570675263	22.866666666666667	-0.13263053437820854
17.508940214561843	22.866666666666667	-0.13269711258744565
17.511573668338556	22.133333333333333	-0.11657890040705278
17.51139823694747	20.666666666666668	-0.08264610680727566
17.513615483825678	22.466666666666665	-0.12388734937379606
17.514318536383232	19.333333333333332	-0.04936582671215114
17.51490926782909	19.6	-0.05617932990552268
17.515641170238343	20.933333333333334	-0.08888903299039894
17.51820983304369	20.266666666666666	-0.07273960082002763
17.52063983647751	19.533333333333335	-0.05431788617193785
17.523087016009356	22.933333333333334	-0.1337302279985797
17.52505231855729	29.666666666666668	-0.25728273114846695
17.52418978382423	23.8	-0.15186771353548345
17.526045516371944	31.0	-0.2776643829154006
17.52692304372343	22.733333333333334	-0.12931885581774136
17.52866869592608	36.13333333333333	-0.34670090443630835
17.52898111428627	24.2	-0.15986536712802338
17.53055598100504	24.6	-0.1677984981300101
17.53097206168489	24.933333333333334	-0.17431961273801658
17.53296596530492	21.6	-0.10392859151797722
17.53403586970239	24.6	-0.16770204858012625
17.535919109883324	22.533333333333335	-0.12471942745954638
17.53674386386214	24.266666666666666	-0.16098980244422162
17.53519712951995	22.866666666666667	-0.1319609799201871
17.53712889388562	21.066666666666666	-0.0914298120568161
17.53571491252449	22.533333333333335	-0.12472515918382159
17.534417378049067	29.0	-0.24638930211167545
17.536689661612396	24.533333333333335	-0.16630948056675682
17.53737833314562	23.733333333333334	-0.15012958948367766
17.53796102743954	25.466666666666665	-0.1843686613362719
17.53934914167977	24.8	-0.17148706830669455
17.540831358989784	25.666666666666668	-0.18806539788190912
17.541272506061418	24.0	-0.15547736273596743
17.540606175743942	23.866666666666667	-0.15277655485785527
17.539851446841944	22.0	-0.112801348258841
17.538834283180506	21.666666666666668	-0.10528707154556208
17.537733130441072	22.666666666666668	-0.12757144894859407
17.536549394658817	21.6	-0.1038275133651856
17.53528445219414	27.733333333333334	-0.22527855675769148
17.533939650612137	20.666666666666668	-0.08200725899571766
17.531500581911175	18.466666666666665	-0.025978158229498068
17.528998499584553	19.6	-0.05577854464452149
17.526434375906053	20.4	-0.07576682784394484
17.52841825264126	19.933333333333334	-0.0641965465809254
17.529264625222012	23.2	-0.1392299965874249
17.528586579860534	20.266666666666666	-0.0724450784585686
17.52893126068166	24.0	-0.15582073852800912
17.52635354328881	19.4	-0.05074008876925014
17.522606524478828	23.866666666666667	-0.15327788223990943
17.521478070634675	20.2	-0.07100787313661745
17.52291527954652	23.866666666666667	-0.15326927909936403
17.521926846800486	24.8	-0.17196932407036028
17.52100884004581	21.2	-0.0950127920259486
17.522373708295213	21.333333333333332	-0.09807979098038803
17.522544114266342	23.4	-0.14362391227002597
17.52341032829534	24.333333333333332	-0.1626959579103821
17.523717570960603	20.666666666666668	-0.08229687023178621
17.522793541364496	20.933333333333334	-0.08868651289510901
17.520809760047644	23.333333333333332	-0.14227500892626505
17.520020618572588	20.266666666666666	-0.07268819379059488
17.521830803691664	29.866666666666667	-0.2605027912247427
17.522016685519763	19.733333333333334	-0.05935568037059197
17.522114928653803	22.666666666666668	-0.12800964681675966
17.5221268874231	19.733333333333334	-0.059352546789323744
17.522053889954453	20.8	-0.08553680654639473
17.52130948078937	26.133333333333333	-0.19727624136596736
17.520486429320894	26.0	-0.19483958628197307
17.52251951228718	22.866666666666667	-0.13231628710469628
17.52444238197043	20.266666666666666	-0.07256268349169104
17.524612414695536	20.066666666666666	-0.06762351040168472
17.524696105767077	22.266666666666666	-0.11917085092106176
17.526467527508423	21.0	-0.09015964077192978
17.527326188564594	20.2	-0.07084185606149612
17.526197727969407	18.133333333333333	-0.01702589987288928
17.525068769978553	18.666666666666668	-0.031543054869157025
17.52386864967005	22.733333333333334	-0.1294045394874369
17.523178407915065	23.8	-0.15189590525017962
17.521893009639545	22.733333333333334	-0.12945996823598835
17.52161626994875	22.2	-0.11777928919752095
17.520246951135043	22.533333333333335	-0.12515950750455687
17.51881038118801	27.4	-0.2199788804502763
17.520801281416972	22.0	-0.1133377505857703
17.52286355127302	25.133333333333333	-0.17841416576935293
17.52139221485974	20.4	-0.07590986556691494
17.52311885170427	21.933333333333334	-0.11177422797535436
17.524598606686222	20.2	-0.07091928057889514
17.52089955557373	18.666666666666668	-0.03166190022441364
17.518508661397345	20.866666666666667	-0.08722528884273277
17.517564089326047	17.0	0.014994224041611756
17.516492038916503	17.8	-0.008027636515288377
17.5140908201329	17.666666666666668	-0.004336911920984568
17.513454691365805	17.066666666666666	0.012920371796073988
17.509668413933472	20.6	-0.08109048739287002
17.508947987938352	23.333333333333332	-0.1426067584124272
17.508024963428273	19.4	-0.05126188785356196
17.505397041465397	20.933333333333334	-0.08917922778519674
17.502719858629035	19.133333333333333	-0.04450843725333492
17.502231970855338	27.066666666666666	-0.21459885678573062
17.499711084110345	19.0	-0.041104131274693444
17.497140721763863	24.4	-0.16475728795140382
17.493292132322676	22.066666666666666	-0.11560615008681023
17.494427739780157	21.666666666666668	-0.1065404067512389
17.49666938909539	21.266666666666666	-0.0972567807927583
17.49472690448504	21.933333333333334	-0.112574810986793
17.493304968066962	18.266666666666666	-0.021626462864655582
17.494890295290936	23.133333333333333	-0.1387814315876188
17.49400435560722	20.133333333333333	-0.07014392034709023
17.492545202961065	23.133333333333333	-0.13884716672238595
17.488717485486944	16.666666666666668	0.024067971689565766
17.48457862752661	23.466666666666665	-0.1460782937408815
17.482554580242375	21.4	-0.10075072129515426
17.481850768130624	18.2	-0.020126456907633088
17.48226700723128	16.466666666666665	0.029915529905007617
17.48051552752344	18.0	-0.01464140147776539
17.47870919790576	16.066666666666666	0.042093507520670405
17.479080641049155	22.933333333333334	-0.13496478324065572
17.479944828978187	18.466666666666665	-0.02744964814856124
17.4807245005109	21.266666666666666	-0.09770831150466695
17.480121121168214	18.133333333333333	-0.018341725681220823
17.479449697187796	17.0	0.013905375561342005
17.477614970047252	20.733333333333334	-0.08520380958454367
17.477855873487997	17.4	0.002232243684084353
17.480192105772716	19.933333333333334	-0.06556829913164239
17.478686477967585	16.733333333333334	0.02178629466325884
17.47969916168455	20.866666666666667	-0.08832564525522722
17.481855481165837	18.0	-0.014603084077978942
17.483915868743217	27.933333333333334	-0.230075965589575
17.48568760822702	22.733333333333334	-0.13047671480445347
17.486700630828096	24.4	-0.1650475990005238
17.488839802352985	20.933333333333334	-0.08964858699731174
17.491533807438454	26.666666666666668	-0.2077786857417031
17.494125631971084	26.133333333333333	-0.19802225264214326
17.494841692064128	22.666666666666668	-0.1287756657047525
17.497286703924583	27.8	-0.22744658777062654
17.4985319498701	26.6	-0.20638936598787871
17.499601938459044	30.0	-0.2631684803956167
17.501021413852726	27.8	-0.22734539453448
17.501841292470214	30.0	-0.2631089315165334
17.503616838065987	27.533333333333335	-0.2226997267154362
17.504883700545637	24.8	-0.17244146919520484
17.50631768333851	32.333333333333336	-0.297494371399893
17.507667521869102	23.933333333333334	-0.15505575827948576
17.506171527903895	24.733333333333334	-0.17109958625631838
17.50538575792248	22.066666666666666	-0.11526520939080517
17.507216908550284	23.0	-0.13560011056425594
17.50569819650384	24.133333333333333	-0.15916881092876395
17.50429607842025	22.866666666666667	-0.13282741415174723
17.50594552904789	24.066666666666666	-0.15781354096135145
17.507386716447247	21.866666666666667	-0.11071453344676357
17.509514045425373	27.666666666666668	-0.22483424807362234
17.51155078062608	27.066666666666666	-0.2143449521582625
17.512722394201152	23.333333333333332	-0.14250117509408586
17.515081546648783	26.866666666666667	-0.21070790350732993
17.51352410709275	27.466666666666665	-0.22127835361206136
17.513044472865666	26.4	-0.20237621039064319
17.514027342326518	29.733333333333334	-0.25862409701335476
17.515311495630346	20.733333333333334	-0.08413427069358939
17.51444745733554	26.266666666666666	-0.19990855382396222
17.51642098413804	20.066666666666666	-0.06785620453071055
17.515464437226317	19.733333333333334	-0.0595420262895023
17.51485538602147	24.2	-0.1602581275211301
17.513340558850995	22.066666666666666	-0.1150410630769186
17.51177580180012	22.533333333333335	-0.12539752394200784
17.51306911179257	25.0	-0.17610892472899942
17.514629009291486	20.533333333333335	-0.07933944784895929
17.51125840363218	17.466666666666665	0.0012748536934622092
17.507856303146937	17.933333333333334	-0.012005156557962856
17.505656118960434	18.0	-0.013922961439813534
17.507179681254733	22.533333333333335	-0.1255267046715263
17.50787100059231	17.866666666666667	-0.01014276623059421
17.51021367570194	18.266666666666666	-0.02114362637898584
17.51218484577348	15.533333333333333	0.05988259895683174
17.512774382462826	26.533333333333335	-0.20479809496618664
17.512192081310545	20.0	-0.06631998240190659
17.511368574163626	19.333333333333332	-0.049449843935336135
17.510489170376122	22.2	-0.11809249716123454
17.50959940672857	19.333333333333332	-0.0495002376567512
17.50865473480849	22.2	-0.1181441500983182
17.50793892231424	19.333333333333332	-0.049547540007641035
17.5096347284015	20.4	-0.07624355371150718
17.511295268886084	17.0	0.01481530220475514
17.5108555819528	20.333333333333332	-0.07458153635419754
17.51035984266551	19.466666666666665	-0.05290600701782845
17.51003722497731	22.866666666666667	-0.13266633789782725
17.510232352344115	21.4	-0.09996773117242895
17.51194238636045	22.933333333333334	-0.13404262551072382
17.51379486805848	22.066666666666666	-0.11502826450403601
17.515391631965038	19.0	-0.040657057248575636
17.516911552563418	15.866666666666667	0.0494328341635395
17.515480826021484	20.8	-0.08572303160940306
17.514003354500172	17.2	0.009045437695375079
17.51325692141698	21.2	-0.09523205671035748
17.514303220081462	19.266666666666666	-0.047643209300376965
17.51439965037911	19.8	-0.06125250227890689
17.51491266921517	17.733333333333334	-0.006196639234257813

Average Payoff: -0.1052