953.0	953.0	0.0
505.76140158656244	1762.0	-0.5539553665277805
604.378553	484.0	0.11060356956519338
674.3485354487499	857.0	-0.11927491379206205
782.8944051022994	660.0	0.08517214057225922
927.778549563021	384.0	0.41453532667092646
955.9692106001213	865.0	0.049956479258724734
1003.840962324672	949.0	0.02808265669488467
1061.9888381260973	772.0	0.1581191946742693
1059.2147786408493	1441.0	-0.1527009697809619
1080.457394612705	559.0	0.31806706067887225
1091.2444561929062	1957.0	-0.28401775390690814
1087.3468727505788	1622.0	-0.19733653620609737
1119.8556592058444	937.0	0.08890057908897958
1115.2887394724496	1133.0	-0.007877662782630962
1117.1619410121718	1521.0	-0.15307553820327247
1105.6320400921034	1622.0	-0.18930997741559769
1098.1254017604977	760.0	0.18197124986297356
1106.0233945196753	1379.0	-0.10984870648796759
1116.8609619948409	404.0	0.4687219803839367
1104.6998391496127	789.0	0.16671060144958413
1103.9393066667596	847.0	0.13170030753327147
1107.3544668603736	1065.0	0.019497033060901416
1101.2172888734256	513.0	0.3643978372229843
1107.4722158497173	780.0	0.17349776759616733
1113.9945629728945	446.0	0.4282031353365051
1109.26792974773	655.0	0.25748239373862286
1104.433850840042	1219.0	-0.049308978225713826
1120.4484292525922	1106.0	0.006489451569036541
1129.6639710848508	1876.0	-0.24830986966442894
1134.5623318849273	1487.0	-0.13443802721321021
1144.9319778816284	1347.0	-0.08108889966175882
1157.8520604124924	839.0	0.15967735754376652
1165.262284308981	1287.0	-0.04964302410470881
1170.2965949776983	1013.0	0.07204545426376441
1168.67117041426	667.0	0.27329032481402793
1165.7396835376983	1210.0	-0.01863012045006293
1165.4644264197666	2059.0	-0.2771113138228529
1163.855990804785	2000.0	-0.264280046761081
1165.7539521957003	1286.0	-0.049044908318231425
1170.443127137873	1247.0	-0.03166853110325964
1170.4258998760497	412.0	0.4792805147687842
1169.584420372568	1584.0	-0.15050040832645337
1165.377569133075	1185.0	-0.008348629226478983
1162.1858821142957	2311.0	-0.33076666693876045
1164.3034134009533	1348.0	-0.07311879035756
1164.3713482653793	1136.0	0.01233337751610106
1170.8134535910394	903.0	0.12914057102257223
1169.9890840970384	567.0	0.34714615631018664
1168.421742686549	1511.0	-0.12785529498986659
1171.9263105022637	1444.0	-0.10400663367520376
1174.7291466540917	1536.0	-0.13327441946453128
1176.115136365111	1344.0	-0.06661793392385941
1176.4123561583565	643.0	0.29317837396940805
1175.3192431677933	785.0	0.19911004012645095
1176.1462947030075	1021.0	0.07061263743658858
1175.299920564565	651.0	0.2870831426212228
1176.3957060675148	1062.0	0.05110611397146075
1176.6881555752063	510.0	0.39526462160270975
1176.600239843336	1390.0	-0.08314491553608275
1178.9048301306325	1519.0	-0.12605899439859045
1182.1336683271732	1881.0	-0.22815404332468753
1180.5245314962237	1338.0	-0.06252687497557233
1182.8533891670272	984.0	0.09177057855467997
1185.4825753800692	1271.0	-0.034812957957456495
1186.5687164597027	1776.0	-0.19895953139094547
1185.6017003498998	1463.0	-0.10473386753978667
1183.599267488767	1467.0	-0.10691949401303981
1182.2965959194246	1634.0	-0.16038914535317603
1184.8779186831925	956.0	0.10690844007769036
1186.7119442200699	1181.0	0.00241243206717505
1186.4772245873685	1468.0	-0.10605582628662166
1187.349494012592	881.0	0.14811302195272372
1188.9837576422312	1584.0	-0.14245169711835487
1190.3668710280942	1943.0	-0.24019949145787642
1191.2113699780696	1420.0	-0.08761781319290592
1190.4454469394914	1434.0	-0.09280229213547983
1190.6834574151592	761.0	0.22016042395739668
1189.869568898373	987.0	0.09319325870361504
1189.8707821723049	1241.0	-0.021033293173240746
1191.0543766130409	1675.0	-0.16885430623227107
1189.7680696258556	259.0	0.6424548477702345
1191.3260706645117	786.0	0.20498696531538446
1193.6372585019228	1175.0	0.007868346423677472
1193.853942893897	1128.0	0.02836265523739984
1193.1525370429165	758.0	0.2230233304580149
1192.4329461646157	509.0	0.40168079953148667
1193.9331731997788	1233.0	-0.01609719922725095
1196.0605910674556	1562.0	-0.13267997451459704
1195.9562308526688	890.0	0.14667432917688986
1195.037524000352	1750.0	-0.18843986586826986
1195.1459985845597	1514.0	-0.1176953924159241
1194.8389544960144	2256.0	-0.3075081333834558
1194.4646621045745	2235.0	-0.3034104271122233
1193.0220083864683	744.0	0.2318104835373047
1192.8727927264092	932.0	0.12277101651420988
1191.9456387813689	1777.0	-0.19705795672930276
1190.615131405711	1109.0	0.035490778561637515
1190.1657321567066	1074.0	0.05130619658573057
1190.3768759294828	1336.0	-0.05764109284642688
1191.8204558497898	515.0	0.39653875340556266
1191.2627038442954	776.0	0.211086553429197
1190.4918461513084	777.0	0.2101619109426841
1192.175185862635	791.0	0.20228933314740585
1192.9129491654382	1302.0	-0.04372379039158538
1192.7089313605575	1648.0	-0.16027374843412096
1192.991861350841	1507.0	-0.11629966117455506
1194.1024457392607	1093.0	0.04420547314249465
1193.4649453955824	450.0	0.45237651553111174
1193.2343271233372	753.0	0.2261980076027292
1193.364596380058	924.0	0.12721691712451214
1194.1549220769336	1008.0	0.08453307267835818
1193.85735320433	629.0	0.3098746877869457
1193.2864724825376	1330.0	-0.05418073968547718
1193.5130527636932	1001.0	0.0877247244081091
1194.1681104618526	1510.0	-0.11679447306410455
1193.9103131858317	1848.0	-0.21502596048899672
1193.6096503172857	1189.0	0.0019347064747563187
1193.060195899282	1492.0	-0.11133448872292298
1192.7009565348776	1001.0	0.08738700503540112
1191.954355580044	1242.0	-0.020561455602165345
1192.3647236529534	837.0	0.1751113141521845
1192.983078547563	597.0	0.3329545880574238
1192.0466756383073	622.0	0.31424035736992567
1192.3252335111092	445.0	0.45643053573939724
1192.178064869814	1038.0	0.06913262546092443
1193.356866219396	624.0	0.31328842276520813
1192.6410428991533	1999.0	-0.25264713238816605
1191.6886950600917	1651.0	-0.16157636456572985
1191.5053036844636	830.0	0.17882975771845458
1191.5844036987576	711.0	0.25259557618808803
1190.4373425198362	1048.0	0.06363249031553983
1190.959776018947	539.0	0.37686412427418575
1191.615403913387	1437.0	-0.09335127372429357
1191.2893582229106	886.0	0.14696525402897212
1191.3946014251883	1257.0	-0.02679527170033107
1192.3965058526908	826.0	0.18152850779827479
1192.6674677627584	725.0	0.24387307790560864
1193.981459172006	1082.0	0.04920139341238063
1195.5256103918066	1480.0	-0.10632467448761768
1196.4329329339143	1879.0	-0.22194178249074267
1196.6459335442526	1772.0	-0.1938102688348674
1196.1713528904872	1889.0	-0.22456731502462698
1195.5501436847987	1566.0	-0.1341456200468993
1195.2164310279768	681.0	0.27407095606035076
1194.3857448597305	818.0	0.18703459106741274
1193.487166812087	1875.0	-0.2221005975058225
1192.727476019981	198.0	0.715256937949279
1193.8638671633457	534.0	0.381895749835114
1193.8331802680166	1748.0	-0.18837465817198235
1194.0515705193654	1368.0	-0.06789419521534949
1194.5302994201452	344.0	0.5528199865421568
1195.211666438139	1124.0	0.0307051173761584
1195.2944594669707	936.0	0.12166055155598693
1194.2441032789088	1612.0	-0.14886655663096854
1193.5182899305892	532.0	0.38337367606645273
1193.6725865827216	1418.0	-0.08589415632332484
1194.4632216681669	992.0	0.09259850321822341
1194.4323498193721	923.0	0.12818938458294862
1194.42703731853	923.0	0.12818719726100225
1195.6708643467812	844.0	0.17241549629106764
1195.3797413276377	2697.0	-0.3857846249503344
1195.888262275329	881.0	0.15161540849114052
1195.850376855747	1698.0	-0.17352300836294554
1195.4733404951412	1577.0	-0.13761238167098885
1195.1658786634516	525.0	0.38959375196080653
1195.5566888539934	1374.0	-0.06944517391659152
1195.7325919512487	1666.0	-0.16432961254709805
1195.5438372344606	1142.0	0.022906024854621822
1195.2822443648402	1189.0	0.0026348576724454487
1195.5782093694133	1050.0	0.06482883061565402
1195.9276190944001	756.0	0.2253811129013612
1195.7038442914504	1845.0	-0.21353482251404513
1195.8910855686352	1769.0	-0.19329847130672878
1195.9931149434603	897.0	0.14285432322195538
1195.9740801892128	1874.0	-0.22085721315568832
1195.8316182628319	1054.0	0.06304099253985268
1195.188049478005	1000.0	0.08891632292022494
1195.3177440230174	644.0	0.2997403498196874
1195.364551857776	1079.0	0.05116354445584616
1194.6469236030132	1104.0	0.03943490523587185
1194.5296474425302	741.0	0.23431810927917932
1194.3466988889732	1467.0	-0.1024493731781924
1194.7452105633934	393.0	0.5049583555530948
1194.346333562546	1405.0	-0.08104101547281757
1193.933985546679	994.0	0.09138026415213041
1193.6744597477564	1272.0	-0.0317663752984879
1193.5853040483705	601.0	0.3302073758832019
1193.0190824868473	769.0	0.21611363837980907
1193.3793087936126	1257.0	-0.02596360938001454
1193.6603780040018	1103.0	0.03947487354782234
1193.5057063633894	741.0	0.23391283100117566
1193.3217873455344	1412.0	-0.08393520282854147
1193.0816537855032	2126.0	-0.2810772507360516
1193.1971554097388	981.0	0.09759793626891629
1193.3290746028097	366.0	0.5305673369898178
1192.8408104394334	934.0	0.12170201416529783
1192.568667878248	1167.0	0.010836161806318505
1193.6545042295063	799.0	0.19805465693718247
1194.0225775656077	1283.0	-0.03592111886272689
1193.7418847144982	1485.0	-0.10872944382864431
1194.0917816093663	1231.0	-0.015219307850748747
1193.8664825857418	971.0	0.10294698743709471
1193.283235489393	1721.0	-0.18107943596017287
1192.664381373314	2342.0	-0.3251611736275051
1192.375181865053	2091.0	-0.2736893496357921
1192.5220409838414	1173.0	0.008252741105604757
1192.6097530285822	657.0	0.28957987064653273
1192.4791890794604	1336.0	-0.05676171334152487
1192.8657362408844	599.0	0.33142312184993405
1192.773288097906	682.0	0.27244536250893714
1192.3146301902857	709.0	0.25420023730733876
1192.8127095961265	568.0	0.35484336646992876
1193.0794458599512	1337.0	-0.05688380828339227
1192.5335171944137	329.0	0.5675415673962283
1192.8017735912376	1895.0	-0.2274103967470935
1192.661125415264	2317.0	-0.3203553945544255
1192.410765687478	2050.0	-0.26449123701040084
1192.150980299961	373.0	0.5233686657775155
1192.4222091452707	1145.0	0.02028825128799117
1192.0112875802433	1255.0	-0.02574107963435012
1191.2968004304873	1098.0	0.040753475221274704
1191.469074185793	1094.0	0.042647295159973564
1190.8531215696082	1548.0	-0.13040015750304806
1190.2103289726363	2528.0	-0.3597939741609515
1190.4289636056353	1199.0	-0.003587064744302352
1190.6216655010237	1406.0	-0.08294559710431229
1190.2837918810649	1077.0	0.04996454007509944
1190.0164515877593	1363.0	-0.06775653494307081
1189.7139085469103	1134.0	0.023976234054453753
1189.6099473080778	2211.0	-0.3003549564690459
1189.1797827749901	873.0	0.15332309307655032
1189.604276415563	1550.0	-0.13155028508568792
1189.5711458991655	1517.0	-0.12097552085299333
1189.8814840252928	714.0	0.24995331275513932
1189.6076175899611	1027.0	0.07335877414639522
1189.4261066854824	1800.0	-0.20424451768486415
1188.9774003192574	995.0	0.08881841006729349
1188.2948886433032	1047.0	0.06321084943251545
1187.9360171389128	2245.0	-0.30791834673984647
1187.7446713735005	2178.0	-0.29421582006765645
1187.535375325679	1287.0	-0.04019527288480577
1187.9110272516539	559.0	0.3600131989784819
1187.2846718324545	998.0	0.08661785545483701
1186.8444127457099	1587.0	-0.14426028562221818
1186.3787255857965	1057.0	0.05767137046911809
1186.2730461575338	670.0	0.2781234405284361
1186.6589996653554	1089.0	0.0429146017394155
1186.442890287427	1443.0	-0.09757090015540461
1186.1703275207947	1161.0	0.010723690234862887
1186.2525067273348	793.0	0.1986873859655088
1186.0594339575534	598.0	0.32961874630660126
1186.4495886167051	350.0	0.544404186648113
1186.416806202892	788.0	0.20178961450855407
1186.5600862566034	540.0	0.37447876352709275
1186.863395032034	506.0	0.40219630067619844
1186.4450963041247	1302.0	-0.04643658960669823
1185.9468695546857	2234.0	-0.306453044570772
1185.979686665594	1543.0	-0.13082556644847418
1186.8746298076808	689.0	0.26540933061114225
1188.2260930825792	1161.0	0.011589388166063638
1188.344829311993	954.0	0.10938707256910273
1188.426508115085	1439.0	-0.09536841129941874
1188.6988664656665	600.0	0.3291212833543585
1189.031619738289	1721.0	-0.18280501718725417
1189.7736936675951	1227.0	-0.01540330666042288
1190.0357956119828	1167.0	0.009773205674206495
1189.8497442669402	1027.0	0.07345998288250734
1189.4802194672172	1352.0	-0.0639468996405774
1189.277967525072	1952.0	-0.24280628469051277
1189.0273944419891	986.0	0.09334475278830984
1189.0195416984022	1099.0	0.039343869253660534
1189.4427485146311	813.0	0.18799176595379233
1190.0668530935284	665.0	0.2830447065656537
1190.7380902589603	924.0	0.12613291995241682
1190.558512157483	903.0	0.13735394090377925
1190.8296359276308	695.0	0.2629238752437648
1190.891221951167	1040.0	0.06763719381135737
1190.9212685767661	1101.0	0.03923401288239072
1190.5555329617648	1751.0	-0.1905265634995306
1190.6334348931555	617.0	0.3173394692862945
1190.2870139689971	2191.0	-0.29595623852597874
1189.6954088582936	1179.0	0.004515316244670213
1189.9445108502819	797.0	0.19776320310129214
1190.2588608232606	1344.0	-0.060665128394498787
1190.91747064384	811.0	0.1897767896104399
1191.1381106409597	1184.0	0.0030053455034803685
1192.1070905653937	782.0	0.20774308168253278
1192.48421140711	553.0	0.3663649360033995
1193.0022379272916	301.0	0.5970554897995424
1193.5321751966364	794.0	0.20101922383073306
1193.53172688027	843.0	0.17212190817043835
1193.1404434654346	407.0	0.49129465271366124
1192.5540482974457	485.0	0.4217771993787886
1192.3386026950059	697.0	0.2621756640066746
1192.5246505614327	1088.0	0.04583359821859424
1192.376124921021	1627.0	-0.15415604581355885
1191.9500029173932	2623.0	-0.375116317641973
1191.872944324977	1207.0	-0.006305901156961716
1191.772066593068	1295.0	-0.04151081427754512
1191.6481236110758	867.0	0.15769966702304147
1191.812594647578	1238.0	-0.019008628671266355
1191.644601744456	930.0	0.12332159756131014
1192.164615172184	929.0	0.12406609712882744
1193.0071122561985	844.0	0.17133328114384275
1193.8476580995089	609.0	0.3244021509371636
1194.010621099903	890.0	0.1458776735693658
1194.0250618514658	798.0	0.19880526075479424
1193.8566895441934	1539.0	-0.12629396622820066
1193.9005432287263	2152.0	-0.2863502499230677
1193.67741569204	982.0	0.0972926474142352
1193.0911282846337	591.0	0.3374777884039655
1193.2533084152076	429.0	0.4711060254590036
1193.3877342800433	828.0	0.1807608347886722
1193.11369979579	875.0	0.15381828369842582
1192.7666439383602	1833.0	-0.21159376495350196
1192.725058056472	756.0	0.22410809377698074
1192.4685665937482	1639.0	-0.157703122215278
1192.7836260657548	1405.0	-0.08169132017189548
1192.578017456918	1522.0	-0.12135292499410001
1192.6230411695074	809.0	0.19165598780545826
1193.0810348685566	808.0	0.19243650214987476
1193.3170943487596	1780.0	-0.19731595623161766
1193.22955104274	527.0	0.3872910744027715
1193.3065042753642	797.0	0.19911832847054503
1193.506498275772	1185.0	0.003576403210139842
1193.2936848834026	694.0	0.264555373062804
1193.6143938674254	955.0	0.11105501040506782
1193.8595790324016	961.0	0.10806253052320129
1193.6914018854095	1158.0	0.01517690707921746
1193.9239995390196	1391.0	-0.07624053956562195
1194.0733472973884	612.0	0.3222866602668181
1194.4851888939763	973.0	0.10218532981394705
1194.3119469937021	1328.0	-0.05300218839530862
1194.4705048262035	1728.0	-0.18256112227402102
1194.1509281921208	1015.0	0.08109492470880231
1194.16618129122	813.0	0.18990265222883235
1193.929649851706	988.0	0.09437960104062106
1194.1188719980921	880.0	0.15144689932621233
1194.283395428715	1968.0	-0.24467022964790008
1194.0404413154336	1449.0	-0.09646449395896257
1193.6099830321311	2535.0	-0.35975605468852
1193.7174596302043	685.0	0.2707791195650767
1193.631088645485	804.0	0.19504656833793999
1193.9305256808561	1374.0	-0.07012240888853509
1193.5920994186495	1074.0	0.052739687816565295
1193.1545948740632	965.0	0.10571744740435375
1193.055538443621	848.0	0.16905739797102154
1193.0531190626639	622.0	0.3146206097580048
1193.273128458841	395.0	0.5026044413616909
1193.4134413030624	445.0	0.45679156581371455
1193.2834468529945	1910.0	-0.23095426680209305
1193.334287982996	429.0	0.47113242544683687
1193.4476952785321	1405.0	-0.08141487900867336
1193.2975284418071	1747.0	-0.18831511648129845
1193.6329382924484	1107.0	0.03765613229755296
1193.6028160252436	235.0	0.6710072283717975
1193.5550426461275	395.0	0.5026927120611059
1193.4900963447967	1224.0	-0.01262048754670546
1193.8835609054224	1075.0	0.05239738299217994
1194.0091183289628	2352.0	-0.32656173264910665
1194.1534977055733	1262.0	-0.027623070935023333
1194.0072985074564	1880.0	-0.22315909979316517
1193.8464572495177	2397.0	-0.3350612612024805
1193.5545183625318	1142.0	0.022073780747655977
1193.3925212790236	1541.0	-0.1271242062051799
1193.6441968965446	1162.0	0.013433351665856163
1193.6304989314667	1275.0	-0.032961393413778864
1193.4035202274483	1283.0	-0.036180080928136696
1193.2644801024098	1055.0	0.061498316290666925
1193.1110867821833	385.0	0.5120749062285257
1193.1277252339369	402.0	0.49596512725519354
1193.1716898870932	998.0	0.08907183804348531
1193.4357697705982	1665.0	-0.16497282717227083
1193.5469287896963	1322.0	-0.05106367515556797
1193.1173844565017	1808.0	-0.20488456024016957
1193.1360757424377	1233.0	-0.01643103396224933
1192.8788999107132	1901.0	-0.22887809219349942
1192.8762322250848	1525.0	-0.12219973957497336
1193.1160141958462	1069.0	0.05486721875313186
1193.1714354451385	1592.0	-0.14319713303074247
1193.482814137444	1309.0	-0.04616103064123241
1193.5658358760397	1436.0	-0.09219551030681586
1193.710140922202	1178.0	0.006623971728726272
1193.65058393042	544.0	0.37386721469684936
1193.2654877684965	448.0	0.45407978984666103
1193.0145058318285	1845.0	-0.21460907869814583
1193.0300144323817	2103.0	-0.27608061261066114
1193.1454397217942	754.0	0.22553294210243421
1193.3985180992838	589.0	0.3390928077879031
1193.1391041608174	525.0	0.38887369628150886
1193.0127130885626	1102.0	0.03965673591676112
1192.6240540705833	1810.0	-0.20561213618882973
1192.3444716662352	1261.0	-0.02798446330169692
1192.054951896825	875.0	0.15338486846026073
1191.8957281035578	1176.0	0.006713018616021834
1192.2330793312824	895.0	0.14240531269584486
1192.628979205236	855.0	0.16488777148303635
1192.4853316621654	1868.0	-0.220721420014439
1192.8234679712234	1161.0	0.013519904276701038
1192.6588409331375	418.0	0.4809577430341101
1192.8339137307344	396.0	0.501521214297152
1192.9073565742779	1448.0	-0.09659280276935661
1192.5306566503693	1198.0	-0.0022879201881034856
1192.3912893376512	1010.0	0.0828151156520891
1192.3932242632673	330.0	0.566472058939047
1192.4588832549819	759.0	0.22212042845196098
1192.3414645245493	1008.0	0.08377857141567885
1192.4746161110193	1315.0	-0.04886405752693605
1192.3258953518155	1957.0	-0.24280564478156738
1192.2791451819942	1471.0	-0.10465326374902378
1192.3939773234242	295.0	0.603333071805421
1192.391981949477	886.0	0.1474178040573893
1192.4221048859565	325.0	0.5716419327838569
1192.2788654836895	1222.0	-0.012310564011981273
1192.0274315807014	1260.0	-0.027720965737924066
1192.0088750583334	657.0	0.2893490032823421
1191.7315896591347	2072.0	-0.26971225609664823
1191.8287473448806	1414.0	-0.08525934518202437
1191.53908430765	837.0	0.17477557472285818
1191.2411155368247	479.0	0.42643011773058076
1190.935027067554	1241.0	-0.020586476355338595
1190.8917901270127	1291.0	-0.040335445030769954
1190.6297260782235	1660.0	-0.16465494260017993
1191.0595567170374	1048.0	0.06389269829284697
1191.1289593205665	1467.0	-0.10378391902774639
1191.1218212948243	1432.0	-0.09182881890947542
1190.9629733244851	2516.0	-0.3574454442114896
1190.9769165507553	2210.0	-0.2996265803775964
1190.9778033891637	881.0	0.14960478962763432
1190.9225071485557	813.0	0.18859137805997975
1190.744127964281	2020.0	-0.2582752903955305
1190.83217599157	1108.0	0.03603228493869566
1190.5071425569092	1931.0	-0.2372228617860965
1190.1516157265362	973.0	0.10038668309137529
1190.3700276401837	453.0	0.4486938518034303
1190.5845187366724	2018.0	-0.2578755449425122
1190.7463154492364	1146.0	0.01914898299117846
1191.1157376206193	1675.0	-0.16882928209350329
1191.1139234825705	903.0	0.13758273618821507
1191.3100544424058	1496.0	-0.11338101647553088
1190.8970963494858	537.0	0.3784352075890219
1190.9947524937515	2037.0	-0.26208383605725394
1191.2838065976437	1819.0	-0.20852392456372046
1191.3877704595538	1886.0	-0.22571488591985858
1191.0404928623657	2038.0	-0.262294483147485
1191.402240163157	795.0	0.1995578902139165
1191.8971960977942	804.0	0.19434728244329283
1192.318347728683	779.0	0.20966595689879355
1192.7302074926426	894.0	0.1431570820319837
1192.7145692668034	1080.0	0.0495946876880215
1192.837401882957	1850.0	-0.21597033009729014
1192.866490965673	1603.0	-0.14669280895908224
1193.090276010288	1811.0	-0.20568946576743813
1193.1014120303612	1464.0	-0.10195267171328552
1193.340415443091	845.0	0.17089413171811604
1193.0515786632313	1566.0	-0.13517268913017685
1193.0135600717917	1598.0	-0.14510371634231364
1193.0965674628974	1500.0	-0.113959312207742
1192.774259807662	920.0	0.129107148357863
1192.8713626242911	1033.0	0.07182416976505039
1192.9029104564788	1174.0	0.007986348055498915
1193.3307741908143	1212.0	-0.007761604353757249
1193.3315311278661	1335.0	-0.056032394141339856
1193.2668632542154	1038.0	0.06958686377288137
1193.3346980269002	525.0	0.3889432593046768
1193.4199118448423	453.0	0.44971511005062426
1193.1290389644053	652.0	0.293274360511999
1193.0910212810934	648.0	0.29606956689289626
1193.2201135241664	710.0	0.253896073339302
1193.291938497556	1311.0	-0.047002531810673286
1193.242765884757	1925.0	-0.23466974480661296
1193.1497524772071	1553.0	-0.13103810059818638
1193.2349498633048	1460.0	-0.10054331982564868
1193.151835724512	995.0	0.0905567120569138
1193.0596252204189	2182.0	-0.2930141937018358
1192.8901112666908	1946.0	-0.23992872067426205
1192.7811616425797	695.0	0.26368584015821767
1192.6023348814017	1815.0	-0.2069414755734791
1192.5749243946514	2424.0	-0.34049483319123186
1192.4121745795153	1883.0	-0.22455130766818437
1192.3683832454044	2110.0	-0.2778707613027692
1192.2833190232143	2167.0	-0.290156139988873
1191.892342530085	841.0	0.17260743974930493
1191.8016783229202	985.0	0.0950025353169734
1191.6422894864452	672.0	0.27883156140958815
1191.6958359764226	1721.0	-0.18172311625739626
1191.9078026596483	1883.0	-0.22475216874554418
1191.8285584797084	675.0	0.276848431599203
1191.7407079677478	1669.0	-0.16683067105766963
1191.5464628876643	465.0	0.4385910562515467
1191.5119186753714	1432.0	-0.09166647180549219
1191.6592309897303	1426.0	-0.08952302356088804
1191.6094380006903	1369.0	-0.06927669615160652
1191.6022781292666	1307.0	-0.046184910211933806
1191.4930896004817	1154.0	0.015985163105668335
1191.5957088000878	1643.0	-0.15924820947075943
1191.750286243418	1857.0	-0.2182040676661267
1191.6537268607917	2387.0	-0.3340212170200022
1191.4962842204523	2021.0	-0.25821157205815604
1191.5249930160437	1304.0	-0.04507067943568105
1191.7525833220834	1365.0	-0.06776072812364574
1191.5876926598723	762.0	0.2198968053873102
1191.8490211930584	406.0	0.4918168179658753
1191.5624118869837	696.0	0.2625409410391751
1191.5763603199787	1162.0	0.012566560753506909
1191.4477038790194	1149.0	0.018136574386459173
1191.4224773202707	452.0	0.4499284192132732
1191.235324872027	588.0	0.33904189987651867
1191.3106223397292	562.0	0.3589270573744298
1191.5347993965784	861.0	0.1610373668177279
1191.93723441119	615.0	0.3192901354978117
1192.1883382435267	1847.0	-0.21545609843150298
1192.3125466935599	1365.0	-0.06752692529887044
1192.5126490419793	1091.0	0.04445460334304159
1192.1537090828042	1186.0	0.002587599388257176
1192.1100635001258	625.0	0.3120945037350989
1192.2001992547084	1729.0	-0.18376001784548912
1192.4750634143825	1388.0	-0.07577090720919685
1192.4583866021828	1583.0	-0.14071247303978943
1192.4995063764932	1309.0	-0.046572263287096044
1192.1412733169902	1529.0	-0.12379317824700407
1191.917071816834	1939.0	-0.23861472886269788
1191.7743974268778	1863.0	-0.2197300079307049
1191.9003513442365	1603.0	-0.147089197100727
1192.09508374146	1924.0	-0.23487887775868185
1191.9153608089352	1400.0	-0.0802821891244634
1192.0227718158287	592.0	0.33633134133434217
1191.9679567493645	1270.0	-0.03169498735217674
1191.9517476661451	2252.0	-0.3077999722418339
1192.3109669267228	620.0	0.31579070996697395
1192.4931744480791	1022.0	0.07698970419747234
1192.3529925641915	915.0	0.13161202396695443
1192.3073079081287	1384.0	-0.07440598856489643
1192.5572811662723	1008.0	0.08386842857753692
1192.3800993989441	780.0	0.20907739817726378
1192.415533230874	732.0	0.23924954111022417
1192.4958608187433	444.0	0.4573771793374832
1192.5164084956903	1303.0	-0.044272837128291935
1192.1541053088154	1332.0	-0.05540307321056981
1192.091311953616	1019.0	0.07828320387215518
1192.180364579485	1314.0	-0.04860768887276602
1192.173791029611	808.0	0.19207020547542192
1192.109925139788	1676.0	-0.16871392223107623
1192.1269356065577	2212.0	-0.29959901134289463
1192.1356583927507	1535.0	-0.12572324392887663
1192.0271275482623	1452.0	-0.09832458591028291
1192.2255774168345	1248.0	-0.02285625685564978
1192.0505939538002	1605.0	-0.1476374460078932
1192.3309114837066	777.0	0.21089950351248668
1192.721365674051	1511.0	-0.11771872588897511
1193.0042284231815	1818.0	-0.2075705393160871
1192.9864136924875	1379.0	-0.07232292725857015
1193.0792701007238	1028.0	0.07432389844115629
1193.2645538074007	1263.0	-0.02839085312879019
1193.43924672456	2010.0	-0.25490127652970285
1193.4409242755266	2101.0	-0.27548196995642066
1193.1686713109277	996.0	0.09006554583702238
1192.8923133484682	358.0	0.5383302929304526
1192.897303251743	1222.0	-0.012051318583638778
1193.0459374127224	1437.0	-0.09275657855134828
1193.0496159085017	1573.0	-0.13736210005282376
1192.9028742790724	1738.0	-0.18598266442213907
1193.070243940526	429.0	0.471046335258796
1193.1475360178451	447.0	0.45492708407771365
1193.3488694452246	665.0	0.2843109160676345
1193.529008144412	981.0	0.09773565096092655
1193.1781905215087	1118.0	0.03252808062564185
1192.9037004647282	530.0	0.38475957784867465
1192.8033782962648	1195.0	-9.199340798749276E-4
1192.6192183139894	1002.0	0.0868575362519755
1192.5389893667752	1167.0	0.010823720007114224
1192.638616718809	824.0	0.18279855084725394
1192.8122462029814	1568.0	-0.1358975983654898
1192.7970771669625	1480.0	-0.10745406947895159
1193.1341198736977	1100.0	0.04061433610295215
1193.270626406493	1881.0	-0.2237048904173385
1193.2761367908483	1715.0	-0.17939282195701348
1193.274589678509	1236.0	-0.017587723719262722
1193.2575531064658	793.0	0.20151342029157865
1192.9870332148575	1564.0	-0.13457189399709035
1192.6379981059297	2313.0	-0.3195886176779786
1192.5374033710123	2242.0	-0.30556155702335225
1192.655141640477	980.0	0.09787800077646487
1192.5834182970702	1982.0	-0.24866777075475102
1192.55653932534	1638.0	-0.15736956831140736
1192.5963899149187	686.0	0.26966749890212577
1192.5627620367325	1508.0	-0.11680426109607189
1192.7263843718833	1088.0	0.04591799572692943
1192.5624592807148	1774.0	-0.1959970668745882
1192.4260839957967	2085.0	-0.2723399073323992
1192.4670761368109	782.0	0.20788752625843715
1192.5947616368471	1455.0	-0.09911080130741898
1192.4918818886217	2329.0	-0.32273483972987443
1192.5192117818633	1539.0	-0.12684545168990974
1192.8551091710683	382.0	0.5148760063380468
1192.6894463881015	912.0	0.13336383040728317
1192.7875946908157	1393.0	-0.0774280167946756
1192.7318575380627	534.0	0.38149053349676915
1192.7503139110995	1304.0	-0.044557793972850465
1192.9978474932798	1291.0	-0.03945339671111988
1192.904237153949	1513.0	-0.1182953034519527
1193.1485748669966	716.0	0.24992741850918426
1193.382948774462	638.0	0.30325877454855477
1193.3020052487639	301.0	0.5971363232563005
1193.381867593427	1391.0	-0.07646630510938958
1193.3486753943523	748.0	0.22940169431639437
1193.3638239558343	900.0	0.14013991289935643
1193.3724143248069	1517.0	-0.11940336463165098
1193.269558256425	1994.0	-0.25122771297122715
1193.456446119679	889.0	0.14620063084007562
1193.5703413281353	664.0	0.28508763816152466
1193.5475367262502	1181.0	0.005284180052065534
1193.7343957175435	1128.0	0.02831262518175684
1194.0486321886415	1255.0	-0.02488777356654127
1194.3520871336304	1009.0	0.08412277284959818
1194.5489266130062	862.0	0.16170241432606774
1194.5347570162273	1116.0	0.03398986177452935
1194.6187125565552	912.0	0.1341575059938465
1194.844287098872	1111.0	0.03636164313782079
1194.838893218652	526.0	0.388670256032892
1194.704013498327	2119.0	-0.2789313658481766
1194.7910134316044	702.0	0.2598024821617354
1194.7790239267208	1939.0	-0.2374835527301308
1194.933709845372	949.0	0.11471143380786229
1195.0059972038027	2161.0	-0.28784036846211114
1194.899071200972	767.0	0.21810452814936834
1194.8812205094134	870.0	0.15733651760814796
1194.9695805580634	489.0	0.4192294140634695
1195.157166500872	756.0	0.22507523947362945
1194.9525219196717	349.0	0.5479135594583294
1195.0344954356235	1348.0	-0.06015077846522621
1195.1194996419558	1467.0	-0.10212933731735596
1195.1904194263368	752.0	0.22760507395928203
1195.1710275794487	1468.0	-0.10244515639257501
1195.0398927154952	1706.0	-0.1761299831027917
1194.9822700765278	585.0	0.3426900819918293
1194.9418499039964	1116.0	0.03416003302172051
1195.0597444426166	899.0	0.1413807534519126
1195.1036034120918	1104.0	0.03962570598249044
1195.2572185148952	826.0	0.1826869015642672
1195.3383700914924	456.0	0.44772069945333454
1195.412579878554	1007.0	0.08554826720475028
1195.6642401590655	1036.0	0.07154492028231144
1195.708528514564	984.0	0.09712699002872643
1195.574977808452	849.0	0.16950954676161614
1195.3519925481696	672.0	0.28026424296900165
1195.3862096622804	959.0	0.10972322817612915
1195.260762485933	1317.0	-0.04845804198828614
1195.2003207079658	1109.0	0.0374100810304031
1195.065971521157	1258.0	-0.025655253144218248
1194.8389746950077	2360.0	-0.3277675961131148
1194.8678093987623	1073.0	0.053736734078460635
1194.930602254944	2127.0	-0.280580634981466
1194.810624234723	1977.0	-0.2466065816757264
1194.5127920648906	2254.0	-0.3072301806080043
1194.3755574985582	2037.0	-0.26076338930833726
1194.521004170747	1135.0	0.025550748013939858
1194.2152728060141	576.0	0.349231690802252
1194.007971041288	1646.0	-0.15915167618103168
1194.036953970659	1124.0	0.030213907440383908
1194.2478198328586	241.0	0.6641694950937942
1194.2998621997208	873.0	0.15542005689384608
1194.143628857259	1178.0	0.006805502272657905
1194.1089345527832	907.0	0.1366463822181089
1194.0898371292005	1113.0	0.035148105558864454
1194.117060798625	1065.0	0.05715377172751757
1194.235663551094	998.0	0.08951394542739145
1194.4243920357899	1030.0	0.07391772569321133
1194.5950306882191	1079.0	0.05084240118752741
1194.6579926477045	912.0	0.13417365022428362
1194.6290924165403	1108.0	0.03762181790451785
1194.5953207525893	1346.0	-0.05959417385786604
1194.6478215137251	686.0	0.2704641537320458
1194.754165245628	476.0	0.4301974402918573
1194.623584076184	865.0	0.16004069220446035
1194.6721929870773	578.0	0.34787717403517304
1194.6485524226807	417.0	0.48251745162038895
1194.7480068830746	1440.0	-0.09308366207175169
1194.9435336501053	1362.0	-0.06533443705399981
1195.1009826397205	1544.0	-0.12737720134145594
1195.071793272273	1545.0	-0.12770767816628362
1195.1028819742644	533.0	0.3831385786579139
1194.9745507387624	1213.0	-0.00748573080048017
1194.8519042614175	2399.0	-0.33505779531726426
1194.8799843389313	1788.0	-0.19884139448289484
1194.8996706038429	1600.0	-0.1449427089125652
1194.9141806013013	1111.0	0.03639085153612239
1194.7789450547289	1501.0	-0.11359279124388826
1194.643121886838	1618.0	-0.15051923040600926
1194.5935928796712	1107.0	0.038057801842451784
1194.4699777784522	1172.0	0.009495145930203643
1194.4309917957683	411.0	0.4879879582488033
1194.6061774784857	883.0	0.14998327443205367
1194.6626013962696	877.0	0.15333703527889617
1194.767913435355	384.0	0.5135447120097257
1194.7247779653123	1352.0	-0.06175587695830311
1194.7802361670342	1060.0	0.059775331540137595
1194.8769492800475	680.0	0.2746190620551179
1194.8469798674873	588.0	0.3403808552950473
1194.7998933255685	1476.0	-0.10528684959781574
1194.7075739394859	1332.0	-0.0543364920723518
1194.6758442630578	1151.0	0.018619727175806535
1194.7757895504628	588.0	0.34035451519311066
1194.9142142903017	664.0	0.2856044728739646
1194.885912734236	1150.0	0.019142045457511015
1195.0478111763446	1405.0	-0.08074935696227308
1195.0493778685225	1142.0	0.022699296972880187
1194.985997977213	1775.0	-0.19529183047254126
1194.8424524209265	2215.0	-0.2991802588576431
1194.7717778356719	1352.0	-0.061736282588283474
1194.7980884350131	1004.0	0.086773810400578
1194.782580799515	882.0	0.1506092085379013
1194.9209326892255	871.0	0.1567925120288002
1194.7536809321239	1401.0	-0.07945527365825172
1194.7513369395872	1199.0	-0.0017748974151361636
1195.0055714917057	1225.0	-0.012394363410413776
1194.7439179234154	1638.0	-0.15647587460059573
1194.639011736679	2194.0	-0.294915151717842
1194.6670363009891	1609.0	-0.1477825142338086
1194.690244168164	639.0	0.30304477320281953
1194.7876133506136	729.0	0.2421200813011592
1194.8205829579817	1674.0	-0.1670301098258108
1194.8321277110665	1128.0	0.028771828542307667
1194.8533051301242	1120.0	0.032336090137649785
1194.769607848323	309.0	0.5890327901464449
1194.902987938545	772.0	0.2150095813224513
1194.9346835446854	954.0	0.11211819763049367
1194.9182651613212	902.0	0.139689882065473
1194.9986474475797	1545.0	-0.12773778296513422
1195.110864758017	796.0	0.20044632964549747
1195.217334812587	1123.0	0.031152098523335982
1195.0516153065287	1258.0	-0.02566125567871731
1194.8606431047888	1678.0	-0.16817361400902053
1194.9533631283566	777.0	0.21194890860162374
1194.9007291474338	1000.0	0.08879705881875542
1195.1699156111604	1061.0	0.059468001360534005
1195.274587723035	413.0	0.486406111055056
1195.3422162082206	776.0	0.21271913763141778
1195.3751342929788	1102.0	0.040644269583650375
1195.2099567088337	439.0	0.4627373328649761
1195.179847493502	1138.0	0.02450726100473109
1194.9912055622794	1113.0	0.03552492113690897
1194.9501010974873	862.0	0.16186591056333427
1194.9027048010614	833.0	0.17846157211796032
1194.9894356477316	366.0	0.5310666534419837
1194.8777555684126	793.0	0.20216421982824587
1194.788745366827	1783.0	-0.19753290274482266
1194.7939857400784	1032.0	0.07310689124480167
1195.0548224488437	1433.0	-0.09054041624955031
1195.0220782819115	1444.0	-0.09434476648265905
1194.9854967677522	1577.0	-0.13781259089475476
1194.9559675107066	1334.0	-0.05498080404545625
1194.8683158283527	1126.0	0.02967351286527972
1194.938466505459	983.0	0.09731150340786168
1194.9961526316586	1287.0	-0.0370684891154202
1195.0489054786308	891.0	0.14575348865508436
1194.9314711253655	2134.0	-0.2820930791216248
1195.1416262250445	268.0	0.6336649915545781
1195.1324994308384	452.0	0.4511674074111376
1195.1403072635765	971.0	0.10347451017460939
1195.2146414938088	1028.0	0.07521299939867929
1195.1918029359308	1487.0	-0.10879467931586978
1195.0839599822452	2103.0	-0.2752859087379457
1195.1248724145184	725.0	0.24484078049744018
1195.1106926856319	360.0	0.5370104498757059
1194.9502616055784	1560.0	-0.132506834508755
1194.9931971310418	589.0	0.339683580691664

Average Payoff: 0.0491