154.0	154.0	0.0
674.3485354487499	170.0	0.5973226863959696
759.1914157008332	146.0	0.6774162956749622
758.6421023798438	285.0	0.453835755859011
731.9886769510495	224.0	0.531375202655314
807.9506780865626	202.0	0.5999804656150017
813.8711006293354	254.0	0.5242871544134708
819.345788415219	178.0	0.6430525860387063
823.0655129345001	464.0	0.2789799814586232
898.8922074754745	270.0	0.5380241252816033
940.6922929705917	338.0	0.4713348913446942
947.0369535235835	251.0	0.5809812055266306
936.2476135653733	359.0	0.44566583834608137
979.5492042481534	304.0	0.5263134455713059
1010.9113144794047	319.0	0.520268762996617
1015.4671846569659	299.0	0.5450628155802467
1018.3958196257765	190.0	0.6855335033203932
1022.5896407853724	273.0	0.5785702642165147
1025.621581817699	189.0	0.6887919614977387
1023.755501034197	309.0	0.5362990439578438
1012.9162098161211	146.0	0.7480404557924598
1022.4120277679722	154.0	0.7381869678905154
1026.699907618593	223.0	0.6431143210613738
1020.185836949217	334.0	0.5067146755094512
1041.9589091683094	179.0	0.7067878392043007
1039.4953321574542	202.0	0.6745859694068006
1047.0463767144333	297.0	0.5580509643930197
1049.971888286881	218.0	0.6561437962247991
1057.0615730738568	215.0	0.6619660485766172
1046.367523821399	275.0	0.5837645544599142
1046.9689407526155	326.0	0.5251167155736273
1053.2105169699526	329.0	0.5239509525347475
1059.2028184876328	314.0	0.5426749846816923
1076.2313591305283	312.0	0.5505072004778647
1079.490704506982	444.0	0.4171280485184408
1096.052117135737	399.0	0.4662393431950514
1090.0237764979356	256.0	0.619620389372234
1091.9456444331443	268.0	0.6058666004820974
1090.3355253160232	252.0	0.624535005969283
1090.5002523094122	268.0	0.6054472576734417
1093.8437514676593	286.0	0.5854603107115592
1095.6503188646507	284.0	0.5883014759367274
1097.744154937226	481.0	0.390654909478825
1095.5387085599523	280.0	0.5928867748212898
1095.9851358022859	282.0	0.5907067606562898
1094.0779863670018	331.0	0.5354640192796337
1090.4462751556316	285.0	0.5855890482269076
1091.6320769821275	284.0	0.5870988983870724
1104.988462427158	207.0	0.6844484445891342
1100.2420334626104	146.0	0.7656955935046621
1095.3043961572637	146.0	0.7647635818386276
1093.7815185368743	154.0	0.7531619154279868
1101.221743421172	137.0	0.7787149180219162
1106.295918193751	183.0	0.7161241303604292
1103.9515513940407	163.0	0.7426894504045568
1107.485454417745	264.0	0.6150159680518384
1112.292301243237	264.0	0.6163605656131004
1115.6980848694939	257.0	0.6255549522028602
1117.7146606633717	234.0	0.653773082722708
1121.3968769201165	302.0	0.5756629722927954
1125.2669593345454	169.0	0.7388483128907312
1127.2571163817763	172.0	0.7352333147437475
1123.0922721099125	149.0	0.7657402638680192
1121.3549097604498	174.0	0.7313477585348747
1126.0551778377471	393.0	0.4825731076347024
1126.6193661350376	248.0	0.6391728414283996
1125.8530249305775	304.0	0.5747814709630594
1124.4538415345883	207.0	0.6890616955050896
1126.9015720364987	215.0	0.6795592098849524
1122.9182332528087	254.0	0.6310601546760629
1126.0126032113085	265.0	0.6189826039128361
1126.3955593279268	470.0	0.41117350614797843
1123.236735066121	249.0	0.6370888584497747
1127.3599942116912	300.0	0.5796435360153339
1128.2138595470526	279.0	0.603471784893018
1126.9124371087582	319.0	0.5587561296064769
1128.7263595829747	734.0	0.2119078615880787
1124.9286577612208	249.0	0.6375357649126576
1128.38351121653	304.0	0.5755326731710122
1124.4202875333121	567.0	0.32955752726971704
1127.9106911631927	183.0	0.7208047790996027
1126.5055686362473	279.0	0.6029898333726108
1130.2194976662138	178.0	0.7278744120271232
1132.4539399757205	197.0	0.7036377206064051
1130.6148727415755	189.0	0.7135527889173578
1130.8343758052422	266.0	0.6191388118628491
1129.9446139622237	179.0	0.7264972129597441
1129.2828168088868	164.0	0.7463818464631548
1134.358822899029	354.0	0.5243082587967894
1134.6810556698658	269.0	0.6167220481982959
1135.350315659386	513.0	0.3775594967568703
1135.4829928658676	279.0	0.6055095728868095
1135.479445203681	422.0	0.4580987873713961
1135.379772445742	262.0	0.625012462372432
1136.8394081508548	326.0	0.5542914715264748
1136.707724943659	329.0	0.5510701152746581
1133.770966066394	146.0	0.7718341736588115
1131.9731149081997	217.0	0.6782737956719511
1134.2105648783413	166.0	0.744656743324444
1136.2822500500147	197.0	0.7044886782335698
1139.0719996129717	284.0	0.6008634839597173
1139.1940387022912	137.0	0.785299106804621
1141.542914341589	248.0	0.6430480880577761
1138.7486635645807	146.0	0.7727181912843282
1140.0448560334169	291.0	0.5933041528738708
1137.2795248815573	337.0	0.5428275380449655
1134.4875041392286	330.0	0.5493303984263604
1135.6226418984754	285.0	0.5987674818146852
1132.8641343750621	317.0	0.5627176471447276
1131.5900118759212	251.0	0.6369133324499588
1130.219520710174	295.0	0.5860286844050464
1132.4776367078248	341.0	0.5371494055900399
1131.9052336707493	700.0	0.23576832782190535
1131.6234551366229	305.0	0.575393261317741
1135.6607596784747	142.0	0.7777187740574665
1134.7638526578696	155.0	0.7596459232741171
1134.6838985899449	286.0	0.5973770093630817
1133.291032927677	182.0	0.7232551649122244
1132.8968978356288	252.0	0.6360739916540568
1130.3184323622932	146.0	0.7712169685902386
1129.8001860031454	207.0	0.690305249554307
1129.1562861151494	372.0	0.5043820507687433
1126.3414124485096	474.0	0.4076264023252591
1125.0712177601831	338.0	0.5379582403139002
1126.308039339251	202.0	0.6958536814992369
1129.2593714545199	215.0	0.6801212555172816
1129.915798776936	155.0	0.758739054889762
1131.1644883845759	217.0	0.6780808248999082
1133.124579429059	277.0	0.6071269105710452
1132.1581714834242	251.0	0.6370624774883051
1131.9927460922663	277.0	0.6068113185561269
1129.624986209816	330.0	0.5478290614126776
1128.708244942131	319.0	0.5593034699988859
1129.835833863105	317.0	0.5618023930833973
1128.8738414673312	327.0	0.5507852525594847
1129.9680170003116	351.0	0.5259857120872231
1131.325145238588	272.0	0.6123492820991879
1131.1664345429785	324.0	0.5546901133659559
1132.862235745084	264.0	0.6220099688511046
1131.87164679836	260.0	0.6264023330052557
1130.8221930313161	345.0	0.532464003280266
1129.8380429144086	268.0	0.6165507136417091
1128.5775950742564	318.0	0.5603415937273987
1128.4992941932094	293.0	0.5877592043880739
1130.3281148726403	208.0	0.6891644168742671
1131.0426692044718	459.0	0.42265700299772924
1130.73452310479	164.0	0.746666212921046
1130.3327217750837	295.0	0.5860615623380732
1131.7237037309258	279.0	0.6044583368633678
1132.2260108428857	171.0	0.737574298583248
1131.8225764947597	154.0	0.7604646195903411
1131.342112525962	497.0	0.38956316835774774
1131.784124941474	200.0	0.6996510226328323
1131.0852060986815	214.0	0.6818045443817037
1129.0985163659386	146.0	0.7709980866167055
1130.498613913014	293.0	0.5883382011948985
1129.8906402313632	154.0	0.7601041783866445
1129.5369826307074	212.0	0.683944605709974
1132.4269157609326	262.0	0.6242183838555243
1131.7898969841567	378.0	0.4992680759686305
1131.9793976701292	318.0	0.5613730781127345
1133.3296418959585	285.0	0.5981188130299174
1133.1964436387889	239.0	0.6516533749843862
1133.0897578882052	274.0	0.6105436793012751
1133.062531133455	229.0	0.6637452469829925
1134.461790292786	378.0	0.500152661804665
1134.2867831717533	215.0	0.6813131164086527
1134.037269583476	302.0	0.5793981028255689
1135.3839577280628	439.0	0.4423215533350515
1134.3708818430284	299.0	0.5828016268677849
1134.8215577114695	364.0	0.5142850753283977
1134.6848752724213	301.0	0.5806879278534083
1136.3990463809307	263.0	0.6241243686993213
1135.7638065963542	339.0	0.5402653652283658
1136.8972839684686	270.0	0.6161766703559132
1136.3372203534782	265.0	0.6217898216773897
1136.163924259725	163.0	0.7490693869245503
1136.6587987577955	207.0	0.6918860648382309
1136.0476174120947	302.0	0.579986091777019
1135.6422216440617	165.0	0.7462791884590158
1135.032937419917	366.0	0.5123358177214858
1136.0429592431083	469.0	0.41559196618492156
1134.2248195379816	248.0	0.6411582305649877
1133.8556722272908	252.0	0.636325766022957
1134.4104645494774	302.0	0.5795073797450776
1134.9735946501019	284.0	0.5997106625933653
1134.1607499278673	307.0	0.5739545362786685
1133.731941505908	423.0	0.45655383727681464
1135.3432476337882	287.0	0.59644059128842
1135.7685248192151	315.0	0.5657474026888567
1136.1199650838205	394.0	0.4850077000617183
1135.795819450716	255.0	0.6333034706694614
1135.370233750906	173.0	0.735548859891081
1134.8986405190662	168.0	0.7421134771726066
1134.5177582425436	143.0	0.7761283566081738
1135.4683723579822	157.0	0.757054016395668
1135.1676216245846	159.0	0.7542822160851075
1135.8086348519876	353.0	0.5257953349590908
1137.053136432148	213.0	0.6844568643232731
1137.207950749061	234.0	0.6586950945373808
1138.2027740170306	328.0	0.5525857598790901
1138.2788823378726	286.0	0.5983932591480297
1139.251798470325	271.0	0.6156714704509523
1140.618160865435	276.0	0.6103395994423971
1139.1829328510664	317.0	0.5646151416163842
1139.2065808142593	371.0	0.5086764887490192
1139.9482539424976	324.0	0.5573614038235993
1141.0376475363091	281.0	0.6047924603306606
1140.512909818231	267.0	0.6206073874882172
1141.7211884840174	206.0	0.6942987885621671
1142.8649205101146	245.0	0.6469397037429991
1142.286798826353	281.0	0.6051393152360951
1141.8953711148904	182.0	0.7250538011221649
1141.0237852685607	176.0	0.7327307191128504
1140.5589098383032	173.0	0.73659346572999
1140.7118478035939	247.0	0.6440183163515679
1141.7656506433477	162.0	0.7514890810015427
1140.4351363402277	165.0	0.7472107262830758
1139.0975628784079	165.0	0.7469514479640441
1139.6129062277232	231.0	0.6629245223791581
1139.3598286661922	146.0	0.7728262596295653
1138.0307843643056	146.0	0.7725911219920147
1136.6955868306611	383.0	0.4959516849045407
1136.3684709857919	183.0	0.7225945533422244
1135.0324322296078	305.0	0.5763984294051387
1134.4311297223203	442.0	0.43923969570702925
1134.2944413611967	293.0	0.5894329978325022
1134.0841445400736	317.0	0.5630852956491034
1133.278855907174	327.0	0.5521403344611784
1132.857007260417	317.0	0.562715497580015
1133.106360700166	281.0	0.6025758630194287
1133.6370976713515	392.0	0.4861163239956249
1133.7877158182519	284.0	0.5993758489632642
1132.5057118946258	258.0	0.628911988216915
1133.491657550502	356.0	0.5219845667542053
1133.1760048502565	284.0	0.5992029232388698
1132.8276848116236	282.0	0.6013648827665586
1132.4885035788336	268.0	0.6172764013197567
1132.887932670191	438.0	0.442353600290902
1132.5283734720629	271.0	0.6138303932828982
1132.3474568754264	137.0	0.7841410572685377
1132.0774486750174	174.0	0.733553320017096
1131.7783683228583	187.0	0.7164042048432822
1132.2827642473817	239.0	0.6514212732321866
1132.9389842901985	335.0	0.5435777595865341
1131.717610503831	201.0	0.6983607053500068
1132.212103485051	196.0	0.7048664148057043
1130.9973538649133	165.0	0.7453698504739408
1132.8717723071568	359.0	0.5187253936109911
1132.933954263963	164.0	0.7470958340464247
1132.607868430666	207.0	0.6909543383878479
1132.352392924753	163.0	0.7483310319410995
1132.0211318486488	130.0	0.7939812627232765
1132.0552490221426	196.0	0.7048315570540965
1132.5972389127708	298.0	0.5833907798864831
1131.9075251475504	186.0	0.7177343683819154
1130.7229738297735	281.0	0.6019048988943022
1130.5705315312298	424.0	0.45451172346311486
1130.3889175688025	204.0	0.6942420649420875
1130.405786891506	250.0	0.6377876674032679
1129.223838327852	249.0	0.6386653704929346
1130.0727480808287	209.0	0.6878436958715787
1130.7246128274262	246.0	0.6426300543944203
1130.64168194052	239.0	0.6510036118915674
1131.690933913974	474.0	0.40959995477511385
1131.6507958023547	292.0	0.5897870448835286
1131.7934335965112	291.0	0.5909455397690225
1132.3524642309974	284.0	0.598969879077103
1131.224311220774	283.0	0.5997806037491871
1132.3621742231485	413.0	0.4654974647511163
1133.0738095002323	323.0	0.5563411718656444
1133.337502545457	319.0	0.560708169497929
1133.7994209521219	208.0	0.689968564970156
1132.5581509733731	175.0	0.7323254803318286
1131.4584386378483	415.0	0.4632898115703124
1131.0002689018195	232.0	0.6595745352465348
1130.648446002352	188.0	0.7148595585579378
1131.017731506837	165.0	0.7453738540935548
1130.693704532982	232.0	0.6594979499380453
1130.9704409902342	207.0	0.6905761238689265
1130.885609696543	346.0	0.5314464468631488
1131.1347528668196	279.0	0.604293136620043
1131.757347837606	391.0	0.48645790407087486
1131.4252256090288	322.0	0.5569087499976858
1133.183737977535	386.0	0.4918323697778971
1134.2013342530413	320.0	0.5598958789783125
1133.9813495683306	265.0	0.6211529194699152
1133.7050136454045	524.0	0.3678006693751998
1134.0593211959822	427.0	0.45293558777399906
1134.2817644380327	225.0	0.66894281099545
1134.0404697205856	164.0	0.7473114223699013
1134.1289679503645	217.0	0.6787871400178997
1133.9307595606037	137.0	0.7844099704576122
1134.0955201882566	155.0	0.7595213115357593
1132.9446952500484	276.0	0.6082174113285296
1131.7788814435826	224.0	0.6695626358164051
1132.77442387598	284.0	0.5990893183644025
1133.3427607368583	269.0	0.6163562753250789
1133.7583707454603	479.0	0.40598665157931463
1133.8844827410965	263.0	0.6234477463964422
1132.8922537508672	305.0	0.575767935039109
1133.1101595027956	420.0	0.45914976161838184
1133.6206471239939	419.0	0.46026738627218805
1133.0169934574594	326.0	0.5531237792817316
1133.4572356841743	249.0	0.6397718590162819
1133.8648676776907	231.0	0.661504951192648
1135.3648849773986	200.0	0.7004564037141279
1135.6422742811299	215.0	0.6816329473850768
1135.409562979442	369.0	0.5094420973113125
1135.2033767611342	355.0	0.5235549649987095
1134.7697966220653	226.0	0.6678350731166789
1134.3844598030612	275.0	0.6097587168820823
1134.1128938486852	174.0	0.7339679154326457
1133.171402701906	146.0	0.7717272295305942
1132.9453311137922	209.0	0.6885119011121958
1132.7166725761099	166.0	0.7443630262007409
1133.4898197359432	188.0	0.7154726473222992
1134.1637958529905	197.0	0.7040183926069515
1133.6050356072535	173.0	0.7351915915131965
1133.33860131005	154.0	0.7607467066655453
1132.9974047309042	314.0	0.5659978394247445
1133.5010257914712	269.0	0.6163995675536912
1132.946359948506	315.0	0.5649010091627945
1133.5737900161362	363.0	0.5148919452931404
1132.4810167143805	285.0	0.5978782126329852
1131.3769296294092	285.0	0.5975647526614692
1130.8140819278963	335.0	0.5429161117631032
1131.2925317280724	299.0	0.5819037107901981
1131.7409913471272	309.0	0.571054059187866
1130.637653034943	326.0	0.5523938306540814
1129.7380283671991	256.0	0.6305217945102622
1129.7877730294376	409.0	0.46841272439435266
1130.5390042059082	277.0	0.6064052233404712
1130.670578475363	276.0	0.6075840296608095
1131.8164748932566	345.0	0.5327787766927012
1132.6316831179677	336.0	0.5424312251160786
1132.2288146408805	203.0	0.695932266029477
1132.9184575334189	253.0	0.634899154961432
1133.4279308281273	406.0	0.47253133210127685
1133.7169168361127	181.0	0.7246555548466215
1133.5435877668679	244.0	0.6457462367553135
1133.329868529959	187.0	0.7167374540906148
1133.5774735860268	280.0	0.6038420175306226
1133.9431866776713	271.0	0.6142192758116501
1133.4206351162763	227.0	0.6662796871195679
1132.3595634193662	224.0	0.6697041020077321
1133.1415805022834	213.0	0.6835399736771763
1132.749672616065	197.0	0.7037036307556523
1132.8459701971965	204.0	0.6948040319560402
1133.4895774091885	226.0	0.66752227636685
1134.2018455371144	215.0	0.6812930537989162
1133.9446869559736	159.0	0.754049803361133
1134.2739415164988	282.0	0.6017719570579068
1134.0669456542873	239.0	0.6518742210546583
1133.5392900617976	268.0	0.6175633435318347
1134.4462188911793	236.0	0.6555866304758076
1134.4207300264975	345.0	0.5336012359461519
1134.9655847002398	269.0	0.6167997236806426
1134.7196579696636	239.0	0.6520396303373305
1135.2250531731836	289.0	0.5941652629180958
1134.424441787422	283.0	0.600684182300219
1134.3728287070617	279.0	0.605199711876128
1134.3614832908938	273.0	0.6120399723294511
1134.516603975614	344.0	0.5346687361169821
1134.8797974976287	356.0	0.5224296410783362
1134.6276929576009	317.0	0.5632488942751811
1134.7025524617939	296.0	0.5862172755746103
1134.8889627303552	316.0	0.5644049846442619
1134.11458892892	165.0	0.7459808374008987
1133.7497340758123	188.0	0.715528597958898
1133.5684689077273	187.0	0.7167886339817396
1133.0430611960319	247.0	0.6420401552022089
1133.595788968758	373.0	0.5048439631504441
1134.850075249648	209.0	0.6889533976307975
1135.0526240014383	304.0	0.5774998149064268
1134.288012999146	199.0	0.701489853565304
1135.0875780565489	278.0	0.606535356595039
1135.315804026954	293.0	0.5897265868319542
1134.7728243632866	249.0	0.6401143372438001
1134.7248274074439	299.0	0.5829046211877748
1135.5070613791597	381.0	0.4975295404776995
1135.4223979403387	269.0	0.6169243663523125
1135.6264025637822	340.0	0.5391787522786563
1136.3777393058888	282.0	0.602362625716331
1137.0709884088178	188.0	0.7162416177781454
1137.4526700582717	212.0	0.6857985393576709
1137.7989134963057	198.0	0.7035481942686165
1137.8873602711524	332.0	0.5482647052101252
1137.5161963923283	187.0	0.7176327469466297
1137.9964966150358	282.0	0.6028159214868107
1137.7078670454582	198.0	0.7035279870920137
1137.618661833723	445.0	0.43764090398833716
1137.7578344074439	274.0	0.6118314440025674
1137.6807088272278	284.0	0.6004728794072515
1138.0936354145817	284.0	0.6005888882032642
1138.4083080213452	306.0	0.5762970923101641
1137.6945109360186	256.0	0.6326311139331847
1138.0707162225676	324.0	0.5567929835335294
1137.8267849679632	319.0	0.5620618685878773
1137.5098914290957	292.0	0.5914683742298773
1138.0820350867573	188.0	0.7164579640991814
1137.3767157009265	146.0	0.7724752238156963
1137.484069839169	270.0	0.6163366878733448
1137.7210613242864	257.0	0.631467528344372
1137.79897547352	152.0	0.7643043561199966
1138.2002195732803	238.0	0.6541200958770419
1138.2607350346357	203.0	0.6972997200357798
1138.3821652168253	239.0	0.6529648691038815
1138.2755680755376	137.0	0.7851444763319027
1138.0519002962985	164.0	0.7480899187464345
1137.9018883855395	174.0	0.7347362610871322
1138.0667567962425	177.0	0.7308121445770459
1138.3408422068464	196.0	0.7062219879654759
1138.9608762715084	180.0	0.7270578631432477
1138.2839430318668	254.0	0.6351318978126197
1137.4101120646674	175.0	0.7333150691368994
1137.6760279639557	326.0	0.554546233221457
1137.5659002241307	268.0	0.6186589330926926
1137.349634353411	323.0	0.5576401809515807
1137.232686894189	268.0	0.6185685082627461
1137.3180388519004	315.0	0.5662107175243563
1137.3347237432845	279.0	0.6060253338100469
1136.987726076955	276.0	0.6093384324486788
1136.7194331959045	338.0	0.5416077222668572
1136.8960548923626	333.0	0.5469067368516954
1136.635287467238	389.0	0.4900485021609681
1135.9734153010763	305.0	0.5766750492946833
1135.3095041952834	302.0	0.579770398625336
1135.9252073193486	446.0	0.43613010534705454
1135.9349492830943	323.0	0.5572112380216556
1135.9088621327937	293.0	0.5898968677922996
1136.298047911045	306.0	0.5756771626458267
1136.8430424138862	190.0	0.7136059142996467
1136.7369184654688	198.0	0.7033123198125991
1136.5889560135133	151.0	0.7654530985299702
1136.6546260068	182.0	0.7239610791020552
1136.4045960533938	200.0	0.7006894460096434
1135.7506010398586	146.0	0.7721865706455637
1136.118102787282	317.0	0.5636968538318392
1136.3987111194722	208.0	0.690567986595584
1137.3919491260674	140.0	0.7808033781709968
1137.0910649607804	180.0	0.7266703802210367
1137.1713215966906	182.0	0.724069198563668
1136.9066868585212	202.0	0.6982612724506546
1136.5872035178265	276.0	0.6092276649361323
1136.4620718902652	137.0	0.7848385075235985
1136.644755906336	161.0	0.7518581271689415
1136.7013195920947	183.0	0.7226645191859574
1136.4989313986234	252.0	0.63701808578828
1136.2207793960395	223.0	0.6718708198397488
1136.056839126971	368.0	0.5106567911175413
1136.1552500278924	220.0	0.6755533704633372
1136.2190607052903	215.0	0.6817688467364021
1136.1566761235194	210.0	0.6880006559047351
1136.5113717412219	227.0	0.6670361469591295
1137.571132578149	236.0	0.6563701807608091
1137.9880833179566	445.0	0.437772141572568
1137.8584397055397	256.0	0.6326743194178579
1137.7711356581178	426.0	0.455163239317988
1137.5079240113018	324.0	0.5566223149707746
1137.8285708947717	303.0	0.5794086734248567
1137.708633614143	307.0	0.5750008093576681
1137.4408690394507	276.0	0.6094636768391101
1137.7438452840722	327.0	0.5535055483553417
1137.944385200279	223.0	0.6722863881507062
1137.6363432289622	260.0	0.6279432754312593
1137.798937514962	223.0	0.6722513607965716
1137.3643505254956	169.0	0.7412666689319586
1137.5178801334598	210.0	0.6883158240850928
1137.723655610074	210.0	0.6883634131880852
1136.9604763323082	250.0	0.6394994604877243
1137.2630972852542	379.0	0.5000867584542964
1137.503182913304	280.0	0.6049391586909402
1137.0874522113593	458.0	0.4257368154140403
1137.2527846627725	269.0	0.6174229798030121
1137.4735540972251	280.0	0.6049309009107697
1137.6366246907983	509.0	0.3817700974608422
1137.5472644447614	332.0	0.5481601605710321
1137.9598346057592	279.0	0.60619914102558
1138.3256354757077	300.0	0.5828482888705813
1138.3334984899316	204.0	0.6960516887502377
1138.5918021080713	237.0	0.6554210345877295
1138.2812060420868	192.0	0.7113392279347505
1137.709863123853	247.0	0.6432465651067476
1137.8022994056178	197.0	0.7048252013234869
1137.6469225422625	174.0	0.7346846975209618
1138.1973140017226	192.0	0.7113210228602952
1138.3699233605037	480.0	0.4068105282094068
1137.9543971864027	271.0	0.6153175709005618
1138.4743896353057	505.0	0.3854482878652441
1138.5325277046036	384.0	0.49557727928621
1139.4251757076681	315.0	0.5668391811950959
1138.868067802594	265.0	0.6224716466201963
1138.4514574436732	281.0	0.6040724062433805
1138.857537124145	441.0	0.44172181397727345
1138.9108284559106	332.0	0.5485790252172973
1138.9322747484694	249.0	0.6411928672166292
1138.5127930966044	156.0	0.7589826831655602
1137.8020924242082	175.0	0.7333946967180002
1137.2515797950464	146.0	0.7724530368030901
1136.699420082491	146.0	0.7723550853548984
1137.1596781987873	234.0	0.6586830786806798
1137.1114123223294	277.0	0.6082345456146263
1136.8138262165558	238.0	0.6537713027589074
1137.3451021871563	213.0	0.6845250896900303
1137.5336584605277	194.0	0.7086066900865338
1137.5618452063336	206.0	0.6933524113758022
1137.259990132538	164.0	0.747936613369176
1137.4622574084433	177.0	0.7306883495476421
1137.8030744414777	221.0	0.6747137180406516
1138.0494266333503	204.0	0.6959873519535684
1137.907216251259	174.0	0.7347373383657413
1137.9405685906802	279.0	0.6061937865502722
1137.4062762442804	348.0	0.531441322733754
1137.005747800772	309.0	0.5726158067214357
1137.0220205687058	353.0	0.5261814991629877
1136.3307033562478	278.0	0.6068811921564059
1136.5649637674785	338.0	0.5415597029561614
1136.5770752456626	293.0	0.5900885582546852
1136.6333351321894	278.0	0.606965291859148
1136.6386776346574	252.0	0.6370546146255337
1136.484719246956	371.0	0.5077893722394372
1136.961363221631	284.0	0.600270623324888
1136.7201671857679	358.0	0.5209805716690958
1136.482724660268	338.0	0.5415341335004413
1136.7889842294855	447.0	0.4355308637059806
1137.0820028302937	344.0	0.5354747416515379
1136.406840288621	485.0	0.40175409656756245
1137.2727940174261	216.0	0.6807738972439306
1136.7512282089888	146.0	0.7723642795433545
1136.9930756131505	189.0	0.7149306380614321
1137.3000490246716	321.0	0.5597613807738832
1137.5951329060697	211.0	0.6870817714649186
1137.9174663389529	198.0	0.7035745021844593
1137.4030197158752	199.0	0.7021856474968035
1137.1886345723244	179.0	0.7280025137762061
1137.063782555137	151.0	0.7655395609362439
1136.9128769112442	340.0	0.53958015355508
1137.0847075625593	214.0	0.6832174936150831
1137.3768383643483	170.0	0.7399372621398341
1137.1255797898195	289.0	0.5947060986836904
1137.139647591047	195.0	0.7072379005419963
1137.2857057860806	280.0	0.6048785381001196
1137.291557513252	201.0	0.6996170245989022
1136.915018743822	272.0	0.6138872871942083
1136.7825955483838	263.0	0.6242273609681992
1136.5631169054743	205.0	0.6943863506431741
1136.4265412851869	432.0	0.44912944453743536
1136.5522020574858	244.0	0.6465182560480391
1136.6878469555859	235.0	0.6573564451685208
1136.9286498363217	213.0	0.6844277658292145
1137.2741830925759	317.0	0.5640436945309913
1137.067152825762	293.0	0.5902290330617798
1136.8551437203328	410.0	0.4698921852321462
1137.6682588697383	270.0	0.6163868890291074
1137.7938775856026	356.0	0.5233612811756898
1137.7335227992069	357.0	0.5223228829023097
1138.1628415643609	277.0	0.6085256171737856
1137.9360600342175	334.0	0.5461759392018215
1137.5621501686426	289.0	0.5948301306524423
1137.7217044158285	194.0	0.7086478363208778
1137.48784129972	285.0	0.5992935872975942
1137.340601765124	169.0	0.7412619652613603
1136.8589570472807	146.0	0.7723833953873714
1137.0103909671798	210.0	0.688198396377305
1136.6402027411796	237.0	0.6549314740103666
1136.7151102003263	186.0	0.7187603005883404
1136.7171261500132	175.0	0.7331741783174884
1136.5105324771698	248.0	0.6417506487924252
1136.7390439991407	278.0	0.6069946592918534
1136.9901326973459	313.0	0.568272924150537
1136.9108115125716	299.0	0.5835395936812581
1136.5868252435694	342.0	0.5373961215383318
1136.7996305815375	252.0	0.6370966776618755
1136.832918976299	313.0	0.5682261095009434
1136.616497216054	248.0	0.6417780656251962
1136.6220018004162	195.0	0.7071240941703415
1136.388806623077	289.0	0.594496605196898
1136.6294298564603	224.0	0.6707406218258399
1136.4777830526914	164.0	0.747785003116266
1136.838659690412	197.0	0.7046119505252243
1137.2210972385585	156.0	0.7587419501072014
1137.0645780255595	276.0	0.6093596792502604
1137.0986831800817	169.0	0.7412140412108529
1136.6285747014829	256.0	0.6323499249541467
1136.2680215091852	402.0	0.47733425595677365
1136.5202543365351	447.0	0.43543507097446693
1136.8531784588652	299.0	0.5835228775675746
1136.490153429287	318.0	0.5627333753339703
1136.700711303735	317.0	0.5638717137096231
1136.7188964118845	364.0	0.5148991581697293
1136.3541145801892	375.0	0.5037562720975365
1135.7375546834496	224.0	0.6705246549549809
1135.2767338791646	146.0	0.7721023161671348
1135.2662576749967	178.0	0.7289201653362651
1134.8047515590251	146.0	0.772018334844112
1135.1838447606485	175.0	0.7328619175090348
1135.1099963950646	137.0	0.7846098208673247
1134.885913147213	267.0	0.619084552464631
1135.6098695984342	280.0	0.6044107829236489
1135.839517076436	179.0	0.7277234252922228
1136.290637468461	173.0	0.7357347634677983
1136.5118762710838	168.0	0.7424323947433518
1136.7231354346725	180.0	0.7265940042276557
1136.6462509860726	198.0	0.7032921647159878
1136.4893362037064	204.0	0.6956335354703646
1135.8827304331166	175.0	0.7330043398433056
1135.5310162043793	206.0	0.6928882038331996
1134.9210777907522	283.0	0.6008240452410238
1134.4694472994602	302.0	0.5795246455568475
1134.527779708142	278.0	0.6063794227715072
1134.0754366465108	305.0	0.5761167312941649
1133.4615223467808	280.0	0.6038095192925891
1133.554046830706	378.0	0.4998524852054649
1134.0433496832916	414.0	0.4651312573582662
1134.2862546713627	333.0	0.5461008389605829
1134.5613468928489	365.0	0.5131909731385187
1134.882308737403	335.0	0.5441811932715107
1134.701790268416	428.0	0.4522307420835744
1134.090642031675	326.0	0.5534523808105773
1134.2909651845375	289.0	0.5938989186760846
1134.552112359304	358.0	0.5202847565113113
1134.3236716552785	351.0	0.527375740792123
1134.5774627701276	416.0	0.46342571075835143
1134.6189293227944	218.0	0.6776623551924644
1134.8364440774487	307.0	0.5741541958367792
1134.869116957082	291.0	0.5918278942445754
1135.5488122579047	276.0	0.608940197316291
1135.3230528585607	296.0	0.586396656703258
1135.2133535048183	210.0	0.6877818682770788
1135.0462103429804	306.0	0.5753085531834964
1135.4786689183184	215.0	0.6815943784255301
1134.8774036906816	339.0	0.5399888767530832
1135.0204369635926	248.0	0.6413646633530861
1135.0613436440515	486.0	0.4003928328739241
1135.1911965272773	299.0	0.5830402519217901
1135.2321052974844	151.0	0.7652056741888337
1135.1838191205316	163.0	0.7488799388819588
1134.843570807891	402.0	0.47684981394862996
1134.622291613785	229.0	0.6641298673271336
1134.1980686782686	287.0	0.596115409491214
1134.0901816764667	257.0	0.6305056230211078
1133.9774508951	257.0	0.6304756776112806
1134.4933280282883	234.0	0.6580180623355396
1134.5437636411782	229.0	0.6641105241998493
1134.418510120258	257.0	0.6305928113924718
1134.4596291081134	406.0	0.4728845958331753
1134.780470632338	361.0	0.5173088470029455
1135.028893367025	275.0	0.6099370710860765
1135.2148552741467	331.0	0.5484972767676521
1135.2519430198106	266.0	0.6203395095006989
1135.6430021777464	346.0	0.5329509207124216
1135.5789029579455	299.0	0.5831529386309884
1135.3457547114403	380.0	0.49846429592913405
1135.4831755796104	428.0	0.45250450189036034
1135.7636862723125	348.0	0.5309226082028103
1135.773343674572	175.0	0.7329820585008059
1135.362551297526	146.0	0.7721175792875197
1135.155462271761	207.0	0.6915409491391893
1134.9177832511825	176.0	0.7314858303874623
1135.3108763837688	204.0	0.6953657233773626
1135.4340816771562	206.0	0.6928660113623412
1135.3922005805684	151.0	0.7652348950314665
1135.7724521348703	183.0	0.7224691800260858
1135.9765326888087	335.0	0.5445202658839824
1135.898399389544	302.0	0.5799425047997643
1135.7372462837704	253.0	0.6356402182241137
1135.5731273073789	286.0	0.597628859879032
1135.6036499363768	279.0	0.605543220516152
1135.281861703954	432.0	0.44872711085888767
1135.4400612605148	291.0	0.5919912684689331
1135.2707776312166	552.0	0.34568889911676104
1134.8650880742468	146.0	0.7720290741634501
1134.7398968826144	165.0	0.746103046623794
1134.5065022375934	223.0	0.6714564539728884
1134.1856068090494	216.0	0.6800439896400882
1134.5712866867048	218.0	0.6776510012510784
1134.9437939310335	217.0	0.6789807372553096
1135.2405317411585	197.0	0.7042576091833315
1135.4636620245387	195.0	0.7068691080171666
1135.4647738440494	304.0	0.5776207858311437
1135.8642625400048	304.0	0.5777379744619452
1136.2540526850266	291.0	0.5922239639781646
1136.1246822479716	261.0	0.6263755077606226
1135.726782524797	302.0	0.5798923638750657
1135.5941428204683	273.0	0.6123794758178331
1135.4384768660477	349.0	0.5297885288761712
1135.3102850782761	260.0	0.6273230366313624
1134.9132425920811	146.0	0.7720376444784792
1134.7778548995177	159.0	0.7542081905361584
1134.936255838123	220.0	0.6752614758781924
1134.89776383595	251.0	0.6377799191979776
1135.2325227263111	171.0	0.73817831507809
1135.2151211104854	227.0	0.6667193066907842
1135.2499902314987	148.0	0.7693356693915879
1135.2101849406522	174.0	0.7341908854644488
1135.0132327743006	176.0	0.7315053798083219
1134.9613175669404	267.0	0.6191050399830288
1134.9417193986137	230.0	0.6629892738550964
1134.7219192135592	421.0	0.4587721689840022
1134.6687054956462	241.0	0.6496249438004494
1134.9800218580299	185.0	0.7196927272587197
1135.1817906165275	284.0	0.5997693856026388
1135.7865773816834	228.0	0.6656368323587195
1135.3976367678063	302.0	0.5797961645754613
1135.2511112170193	405.0	0.4741117249641302
1135.614974512089	406.0	0.47327963633916265
1135.8090390138912	273.0	0.6124386024793128
1135.7477886911634	265.0	0.6216306716463043
1135.8535935625825	403.0	0.47623347446975867
1135.8511420161801	268.0	0.6181931374645544
1136.0550768643714	317.0	0.5636779292852794
1136.0230763008578	340.0	0.5393025956584736
1136.3637661196485	299.0	0.5833808724204954
1136.7244796692614	536.0	0.3591293646805715
1136.592638395802	337.0	0.5426144360128339
1136.380610173304	471.0	0.41395336360413365
1136.375535279993	437.0	0.4445064255785154
1136.4481480987988	298.0	0.5845092060037642
1136.6513265684898	420.0	0.46038012131354356
1136.6000542286013	198.0	0.7032818942684009
1136.5366705620245	155.0	0.7599758434539063
1136.6559347469872	237.0	0.6549354259607186
1136.6781148227296	169.0	0.7411306843831951
1136.6961769107343	151.0	0.7654726282371068
1136.5916874211848	165.0	0.7464642689491804
1136.6067306846103	151.0	0.7654563363151814
1136.9514126665308	149.0	0.7682649615959662
1137.226715599855	149.0	0.7683145619774953
1137.1016915624812	158.0	0.7560037161106937
1137.7036511781894	296.0	0.5870834258436142
1137.3341222839022	217.0	0.6795473193364445
1137.348632010835	305.0	0.5770786712297324
1137.649552809073	221.0	0.6746769620715336
1137.6802550631407	155.0	0.7601881835931206
1138.0104110091545	143.0	0.7767387387783251
1138.0520433272497	215.0	0.6821999551897502
1138.0891391261591	233.0	0.6601242131514532
1138.2712230046811	240.0	0.651737631905582
1138.6298430927143	263.0	0.6247226023388784
1138.8242698326364	270.0	0.6167016628240297
1139.0979113865874	328.0	0.5528587458897003
1139.4382501904022	267.0	0.6203174935496047
1139.6447696253947	390.0	0.49007768634346416
1139.585071730281	265.0	0.6226643649664428
1139.5221363854855	337.0	0.543521913156042
1139.458630587287	325.0	0.5561499748618145
1139.311386154549	275.0	0.6111181700265979
1139.701025288503	387.0	0.49302451024834015
1139.6327518734831	322.0	0.5593968463182442
1139.5612982331518	265.0	0.6226579782123386
1139.3283287595204	256.0	0.6330612735031474
1139.5117148750303	200.0	0.7013837239659244
1139.7662425517854	194.0	0.7090944517701456
1139.625084620598	175.0	0.7337643986148261
1139.873742514943	237.0	0.6557418553612545
1139.5946875558589	189.0	0.7154888518368342
1139.7774120516124	227.0	0.6678317947042163
1139.6352781778671	199.0	0.7026822716477692
1139.6445414300533	275.0	0.6112097534805392
1140.0970183031943	334.0	0.5468412243524362
1140.2698243579568	318.0	0.5638667211124551
1140.4438100344535	325.0	0.5564483635952455
1140.6091763095005	288.0	0.5968106536400879
1140.9222522729726	320.0	0.561920561478027
1140.806322935878	313.0	0.5694061924728535
1140.8036453998072	278.0	0.6081205445145837
1140.7409311752435	290.0	0.5946156377006879

Average Payoff: 0.6203