326.0	326.0	0.0
505.76140158656244	222.0	0.38990993609711366
759.1914157008332	151.0	0.6682016608918854
927.2292362420312	161.0	0.7041064609585764
917.7641121920494	303.0	0.5035896010148563
983.9742608504168	182.0	0.6878147209403127
1024.7227279544247	227.0	0.6372998669266552
1021.8535065441407	202.0	0.6698951321871881
1063.8595085013887	411.0	0.44265877850613866
1115.6068034856744	266.0	0.6149410970923058
1120.1533880736256	270.0	0.6115536568606339
1110.1399545865622	340.0	0.531079743131504
1130.7253534004442	504.0	0.3833826594154014
1121.0582330185316	313.0	0.5634765830378169
1128.9924115086742	283.0	0.5991479873498435
1117.161941012172	352.0	0.5208152482394265
1124.475465641912	273.0	0.6092954664150744
1128.9108779673059	235.0	0.6554027043904358
1128.4904603799082	214.0	0.6811895409082599
1139.0464762309432	226.0	0.6688757431556278
1125.828900326853	288.0	0.5925956812264633
1122.3794589923928	200.0	0.6975149626834145
1155.0443764251693	222.0	0.6775703037598312
1157.0693694605834	273.0	0.6182003393262321
1151.083262255254	205.0	0.697658682610577
1150.8069642435648	286.0	0.60189502540368
1147.5165854274937	212.0	0.6881244373589784
1154.4470694457355	209.0	0.6934241091075695
1159.3796515569218	219.0	0.6822355876298191
1153.9786898744294	158.0	0.7591424293406438
1158.0927049071004	259.0	0.6344628702086514
1159.2468806801749	248.0	0.6475387461791603
1159.307777733301	266.0	0.6267472834210926
1159.798705903419	268.0	0.6245969422833636
1166.3883633898058	320.0	0.5694261232371073
1164.3707004390476	330.0	0.5583425184888252
1160.9570249182752	378.0	0.5087582123742886
1161.0772133831117	440.0	0.45037004296592265
1162.0808735799858	320.0	0.5681747120492341
1164.4325488159602	396.0	0.49244842361115754
1164.2720969906804	319.0	0.5698698834189634
1160.71511851951	333.0	0.5541318476711253
1164.9015634468676	494.0	0.4044251800286857
1173.2216004279842	278.0	0.6168745008784128
1170.7185959358787	423.0	0.46916601076415015
1176.8478924431242	287.0	0.6078827568334242
1173.8107642762284	405.0	0.4869556134732037
1176.668886683179	329.0	0.562984925955732
1176.2776778792029	231.0	0.6717065812510835
1178.0479517372032	315.0	0.5780443626964711
1176.6775007410054	454.0	0.44317622608554386
1179.3833193386242	258.0	0.6410143396979002
1180.272937923887	280.0	0.6165100472270831
1181.2995826936378	158.0	0.764055776554151
1183.3841175618456	173.0	0.7449100180987457
1184.824890847485	161.0	0.7607415331743255
1185.2210736166617	414.0	0.48224794328937526
1184.4820436714263	366.0	0.5278887601518568
1183.5349445069328	374.0	0.5197539531051782
1183.983241532808	302.0	0.5935351199674584
1183.7731608409504	329.0	0.5650372329224708
1184.3828903331844	189.0	0.7247672133819166
1185.3379507191028	194.0	0.7187056299018523
1188.227949080286	148.0	0.7784809094857399
1187.7291748388402	269.0	0.6306794637654459
1186.483950057538	345.0	0.549456590796086
1186.1241614844464	249.0	0.6529916969101233
1188.0679702970033	284.0	0.6141482516697916
1189.766699039137	250.0	0.6527215136079428
1189.2844785869088	333.0	0.5624996448638642
1189.7342387564531	226.0	0.6807310386185009
1190.103433528339	235.0	0.6701993771523296
1188.8281028093809	470.0	0.43333489563624955
1188.00591193077	317.0	0.5787391963220647
1188.998295483927	479.0	0.42565888550739744
1187.7500499052594	317.0	0.5786675667231795
1186.4417786880767	284.0	0.6137215303371156
1186.523083794433	282.0	0.6159406643151208
1188.2473540993071	537.0	0.37748056970028
1189.7598168014913	362.0	0.5334329500216607
1190.298583082204	234.0	0.6714172115602047
1188.8750196651406	262.0	0.6388386367552608
1189.502166406901	337.0	0.5584677081812015
1189.1633139235819	484.0	0.42145516104460123
1189.353414200516	165.0	0.7563412942737688
1189.2124881582342	201.0	0.7108355712351764
1188.719596070261	222.0	0.6852670075351484
1186.8080358942495	364.0	0.5305673022385327
1186.8304272036212	554.0	0.3635221543204336
1188.3716827483606	290.0	0.6076764681248809
1187.171227599974	288.0	0.6095368529271535
1187.5687674905944	349.0	0.5457411247920132
1189.7029685552877	408.0	0.48926676856721213
1188.8821839168895	324.0	0.5716784777501234
1189.0091695221788	517.0	0.3939071263669679
1191.578410440981	323.0	0.5734786686864815
1192.455448799686	243.0	0.661431498688177
1192.7860462128554	721.0	0.2465197440155138
1191.5106282909658	266.0	0.634994085344127
1189.992110287888	194.0	0.7196515810200023
1190.3320758330628	272.0	0.6279914740363651
1190.4228518778696	186.0	0.7297342168560511
1191.387354566636	315.0	0.5817808758881668
1191.0470048933923	345.0	0.5507949966362594
1190.3824098658197	466.0	0.43732800200679534
1190.761437907231	352.0	0.5436753974386461
1190.1669461459926	386.0	0.5102041684812153
1190.1529600740228	306.0	0.5909509145577461
1190.2820140374427	388.0	0.5083261463425697
1190.0221506682997	322.0	0.5740803137603785
1191.8010967503287	394.0	0.5030902667334552
1192.3990341131714	449.0	0.4529057338667323
1191.3134275861028	179.0	0.7387459009063054
1190.0313066746726	280.0	0.6190557320396364
1190.6855542904934	173.0	0.7462758192961727
1191.9093041844444	147.0	0.7804182859278276
1191.7574547708386	246.0	0.6578004180277967
1190.8959368063436	531.0	0.3832379894166392
1190.32279587442	202.0	0.7098374017885156
1191.382596998824	178.0	0.7400288270201336
1191.9685286022545	201.0	0.7114076938957274
1192.2622975022887	166.0	0.7555700392990989
1192.4259550898887	158.0	0.7659997582177943
1192.1684427507507	144.0	0.7844583131995705
1191.6843338096078	228.0	0.6788018370419282
1190.6280819073777	197.0	0.7160622466947891
1190.796152971546	195.0	0.718573327567891
1190.8597989829511	174.0	0.7450287566097864
1191.0048066538434	323.0	0.5733170745819838
1191.0788500166807	293.0	0.6051422739476319
1192.1308867899236	261.0	0.6407756488108668
1191.0391337843757	313.0	0.5837874255140588
1191.734227979709	326.0	0.5704122711471743
1190.9001543504457	283.0	0.6159848424404035
1190.3177568337694	334.0	0.561771161553918
1189.641164712279	302.0	0.595076876202659
1191.3597531088506	284.0	0.6150091536636261
1192.2986284733656	271.0	0.6296039718389819
1191.7420274812255	378.0	0.5183922028175155
1191.5861208552026	528.0	0.38589874203286834
1191.8562522792413	356.0	0.5400089646880519
1191.8420611068714	261.0	0.6407042348413937
1190.895125419905	336.0	0.5598911878016534
1191.158647793907	375.0	0.5211213110137655
1191.3656059322957	338.0	0.5579866597118137
1191.4480424119702	233.0	0.672855740521825
1192.0733928585128	221.0	0.6872066219392355
1191.823250285621	223.0	0.6847662774060558
1192.8780661379199	201.0	0.7115960070210163
1192.8539512494267	195.0	0.7189906044156164
1192.6472367609085	245.0	0.6591653449673825
1192.9166281005812	207.0	0.7042681030500233
1193.0210117442107	290.0	0.6089064177736427
1193.0953222867174	438.0	0.46293758063637264
1192.7528069750697	185.0	0.7314467456521792
1192.72841416214	207.0	0.7042283375751751
1192.5147326337717	517.0	0.3951499918301592
1192.5495810470252	239.0	0.6660960917257269
1191.7049561107326	568.0	0.35443723332417826
1192.3817410367403	287.0	0.6120000780881987
1193.094004362143	281.0	0.6187488733168115
1192.3608644584265	280.0	0.6196584590653441
1191.451111517247	371.0	0.5251051411909669
1191.1246348020645	363.0	0.5328559989704659
1191.3340247831757	327.0	0.5692647406137171
1191.124242860793	248.0	0.6553459491349989
1192.0395169036942	263.0	0.6384977906859043
1192.5269133459838	239.0	0.6660908044804095
1192.3885820711293	340.0	0.5562483250293259
1192.9685207182924	311.0	0.5864275139861744
1193.057081152688	342.0	0.5544139638857088
1194.4576904512642	297.0	0.6017319138162908
1195.1177408716035	322.0	0.5755108633625141
1195.7191711990451	327.0	0.5705051775994806
1196.2798484571274	358.0	0.5393364967636007
1196.1906162641767	300.0	0.5989815779635526
1196.1682646734016	216.0	0.6940874463710522
1195.5607651518592	214.0	0.6963593123607627
1195.6567936969461	476.0	0.43050511110321393
1196.3543404347397	246.0	0.6588910323854911
1196.0169535616992	176.0	0.7434434034607061
1195.6221763183285	205.0	0.7072729484565746
1195.5857217534292	433.0	0.4682502809446134
1194.9529138105204	510.0	0.4017430090076039
1195.79192440717	255.0	0.648467853025582
1195.5216406740503	401.0	0.4976579210906304
1195.0284148020962	276.0	0.6247523199106505
1195.2883934832894	288.0	0.6116736283175878
1194.9212182204303	292.0	0.6072421370790982
1194.5023227013287	356.0	0.5407939803924101
1194.6192179688026	319.0	0.5784937238996196
1195.5285256211876	330.0	0.56736305554742
1195.3842932175412	201.0	0.7121136337950968
1195.2852605417202	289.0	0.6105869839406428
1195.0622196419456	206.0	0.7059373993359906
1195.757903388396	221.0	0.6880200922522552
1195.493937600795	288.0	0.6117274325154672
1195.241598989386	201.0	0.7120842121514129
1194.9711053243527	155.0	0.7703654553957898
1194.8466081296458	323.0	0.5743970460914833
1194.6682664368145	269.0	0.6324303721431914
1195.1573306901678	247.0	0.6574576230433968
1194.8474068648457	576.0	0.349463993603192
1195.270511839367	278.0	0.6226083427775675
1195.6205769870503	254.0	0.6495634733222071
1195.8348597305815	265.0	0.6371937618617982
1196.154462685674	272.0	0.6294667803516609
1195.889715432876	345.0	0.552206758803526
1195.7199185874665	201.0	0.7121828115642889
1195.350111026823	518.0	0.3953366604218925
1195.3138457544749	332.0	0.5652497999374897
1195.1190642147833	261.0	0.6415128317260992
1195.9352174568899	122.0	0.8148619167557973
1195.7294121711823	202.0	0.7109597920155082
1195.8859214826537	160.0	0.7639919443590935
1195.903818964077	210.0	0.7012597915058856
1195.9132565559803	257.0	0.646228019683434
1195.3245022972264	341.0	0.5560833671661013
1194.9456781099675	591.0	0.33816576030974904
1194.9262366988282	223.0	0.6854561341368763
1195.2055401830996	167.0	0.7548093953904301
1195.6548572853876	188.0	0.7282559317302005
1195.4948096612711	348.0	0.5490752572386419
1195.3750663638373	196.0	0.7182643203284957
1195.1340422737426	372.0	0.5252480132965932
1195.8682140961002	447.0	0.45582975412798077
1196.0130226445353	266.0	0.6361181523282866
1195.8787870998033	363.0	0.5342806599154013
1196.1055898227085	344.0	0.5532773827025717
1196.1824309867902	265.0	0.637280062529857
1196.5891459155366	282.0	0.6185552953922346
1196.3907107805237	416.0	0.48399603493296817
1196.5675696960716	543.0	0.37570691767394787
1196.212776456357	566.0	0.35762581277140393
1196.5110459575462	304.0	0.5948047156080702
1196.7181593031526	364.0	0.5335480684577631
1196.5247058741188	379.0	0.5188904387383421
1196.8039846111908	318.0	0.5801436974941389
1196.868526612777	312.0	0.5864450818648841
1196.7882073735066	366.0	0.5316063964737533
1196.727608908184	174.0	0.7461202373554072
1196.7449031856193	260.0	0.6430397670430419
1196.5178747369696	232.0	0.6751878235437303
1196.278254782521	230.0	0.6774822875848017
1196.1775229244588	263.0	0.6395229560925529
1196.7620059440217	205.0	0.7075109767125668
1196.6313971642678	154.0	0.7719585072236107
1196.4884610064362	164.0	0.7589101198569825
1196.3540782699495	264.0	0.6384438487510438
1195.9338588198689	186.0	0.7308120083853528
1195.9118366355253	210.0	0.7012614951694993
1195.7420024619446	216.0	0.6939950789544883
1195.9899184322019	176.0	0.7434383480002267
1195.7373113884453	347.0	0.5501502460095373
1195.7208439991757	204.0	0.7085133069574834
1195.5843929302152	153.0	0.7730954016640215
1195.4165423875545	222.0	0.6867540439085689
1195.8926659730355	233.0	0.6738733348577535
1196.4120076125828	250.0	0.6543170290564101
1196.5110945452298	336.0	0.5615039901558332
1196.723586330168	232.0	0.6752345909037349
1196.5714879818331	223.0	0.6858206833711021
1196.5239023314477	358.0	0.5394088190434668
1196.9977275449658	291.0	0.6088703704136453
1197.3548589311663	310.0	0.5886834501335478
1197.3224131846998	279.0	0.6220337813633195
1197.6089977725915	503.0	0.40844720843084464
1197.4425935706508	501.0	0.4100477674117401
1197.4704972746258	262.0	0.640965678320663
1197.9032545943703	411.0	0.4890929596588832
1197.821224796154	387.0	0.5116168386124719
1197.6878755730284	369.0	0.5289425472000473
1197.6628694184901	189.0	0.7274030996744596
1197.5290556180562	355.0	0.5426816667741193
1197.63902601926	558.0	0.3643340211396297
1197.7408387747123	222.0	0.6872668673930743
1198.4789732258562	234.0	0.6732936338003676
1198.8124643062743	245.0	0.6606207439582978
1199.0507356863916	271.0	0.631305242164359
1198.9451768889596	165.0	0.7580547916502763
1199.3309720333023	483.0	0.4257966975235134
1199.2808150175943	365.0	0.5333318717510517
1199.11154621222	506.0	0.406490442078066
1199.4472114422792	353.0	0.5452341343419332
1199.4428029305209	325.0	0.5736147012203613
1199.6354669376194	749.0	0.23125693572939846
1199.8381471145237	344.0	0.5543574297047323
1199.866302180857	361.0	0.5374363589045296
1199.8354365723887	182.0	0.7365822366642343
1199.6314113569904	220.0	0.6900603942121745
1199.3203441610704	244.0	0.6618907216445772
1199.2395445833067	429.0	0.4730505085358455
1198.9754429472557	228.0	0.6804429941287681
1198.8042677298458	273.0	0.6290267585361969
1198.791436861728	574.0	0.3524336951715882
1198.8370161621579	155.0	0.7710211817972118
1199.0468663191425	313.0	0.5859916686816027
1199.4715446096482	335.0	0.5633675956041008
1199.2543941453405	284.0	0.6170582725107754
1199.5371077623095	291.0	0.6095367254064973
1199.4821330566022	376.0	0.522685796162575
1199.4305664628898	377.0	0.5217042754431077
1199.3512070207923	285.0	0.6159938447828435
1199.644573182706	305.0	0.5945886418147943
1199.5042930223847	147.0	0.7816568417022399
1199.4135643459267	248.0	0.6573197790749336
1199.301516164478	159.0	0.7658840866953041
1199.6121323169523	193.0	0.7228230380574135
1200.1907013364412	176.0	0.7442214951327842
1200.3565155587146	159.0	0.7660657845382839
1200.5599691400018	196.0	0.7193102991192046
1200.35821823199	258.0	0.6461774661745577
1200.2624775846512	241.0	0.6655709785716737
1200.2101531708636	273.0	0.6293807785502856
1200.1107728954644	232.0	0.6760027165622968
1200.0833032622309	173.0	0.7480123753759453
1200.223772699959	505.0	0.4077023695248978
1200.0083462365171	335.0	0.5635202885751833
1199.9409110160861	266.0	0.6370931488423668
1200.2112712617584	323.0	0.5758959953960403
1200.3783090826805	417.0	0.4843506956186304
1200.4283887900742	368.0	0.5307404499559146
1200.7505068717985	282.0	0.6196258255275279
1200.7798403160732	297.0	0.6034130090343255
1201.0867633072583	386.0	0.5135741675576299
1200.937783192745	304.0	0.5959965875066807
1200.8457561994626	470.0	0.4374106667163929
1200.853549980227	346.0	0.552640261252369
1200.8388723088979	356.0	0.5426630124259066
1200.9078790882345	302.0	0.5981124269796049
1200.8693987234485	264.0	0.6395583111640379
1200.826976035928	271.0	0.631750192906663
1200.6818566007864	412.0	0.4890498726532283
1200.6120405736463	453.0	0.4521084887083284
1200.617195912463	302.0	0.5980346813259904
1200.614161064153	318.0	0.5811971096369011
1200.4033634136179	285.0	0.6162658480252271
1200.1341052763737	409.0	0.49165206472365086
1200.1198960177335	219.0	0.6913580020764315
1200.4599971714938	156.0	0.769989531095214
1200.7154579434605	401.0	0.49928684522422206
1200.7126465989445	202.0	0.7119866274966941
1201.1209653254875	213.0	0.6987527867519114
1201.088868838955	183.0	0.7355661126680257
1201.0028708943748	1027.0	0.07809813585407359
1200.9920895724074	202.0	0.712043992975664
1200.8282964331236	156.0	0.7700519654401399
1201.0090764163456	168.0	0.7545670033981462
1200.82324907051	175.0	0.74560685739505
1200.685491674961	310.0	0.5895902863854344
1200.7934631888106	435.0	0.46814801527325783
1200.9507815824054	397.0	0.5031136070325494
1200.9671098807298	431.0	0.471803080600688
1200.8590399756872	350.0	0.5486372507388074
1200.7554496901535	421.0	0.48080951406029226
1200.5810283092535	229.0	0.6796264143616466
1200.6368789126266	243.0	0.6633502461047794
1200.6167348988129	294.0	0.6065881063215793
1200.5093426061053	231.0	0.6772637200125322
1200.6849790089839	243.0	0.6633614624614199
1200.8465401239744	267.0	0.6362017517479053
1200.7412691012155	318.0	0.58123216051383
1201.0194534925147	318.0	0.581308851221283
1201.231262328938	429.0	0.4736943034853432
1201.257573646054	242.0	0.664647524573672
1201.5002688037266	313.0	0.5866623381358229
1201.511221084823	323.0	0.576257628631743
1201.692883303599	274.0	0.6286490189115738
1201.7810157551723	259.0	0.6453951725733428
1201.7910614751254	352.0	0.5469146287071298
1201.6773322922504	344.0	0.5548876951053613
1201.7913755559982	219.0	0.6917211016792684
1201.6183464800397	203.0	0.710953512021659
1201.5898606517208	247.0	0.6589786982370915
1201.8833049527764	539.0	0.38077411798188154
1201.6955017120367	222.0	0.6881355602612521
1201.9139664220902	263.0	0.6409345449243659
1202.1685242869344	336.0	0.5631167915677339
1202.3774360029054	270.0	0.6332462133717903
1202.3057412967344	268.0	0.635449971427524
1202.2912387773124	343.0	0.5560707374858432
1202.4749493146403	301.0	0.5995942597683972
1202.2952782853179	327.0	0.572352043920988
1202.1612918122491	265.0	0.6387581904199914
1202.419100203113	205.0	0.7086866307691643
1202.5822186651412	222.0	0.6883296771624484
1202.4963063119367	185.0	0.7333326234334373
1202.4757883849036	146.0	0.7834592192791728
1202.3866888886553	188.0	0.7295716342764047
1202.2806666368265	175.0	0.7458760523701659
1202.4275607312736	154.0	0.7729329535047549
1202.7282101767464	332.0	0.5673501043396272
1202.5957526834106	302.0	0.5985632692882588
1202.6036185299727	338.0	0.5612109488324895
1202.887376424088	257.0	0.6479180460762568
1202.8822200159645	358.0	0.5412850560930363
1202.9692746089313	332.0	0.5674180513032293
1202.891695202902	432.0	0.4715246260439464
1203.2284773111926	282.0	0.6202604457052652
1203.097577680336	415.0	0.48705194825773906
1203.1170093914072	200.0	0.7149204255078503
1202.9690916060104	279.0	0.6234739285990808
1203.0345047825497	195.0	0.7210369281546019
1202.960005800869	243.0	0.663891118668375
1203.1062395658846	515.0	0.4005027301104203
1202.8885200602965	203.0	0.7112146559226564
1203.0475231403489	682.0	0.2764108155068274
1202.8965089977648	245.0	0.6615780223552177
1202.6972763973358	275.0	0.6277992733796504
1202.6174255960757	447.0	0.45805616130845583
1202.6088998997743	202.0	0.7123754519647232
1202.7458707993815	213.0	0.6990985396556623
1202.6844778117327	246.0	0.6603815340499982
1202.6262263870963	161.0	0.7638649112424793
1202.5551740382864	246.0	0.6603512183602914
1202.4727542194437	180.0	0.7395970380600672
1202.3223256625085	351.0	0.5480654669013467
1202.4468736307667	289.0	0.6124568630507627
1202.3725283834626	309.0	0.591100150099326
1202.3732435481515	272.0	0.6310296579373366
1202.3511718406119	958.0	0.11310715360800602
1202.2566090317464	250.0	0.6557082289104804
1202.171172144139	244.0	0.6625572343027168
1202.1641644983404	316.0	0.5837077341310866
1202.064065064122	360.0	0.5390714016774694
1201.90014641124	281.0	0.6210129175857905
1201.9861861839815	272.0	0.6309327691812585
1202.0734691220152	327.0	0.572290008814604
1201.978478794362	264.0	0.6398310018614779
1201.956716363929	303.0	0.5973306119632898
1201.8448121577353	428.0	0.4747966225896378
1201.735254160349	272.0	0.6308699283237678
1201.955543891455	162.0	0.762455600953381
1201.907254408825	129.0	0.8061472734893155
1201.8696063096531	267.0	0.6364551368575141
1201.9538913879433	157.0	0.7689399162179802
1201.8451417239796	220.0	0.6905429521906286
1202.0421753035446	250.0	0.6556573848170238
1202.1160620006108	266.0	0.6376308292172485
1202.1547165231807	159.0	0.7663748315016882
1202.1688534120412	191.0	0.725804952454661
1202.045890131633	220.0	0.6905866378480437
1201.9582717968876	300.0	0.6005215249540974
1201.8600735935306	137.0	0.7953482926228596
1202.1091488617287	149.0	0.7794404691500634
1202.412469243656	206.0	0.7074720587916609
1202.6188188768072	224.0	0.6859707764455852
1202.7637602402342	155.0	0.7716834039338695
1202.8198457667206	538.0	0.3819004289176803
1202.8736598007704	249.0	0.6569949481221825
1203.076818041061	304.0	0.596570000466005
1203.0970312923596	295.0	0.6061670321240633
1203.0263121447617	203.0	0.7112429571956694
1203.171723634102	341.0	0.5583392769329049
1203.436302219297	227.0	0.6826143189349803
1203.321233679438	334.0	0.5654779330659455
1203.5711621695327	774.0	0.217221595049082
1203.4302889799155	252.0	0.6537106560058988
1203.4696822165286	317.0	0.5830235831629607
1203.6251261611685	727.0	0.24687606086888764
1203.7674561681367	322.0	0.5779173311132464
1203.6246456500724	577.0	0.3519128229415827
1203.658373586153	302.0	0.5988465839289941
1203.641347989309	336.0	0.5635347148362853
1203.6559994037088	174.0	0.7473970278860435
1203.5738385544719	203.0	0.711355359476013
1203.7992691604345	142.0	0.7889729869022957
1203.7072894716705	184.0	0.734814392925683
1203.6673196505576	150.0	0.7783798163366731
1203.5825338534773	161.0	0.7640303961016587
1203.4757977704444	160.0	0.7653056984779165
1203.686831255306	229.0	0.6803209256842928
1203.6071413359246	390.0	0.5105443620526674
1203.7192001390206	299.0	0.6020547285582846
1203.689213162487	295.0	0.6063226486063775
1203.5589665113282	434.0	0.4699427515277842
1203.4679994484718	469.0	0.43915219884068135
1203.3828272834967	390.0	0.5104754572196595
1203.524801895062	314.0	0.586168213385532
1203.7793456829136	306.0	0.59464275243269
1203.6833362576617	210.0	0.7029037626546305
1203.7020699184936	181.0	0.7385719225354317
1203.904943783173	170.0	0.7525301866490276
1203.9238304777257	209.0	0.7041595654461646
1204.0154151860622	203.0	0.7114459474871417
1203.9194480826077	225.0	0.6850767196122696
1203.863827672314	198.0	0.7175189257450724
1203.9279410118456	163.0	0.7615090084714459
1203.8467106126604	280.0	0.6226025262617704
1203.7490306745133	263.0	0.6413837752746913
1203.6862648157814	268.0	0.635791939617583
1203.576963356481	393.0	0.5076967674971374
1203.6692760790947	424.0	0.479009641293498
1203.6946426694808	345.0	0.5544634939715108
1203.6579461034862	426.0	0.4771909025221318
1203.5419203936178	266.0	0.6379824266207368
1203.555668679941	489.0	0.42217557856589594
1203.6800912697477	166.0	0.7576076325295618
1203.6016784119697	202.0	0.7125786016018181
1203.7201213384483	156.0	0.7705410142104236
1203.6040507807622	172.0	0.7499280408452176
1203.4601414489136	234.0	0.6744257551877083
1203.7010487785196	174.0	0.7474052877374671
1203.6863258324838	365.0	0.5346424661331848
1203.6919822329264	149.0	0.7796985537623405
1203.6198041909004	166.0	0.7575969630519995
1203.6010370424829	182.0	0.7372981180954185
1203.5767323682903	223.0	0.6873634695698521
1203.572583599473	249.0	0.6571599893714388
1203.596924194916	184.0	0.734793300861838
1203.5326400871368	190.0	0.7273117334544537
1203.4421947850428	361.0	0.5384936545391477
1203.2937606163653	287.0	0.6148410366003267
1203.2515014267115	287.0	0.6148301146145643
1203.4746993970602	346.0	0.5533970317364494
1203.564083489758	471.0	0.43746554145787553
1203.5519428153725	358.0	0.5414817910513432
1203.6351948870745	306.0	0.5946040460153822
1203.7599947831595	342.0	0.5574992221894369
1203.7999552128665	389.0	0.5115519701932527
1203.8532995676355	273.0	0.6302950332576381
1203.9231197362078	378.0	0.522100669388999
1203.8873808911515	787.0	0.2093977715125937
1203.7658457140976	270.0	0.633591725869893
1203.8461548680475	336.0	0.5635927667997553
1203.7386915309003	349.0	0.5504716899198171
1203.7233563343102	251.0	0.6549172062068443
1203.8993124826766	466.0	0.4418825176864258
1203.8130992182246	181.0	0.7385928828920223
1203.8524311841231	212.0	0.7005337627980092
1203.835303895075	189.0	0.7286111294401283
1203.6761726333973	257.0	0.6481081778219678
1203.5690618479468	141.0	0.7902673741336683
1203.547742227644	229.0	0.6802898873807866
1203.675291914801	156.0	0.770533448790838
1203.7618187525557	242.0	0.6652283981205086
1203.7483456065115	196.0	0.7199496600725424
1203.7179873682421	214.0	0.6981063908242352
1203.5561179758256	203.0	0.7113517229698062
1203.4546115345352	182.0	0.737270353738379
1203.4013430155119	218.0	0.6932604558575812
1203.2336263377433	191.0	0.7260143545645175
1203.174964609787	184.0	0.7347126286239468
1203.2997833241946	263.0	0.6412739018432339
1203.4713957442357	715.0	0.25461489643672386
1203.5866848467	295.0	0.6062957145116001
1203.6629217169116	309.0	0.5914489665030237
1203.558439588983	308.0	0.5924735796735056
1203.4659908475996	244.0	0.6628590909315669
1203.606143202218	284.0	0.6181785060544827
1203.6624416264417	382.0	0.5181824454287056
1203.5394032433715	256.0	0.6492044004689154
1203.4179409326193	509.0	0.4055189590891722
1203.512011954596	481.0	0.42891472831721805
1203.446544526863	266.0	0.6379589295156735
1203.4291550774358	379.0	0.5209896142472757
1203.3166719711476	371.0	0.5286844043447959
1203.3379755205358	402.0	0.4991708834774805
1203.4467687437825	301.0	0.5998529077219051
1203.5645719251359	298.0	0.6030806725575069
1203.5114456810002	378.0	0.521976270191035
1203.5123465366464	250.0	0.6560056739859321
1203.4027634191777	253.0	0.6525686350580177
1203.5446493354525	384.0	0.5162340786311205
1203.4481194548634	296.0	0.60518807398603
1203.4473592691315	199.0	0.7162103822510579
1203.4809674628889	171.0	0.7511788026928543
1203.5117943208616	286.0	0.6159815570572225
1203.6119485300708	387.0	0.5133948285027815
1203.5895298860296	316.0	0.5840982136489185
1203.623296261502	455.0	0.4513522135791058
1203.7413846281506	347.0	0.5524721227669996
1203.6935110147792	395.0	0.505846496181408
1203.7109300961129	799.0	0.20208155056940255
1203.8591628661518	463.0	0.44446416312236603
1203.8856854457952	324.0	0.5758845009331105
1203.8650572870185	358.0	0.541573712364305
1203.8688860646582	371.0	0.5288496670639437
1203.8307951765933	136.0	0.79698929075283
1203.7134779114438	155.0	0.7718429933612503
1203.674184591242	221.0	0.6897536259303978
1203.5817637022617	214.0	0.6980773801137202
1203.6811119883855	439.0	0.46550794698234294
1203.8375086122312	153.0	0.7744755742248195
1203.884514852282	327.0	0.572795992346225
1203.9327796395746	277.0	0.625911447422461
1203.9900072778275	254.0	0.6515751154231347
1203.978051779219	270.0	0.6336444770339875
1203.8599043881281	320.0	0.5800138856878857
1203.8664955247264	287.0	0.6149890002069068
1203.8330728693807	268.0	0.6358282675663398
1203.8530100508078	298.0	0.6031569028317643
1203.8436176033558	182.0	0.7373441019056012
1203.8672101518507	172.0	0.7499758716089806
1203.9387492632175	172.0	0.7499888711004005
1203.8896178448124	125.0	0.8118730128951952
1203.81404492369	236.0	0.6721798890182267
1204.037103264143	147.0	0.7823893960501248
1204.0312175449255	347.0	0.5525557499103667
1204.175277775182	328.0	0.5718505516205987
1204.1721572478966	205.0	0.7090490342920718
1204.1271318439287	342.0	0.5576042966245254
1204.0436616637141	170.0	0.752555170198651
1203.9904850953878	178.0	0.7424005419433636
1203.9350930718301	150.0	0.7784236470897914
1203.928784572855	154.0	0.7731839817381267
1203.8107478762415	189.0	0.7286063447052125
1203.6948465742335	362.0	0.5375854997644501
1203.5703309833157	289.0	0.6127485666828111
1203.5081507787993	315.0	0.585119118605395
1203.398790720621	261.0	0.6435397220294568
1203.2726564107704	368.0	0.5315898886185473
1203.31831039594	628.0	0.3141552766277717
1203.4367117092313	277.0	0.6257860970224239
1203.6710011784655	314.0	0.5862080783566659
1203.550826091633	372.0	0.5277841960544094
1203.6663466171362	295.0	0.6063166419051331
1203.6910372256516	322.0	0.5778961898006145
1203.6838837439977	310.0	0.5904032495434445
1203.5992378841966	276.0	0.626926004105442
1203.453575193379	548.0	0.37423405591610387
1203.5813063870323	328.0	0.5716845085113438
1203.6031343893405	314.0	0.5861895736972781
1203.546139910301	251.0	0.6548751626187964
1203.568397933241	142.0	0.7889367791067203
1203.4403572446213	178.0	0.7422979586972059
1203.3509281481347	273.0	0.6301692303706702
1203.346703636085	286.0	0.6159389894887997
1203.34030204752	140.0	0.7915643567209114
1203.2869436038636	233.0	0.6755522967919386
1203.2194860709972	194.0	0.722305619218737
1203.1435362570326	265.0	0.6389998750726978
1203.0756109945826	802.0	0.2000301678377286
1203.1461506545375	431.0	0.4725074010946106
1203.186412307447	260.0	0.6446112432250111
1203.153383497472	174.0	0.7473048360697443
1203.2095112469608	359.0	0.5403945534636452
1203.2698559757266	157.0	0.7691634504575809
1203.2336538431578	200.0	0.7149441228804018
1203.2947678257635	242.0	0.665120215768782
1203.4762079794205	246.0	0.6605670398096073
1203.599645765523	206.0	0.7077184282518376
1203.683704729487	223.0	0.6873869109729785
1203.664776382707	403.0	0.4983396587465791
1203.809470929452	318.0	0.5820764608518567
1203.8499248475978	220.0	0.6909786682419529
1203.8719285518805	229.0	0.6803622215818872
1203.891031543011	262.0	0.6425382318845129
1203.8170230128626	311.0	0.5893893516176055
1203.8160491618735	332.0	0.567656556029377
1203.8611564854784	276.0	0.6269920339615207
1203.926163684218	457.0	0.44970461662630934
1203.9107013226217	348.0	0.5515205872304177
1203.9073642711226	342.0	0.5575414052558718
1203.7879076395168	550.0	0.3727861874241523
1203.8726385793573	374.0	0.5259439946474614
1203.85528270475	204.0	0.7101974861960552
1203.9272885199946	427.0	0.47637150594556976
1203.9637727191407	231.0	0.6780406524657084
1203.9381002300577	184.0	0.7348584926525166
1203.8715807061726	210.0	0.7029433183809899
1203.9393694615676	195.0	0.721217367590344
1203.941561293371	241.0	0.6664224956138983
1203.9662039080913	260.0	0.6448005434743999
1203.9508422508247	371.0	0.5288741844541774
1204.0181604626202	288.0	0.6139457177777223
1203.985608470316	290.0	0.6117767154438262
1204.041835693811	449.0	0.45675906041234976
1204.0976412192458	265.0	0.6392343264807518
1204.097798546527	464.0	0.4436777023453904
1204.0681740945138	392.0	0.5087929120290985
1204.0713193857905	298.0	0.603214579555577
1204.0520573456477	165.0	0.7589573031723773
1204.1013605542885	247.0	0.6595689223175265
1204.1053992617778	171.0	0.7512917917538525
1204.0741088779132	170.0	0.7525606531676458
1204.0620211151986	223.0	0.6874697851944327
1204.1279748983552	216.0	0.6958020631690464
1204.1879352394608	296.0	0.6053827749884519
1204.301496381226	200.0	0.715160881740304
1204.3367824191048	291.0	0.6107900194506951
1204.3825589682374	314.0	0.5864019931665081
1204.342312836774	270.0	0.633734991325733
1204.3834459071957	406.0	0.4957722633924824
1204.4473461284692	398.0	0.5032598094888141
1204.4693995739947	329.0	0.5709076423808681
1204.3277228792242	276.0	0.6271095977812501
1204.3092304215495	278.0	0.6249095744739572
1204.2907670236093	149.0	0.779796029603148
1204.3827186589483	170.0	0.7526162142581694
1204.3559349602742	213.0	0.6994403526366579
1204.3568179606698	134.0	0.7997544478397273
1204.4124866888035	211.0	0.7018536970892344
1204.4598614917713	170.0	0.7526300989022839
1204.5261510824162	202.0	0.7127675161324979
1204.4160012012178	160.0	0.7654674236315938
1204.3406129338232	157.0	0.769345014012842
1204.336073066946	202.0	0.7127286942736565
1204.3968315830598	222.0	0.6887261734119005
1204.3355156205434	386.0	0.5145678428122331
1204.28933643499	290.0	0.6118556253745753
1204.3226331164897	196.0	0.7200645117564201
1204.3376908711025	178.0	0.7424652439479814
1204.270012282941	179.0	0.7411929725786806
1204.253036927997	320.0	0.580122207734048
1204.2498254298207	326.0	0.5739257805065493
1204.180392788747	256.0	0.6493583926146623
1204.099052831599	283.0	0.6193932079223141
1204.1358215967864	260.0	0.6448416927379811
1204.0516130071549	263.0	0.6414577405890936
1204.0753211624228	267.0	0.637000232198824
1204.1088880896164	350.0	0.5495811102010536
1204.0536614047687	308.0	0.5926070511097423
1204.0252973129318	294.0	0.60748326409793
1204.0231575697328	270.0	0.6336556876824686
1204.0663522643108	281.0	0.6215657306199772
1204.0075027610628	327.0	0.572830310223459
1203.977510040718	274.0	0.6292230454948515
1204.005741364792	332.0	0.5677099491763526
1204.0232342455674	252.0	0.6538516775378619
1204.1273400888117	173.0	0.7487523557714814
1204.2343925865964	478.0	0.43170820652997205
1204.219605102193	176.0	0.7449681205086653
1204.1501114127889	217.0	0.6946135411631124
1204.0841292653831	485.0	0.4257242826490397
1204.1303506130462	211.0	0.7017942553368415
1204.0801835393636	176.0	0.7449423561048039
1204.012380610861	170.0	0.7525495368179709
1204.0465723431041	253.0	0.652722150681641
1204.1392397284953	187.0	0.7311555958460402
1204.1922383868941	439.0	0.46567420446074886
1204.1813423562996	285.0	0.6172393624687097
1204.111089581789	323.0	0.5769790394378499
1204.1757135901894	213.0	0.6994021306498425
1204.1574939333586	168.0	0.7551301497929082
1204.0999810566636	171.0	0.7512908117872287
1204.054540685856	418.0	0.48460426019552166
1204.0560912162853	219.0	0.6922117106250945
1204.1259946975297	304.0	0.5968506596015933
1204.0989647506944	778.0	0.21497360743755223
1204.1620549317308	278.0	0.6248723288050917
1204.251529795002	626.0	0.31594101705778616
1204.158695712472	221.0	0.6898591003726549
1204.3116623956187	432.0	0.4719832292003143
1204.3906426403216	307.0	0.5937516200792579
1204.4583902478453	267.0	0.6370947329947566
1204.4822850560192	302.0	0.5990659790748618
1204.4121342296164	288.0	0.6140476301492072
1204.3182544754834	325.0	0.5749740133567338
1204.3128993874425	356.0	0.5436812704172852
1204.2833581867696	361.0	0.5387416621892872
1204.3618625590636	252.0	0.6539321627700478
1204.335993459632	431.0	0.47289119578637934
1204.363380968003	176.0	0.7449946841148785
1204.2954576572945	331.0	0.568812636878282
1204.2041805348001	178.0	0.7424403680632358
1204.1096199278468	199.0	0.7163443295182691
1204.1514988798697	176.0	0.7449555354715167
1204.119621368554	191.0	0.7261883539238922
1204.2253701898396	285.0	0.6172506785005019
1204.2533193235226	255.0	0.6505061915936401
1204.4184712390152	328.0	0.5719184985615577
1204.3422911989417	422.0	0.48104405538282957
1204.4124775878718	335.0	0.5647690208086186
1204.3896458248612	341.0	0.5586873499233403
1204.38513287443	334.0	0.5657784349801531
1204.359303393034	473.0	0.4360182710487903
1204.364623602667	420.0	0.4828747266503688

Average Payoff: 0.6118