19.466666666666665	19.466666666666665	0.0
7.400629109694449	31.933333333333334	-0.6237028435457682
8.843659279999999	20.666666666666668	-0.4006396746696095
10.635390129287051	19.933333333333334	-0.3041652431255712
13.056877367475348	23.733333333333334	-0.29019828270848436
14.087781043299385	17.533333333333335	-0.10896365792156061
15.699229906620964	26.466666666666665	-0.2553588951045083
15.185200544236128	25.733333333333334	-0.257783742219548
14.991515250654986	22.6	-0.2023989907991923
15.806272020412994	18.2	-0.0703907790348239
15.919892492748524	20.733333333333334	-0.13132379844067207
15.711835642532918	19.733333333333334	-0.11345686329041217
16.05401246326033	20.133333333333333	-0.11272782737376087
16.253439590206053	14.6	0.05359012194967437
16.3360524700313	19.333333333333332	-0.08402950585763387
16.43801866706753	21.133333333333333	-0.12497060702568556
16.592579932278152	22.0	-0.14011553716312125
16.492831327141968	18.4	-0.054657893908841626
16.62378226513677	20.2	-0.09711706714736477
16.712229649740472	27.666666666666668	-0.2468388789758225
16.708799833868444	22.2	-0.14113003201275054
17.180815324464856	23.333333333333332	-0.15186097234414517
17.319669893791914	19.733333333333334	-0.0651408314933689
17.209854339076628	26.0	-0.20342918983121971
17.322169698046466	22.133333333333333	-0.12193897595122401
17.2935517107608	19.933333333333334	-0.07091062331553641
17.277195535291686	20.266666666666666	-0.07962609481394924
17.224548296270843	22.666666666666668	-0.13642398145687057
17.240018907448693	20.266666666666666	-0.08069622023084773
17.171909298156972	23.933333333333334	-0.16449055162604742
17.22287778230496	22.866666666666667	-0.14077957138039973
17.2012316408335	30.933333333333334	-0.2852856715308358
17.256388861500994	22.4	-0.12970447602939705
17.33805884881404	17.8	-0.013146461879795963
17.386492144102217	18.333333333333332	-0.026507441639916217
17.324706396912646	33.06666666666667	-0.3123939538200761
17.338052358469604	23.733333333333334	-0.1557113515198516
17.3107867495343	19.8	-0.06707519480160135
17.32284771303171	18.0	-0.019170376422353617
17.30888915939074	17.466666666666665	-0.004537023306402502
17.33352967926665	18.733333333333334	-0.038811350285098585
17.31773281951555	20.533333333333335	-0.08495402747263854
17.26429387318628	23.2	-0.14668997179132845
17.260991906712633	24.4	-0.17135953241999244
17.222285166328774	23.733333333333334	-0.15897814281716385
17.255529591399767	19.4	-0.05850332630587264
17.23479575433406	19.666666666666668	-0.06590174894934854
17.20307606524919	19.533333333333335	-0.06343181890209607
17.24395276446219	24.466666666666665	-0.17316247039031327
17.23009755286365	16.8	0.012638739932952586
17.230903421284815	21.066666666666666	-0.1001568307486065
17.28933016696845	16.733333333333334	0.016341954933369197
17.315890700876626	17.0	0.009205376705217096
17.33795491715477	19.2	-0.0509619404552658
17.339283588106333	18.933333333333334	-0.04394636727422897
17.326076303574656	23.733333333333334	-0.15604844508039992
17.346146765380738	18.066666666666666	-0.02034630495169533
17.3352772355971	21.866666666666667	-0.11559093708125774
17.317179029845573	24.266666666666666	-0.16711988803392389
17.31000023125951	18.8	-0.04126280141783644
17.351859408053226	22.133333333333333	-0.12109536748616113
17.363866165794704	22.133333333333333	-0.12075456558999638
17.33627292722832	21.8	-0.11405600837544572
17.381142088661754	19.466666666666665	-0.056598333753111754
17.41239681473918	17.333333333333332	0.002275487695003364
17.402330223764118	18.4	-0.027866057041551692
17.420718735535075	15.933333333333334	0.044593844224103105
17.448212100270332	18.866666666666667	-0.039059873378615585
17.42728071848491	20.066666666666666	-0.07039498725138268
17.456863964093856	22.866666666666667	-0.1341599462633855
17.448755516418437	23.8	-0.15397420853226826
17.43364096949324	27.6	-0.2257503237944645
17.44640873933445	21.0	-0.09242973211773291
17.435569865546483	22.4	-0.12462304797470006
17.42513653878649	23.333333333333332	-0.144956295294791
17.466036795875496	15.533333333333333	0.05856788947712258
17.455207316501397	18.866666666666667	-0.038859761223205475
17.42794613688874	15.333333333333334	0.06393562270543418
17.414225427017094	19.866666666666667	-0.06578279386359087
17.410818362110273	21.733333333333334	-0.11042556254262122
17.37918515893635	31.066666666666666	-0.282531547943526
17.36981663375945	22.8	-0.13518068593016494
17.40586887368821	18.533333333333335	-0.03137143816244339
17.44161027290309	19.466666666666665	-0.05486726993728849
17.445068761507585	21.0	-0.0924678080443889
17.453298703498	13.933333333333334	0.11214855311758475
17.44743774577324	18.266666666666666	-0.022938526231336017
17.451718513939053	27.066666666666666	-0.21597701969020056
17.471521344987227	21.333333333333332	-0.09951878496541867
17.463624860582467	24.133333333333333	-0.16034125480180939
17.478253406884598	19.666666666666668	-0.05891554633712382
17.493414161553694	17.333333333333332	0.004596490908140762
17.49765257526202	20.933333333333334	-0.08939871504318864
17.48950086838757	18.066666666666666	-0.016232508683903538
17.51204441755851	23.066666666666666	-0.13688513263959967
17.501397342286758	24.133333333333333	-0.15928855269214015
17.49909961223102	17.933333333333334	-0.012255261211371962
17.493628611550644	20.666666666666668	-0.08315024902145503
17.504525042545595	29.533333333333335	-0.2557261045914482
17.519576216392608	18.333333333333332	-0.022697101216069784
17.539167990527684	18.333333333333332	-0.022138554979365208
17.54906331099897	22.066666666666666	-0.11403559541158545
17.562413755356094	22.733333333333334	-0.1283242017227337
17.554037036555926	25.066666666666666	-0.1762671419604624
17.563790983358047	22.733333333333334	-0.12828563917733513
17.556504963582572	17.466666666666665	0.0025651102608398447
17.559117582633366	18.733333333333334	-0.032354269856803126
17.56780418434365	15.333333333333334	0.06791469899208771
17.569438151460393	18.6	-0.028492614240345847
17.555561076127322	29.666666666666668	-0.2564704413460772
17.546896731779476	18.733333333333334	-0.032702014276771066
17.536063915087663	24.333333333333332	-0.16234457300438
17.521870697062905	21.466666666666665	-0.10117835231422512
17.524133083086262	20.666666666666668	-0.0822850949488361
17.547159932149494	21.066666666666666	-0.09114628216166161
17.539043944585753	28.2	-0.23308217959978175
17.536405193989	23.133333333333333	-0.13761898507373632
17.54991357467449	23.4	-0.14285955487201563
17.554986167900893	23.933333333333334	-0.1537383832874381
17.552602020940796	22.533333333333335	-0.12425134322982619
17.557004350847542	27.933333333333334	-0.2280996253429468
17.579656441880477	25.4	-0.18195453862444508
17.577796494727647	24.333333333333332	-0.16118718026261883
17.56753620025234	23.0	-0.13391160293618884
17.566385764855173	35.8	-0.3416685236187141
17.56373485415509	21.866666666666667	-0.10912726339444845
17.563046096509513	22.466666666666665	-0.12249951927379435
17.5588814529314	24.666666666666668	-0.1683290218898626
17.55389820873374	25.6	-0.1864513317510176
17.54970603661342	26.2	-0.19772233340601855
17.54570808709569	18.0	-0.0127804997382858
17.539957578478926	22.666666666666668	-0.12750906559400402
17.558345671678218	27.466666666666665	-0.2200625936653031
17.554596149721892	23.533333333333335	-0.1455107925571448
17.54895037753992	19.8	-0.06027075994654366
17.547936653678914	26.933333333333334	-0.21099659884699315
17.56000997883301	23.866666666666667	-0.15223660690432847
17.565137361449146	17.533333333333335	9.061371474666265E-4
17.55434152605758	16.8	0.0219576767461957
17.550952498372478	25.266666666666666	-0.18019951409615312
17.553421499411193	22.466666666666665	-0.12276947384189112
17.550605494922102	22.2	-0.11696411783392405
17.546253081675328	19.0	-0.039778275356320884
17.549462162913628	23.066666666666666	-0.13583777338560435
17.545220001234267	21.4	-0.09897954097174352
17.546967987513355	21.066666666666666	-0.09115170614409632
17.550066275026207	20.4	-0.07509693670414608
17.551381937449996	20.933333333333334	-0.08787778140197998
17.561527595958925	16.733333333333334	0.024149223533319688
17.564997748775788	23.8	-0.15073135719942687
17.57420116976875	21.133333333333333	-0.09194933775178447
17.579419389929324	22.266666666666666	-0.11763381904259652
17.593811828023412	18.866666666666667	-0.03491053576898688
17.601409414301074	23.6	-0.14559187831125037
17.605208903904824	25.6	-0.18504229695722219
17.606008869665192	24.333333333333332	-0.16040605575323397
17.605843184582476	20.933333333333334	-0.08634045792867419
17.60187938217663	22.466666666666665	-0.12141162493293096
17.61301329754641	26.0	-0.19230468312826776
17.607389180031436	21.933333333333334	-0.10940478267284386
17.61681964336999	19.8	-0.058347566079600136
17.61993946494531	23.333333333333332	-0.13951006788957213
17.6145076592826	22.6	-0.12397248234286445
17.62434494024438	18.4	-0.02153141329959617
17.625650373322312	20.4	-0.07295995201765411
17.62555286207675	17.666666666666668	-0.0011649537812841314
17.624893421064375	15.266666666666667	0.07169701735362059
17.62547462885845	14.933333333333334	0.08268549937858004
17.630037472193926	21.2	-0.09193816849552393
17.63385976793042	16.8	0.024216273561845244
17.63511727386424	18.6	-0.026628387010402075
17.633565009286393	24.333333333333332	-0.15964411449589902
17.632841736478614	26.533333333333335	-0.20152280750565385
17.63236323785994	20.4	-0.07277057028591291
17.63506422697737	22.533333333333335	-0.12194335357793337
17.636639043014938	17.333333333333332	0.008673318537899244
17.638299743221474	25.466666666666665	-0.1816117161304501
17.63544152297505	17.4	0.006720095787023463
17.636275512589155	25.2	-0.17657287887197246
17.63598944897319	18.733333333333334	-0.030172238590430795
17.639153863637162	22.466666666666665	-0.12036938128174811
17.637263572961153	21.333333333333332	-0.09484252369188612
17.645363190506107	26.666666666666668	-0.2035858773619301
17.646386355422926	25.133333333333333	-0.17501159503572417
17.64634279623461	19.266666666666666	-0.043895740120039044
17.643493439918917	20.666666666666668	-0.07891309298464827
17.64339596087631	19.6	-0.05253559694661248
17.640474546515186	28.933333333333334	-0.24247231010080936
17.639464919063634	18.933333333333334	-0.03537788947240043
17.638286333801457	26.666666666666668	-0.20377812685569982
17.637745114531224	18.6	-0.02655393933666463
17.63680558451429	22.6	-0.1233496134543014
17.638572319827844	21.933333333333334	-0.1085305582993172
17.642728137259947	21.4	-0.09623486989768898
17.638641026769896	21.733333333333334	-0.10400017710853508
17.643268616239432	25.4	-0.18020776844150016
17.643256171284854	25.533333333333335	-0.18273970344981866
17.6423509136072	19.466666666666665	-0.04916098220905805
17.639559402076582	31.733333333333334	-0.28545570555862504
17.63967620715394	21.866666666666667	-0.10699523549960879
17.63536567526899	20.866666666666667	-0.08392546561440103
17.633260558719872	22.266666666666666	-0.11612567816912621
17.630307433408255	21.133333333333333	-0.09036885675946627
17.626648609097995	25.466666666666665	-0.18193118833857358
17.62611303441647	17.8	-0.0049084404324741945
17.621494382307556	20.666666666666668	-0.07953299925958952
17.616667894841772	18.8	-0.03249424435468028
17.617773225420397	20.066666666666666	-0.06498420696337551
17.62933010998405	24.266666666666666	-0.15842412324181065
17.63256831662151	20.066666666666666	-0.06456625316466441
17.63440192410012	18.133333333333333	-0.013949203259368253
17.63359638472773	23.866666666666667	-0.1501935126102654
17.631987079941347	21.933333333333334	-0.10871506178802054
17.63672570014574	20.6	-0.07749811851287695
17.64189460664636	25.8	-0.1877934990456309
17.642289094310495	22.866666666666667	-0.12896845831283776
17.641701671912113	24.6	-0.16472580536959497
17.64060305329796	31.533333333333335	-0.28252223232249374
17.637769332771647	20.0	-0.06276223881237114
17.63614261733627	20.133333333333333	-0.0661166365998465
17.638911737867797	20.866666666666667	-0.08382564455696544
17.635769283678737	20.2	-0.06777265970451399
17.63787638485049	24.4	-0.16085787857700698
17.633555710962625	18.4	-0.02127029303422852
17.630666376366342	21.2	-0.09192048338902767
17.633614153153143	17.533333333333335	0.002851564522577425
17.63364735726182	17.066666666666666	0.016339353303955098
17.636844990047432	20.733333333333334	-0.08070038969297842
17.638818007153844	15.533333333333333	0.06347145387735921
17.637298523704654	20.666666666666668	-0.07908758604771086
17.63638977475634	20.0	-0.06280119425346672
17.640897101888694	19.2	-0.042319895028597884
17.6425789009742	25.0	-0.17253696396063217
17.641938049281432	21.333333333333332	-0.0947112143957637
17.64585324090397	22.533333333333335	-0.12164208659125
17.645876944840367	14.8	0.08771151261155621
17.645632487925944	21.733333333333334	-0.10380416956507751
17.64527029332793	19.866666666666667	-0.0592183862888177
17.64603636318341	18.0	-0.009929957799801215
17.646168142555112	15.6	0.06154598430054909
17.649116775430294	20.133333333333333	-0.06575054160732753
17.647022453038616	17.133333333333333	0.014769518830125455
17.646628354355173	19.2	-0.0421577689743008
17.64489499293923	24.733333333333334	-0.1672660377828867
17.643847187397892	20.8	-0.08209773588000092
17.64258952250316	26.466666666666665	-0.20005046347460478
17.640796570230524	23.066666666666666	-0.13328932006546998
17.639794220142555	22.066666666666666	-0.11148997789412027
17.638590319015158	22.933333333333334	-0.13050263674179255
17.640633176796662	16.4	0.03644565511908058
17.63933307168042	22.466666666666665	-0.12036437506806803
17.63830251151256	23.533333333333335	-0.14318184596881275
17.642240213318978	17.333333333333332	0.008832074749928228
17.639790689000705	20.8	-0.0822119281701388
17.640350540939696	19.066666666666666	-0.03885677001920525
17.635520915592167	20.333333333333332	-0.07105330068835333
17.63560847056849	24.466666666666665	-0.16224914624760514
17.63450338186164	19.533333333333335	-0.05108798679949572
17.637962471454536	25.733333333333334	-0.18665273221984596
17.638957761313467	22.133333333333333	-0.11300268222729547
17.642157276399907	21.8	-0.10541620972866832
17.641476266448663	19.066666666666666	-0.038824911486663734
17.642268186889485	13.666666666666666	0.12697977554388948
17.640904481884753	19.133333333333333	-0.040583542722154684
17.64155205870614	16.333333333333332	0.03850546397072854
17.64221043346391	18.4	-0.021025058047841296
17.642771373155234	24.266666666666666	-0.15805259157179527
17.640989869788957	26.866666666666667	-0.20728291522877826
17.640729207237424	18.8	-0.031812502603058124
17.638620716499556	18.466666666666665	-0.022934201890695328
17.639802625656685	28.066666666666666	-0.22812665695797313
17.637895624563622	22.933333333333334	-0.13052199415169513
17.637932145411455	22.933333333333334	-0.13052097649495625
17.63547225786969	19.733333333333334	-0.05613936657256984
17.63818497876504	21.866666666666667	-0.10703702233471377
17.63865478300969	24.8	-0.16874581095009994
17.642009591835308	14.266666666666667	0.10578135231383312
17.640706153132975	17.066666666666666	0.01653941050066554
17.637976976442307	23.4	-0.14040709235899612
17.640210945461686	21.6	-0.1009115129386501
17.6367281144117	23.6	-0.14461069435584575
17.63517452158922	23.133333333333333	-0.13486289052593428
17.632890081730885	21.8	-0.10567599558724006
17.631042147556713	23.133333333333333	-0.13497793406294284
17.63064140578522	21.4	-0.09657434411662207
17.633362502254258	24.8	-0.16889157670135188
17.63168052913699	19.866666666666667	-0.05960225729041703
17.638943981276046	24.866666666666667	-0.17004161510006313
17.640186827282566	19.133333333333333	-0.0406038502577165
17.63838956018313	20.0	-0.06274472599420593
17.636581982629057	19.133333333333333	-0.040705868856176365
17.638190815142742	20.066666666666666	-0.06440750645180225
17.638842800867817	23.466666666666665	-0.1417771958379866
17.63694585024413	22.4	-0.11896647080853266
17.63667174177737	24.066666666666666	-0.15418417734124037
17.636626184455974	19.066666666666666	-0.03896218489200083
17.637011437123135	19.6	-0.05271606090600173
17.636295004447632	22.266666666666666	-0.11604080169244564
17.63880075085008	17.266666666666666	0.01066119756347011
17.639463324597063	25.533333333333335	-0.18284361032437887
17.636564401877234	27.066666666666666	-0.2109490083687724
17.63716449596884	27.6	-0.22023563180930508
17.63751949619447	20.866666666666667	-0.08386483373038645
17.638429536843912	27.2	-0.2132449901105325
17.634881236542242	25.6	-0.18422899602475648
17.63667390690817	22.333333333333332	-0.11750459283621544
17.632919680432845	21.533333333333335	-0.09958608119928065
17.63074725855697	26.466666666666665	-0.20037273439873007
17.627762350268984	19.933333333333334	-0.061381888390195975
17.62651545213256	27.133333333333333	-0.21239611256881105
17.6235983794636	29.6	-0.25361052591334604
17.625836456843594	16.133333333333333	0.04421030294247763
17.626293656251523	19.866666666666667	-0.05975449767421217
17.625536407140075	25.533333333333335	-0.1832253016296557
17.62841592966218	21.333333333333332	-0.09509114641292435
17.628794783160338	23.733333333333334	-0.14758763216873105
17.628154656879484	20.266666666666666	-0.0696272450332871
17.629219677577968	28.933333333333334	-0.24277263433356844
17.627814505639048	21.6	-0.10125941361810883
17.62908906980449	20.933333333333334	-0.08568559902657924
17.628623967762614	21.066666666666666	-0.08884912459722012
17.63154918657048	23.0	-0.13212518156221068
17.632668676514363	21.933333333333334	-0.10869596214822427
17.63147731633217	16.8	0.02414875518390166
17.633812425359068	23.2	-0.13631319840182632
17.63391699705338	27.133333333333333	-0.21219566236865844
17.63625360813616	20.266666666666666	-0.06939869116837308
17.636859813715912	20.333333333333332	-0.07101553339943886
17.635839269398556	20.866666666666667	-0.08391213295656691
17.632930186630965	15.8	0.054824096374415585
17.63432063964067	20.333333333333332	-0.07108716002347322
17.634122479884162	24.266666666666666	-0.15829162939114905
17.632962384037565	17.066666666666666	0.016319935770593083
17.633607859569427	21.8	-0.10565586986785201
17.633192385153883	17.466666666666665	0.004744341515484829
17.632085865499068	22.4	-0.11910231584035623
17.63450233638545	23.533333333333335	-0.1432873723134977
17.638453123555983	18.2	-0.01566883689170505
17.63991771079632	17.6	0.0011327413169324018
17.64330245012372	22.466666666666665	-0.12025350113081595
17.641427907445618	22.8	-0.12755662595198933
17.641901113189196	21.533333333333335	-0.0993339867679993
17.644809240886897	13.333333333333334	0.13917799936596392
17.64502442278112	21.733333333333334	-0.10382121407583089
17.64607634269179	21.533333333333335	-0.09921683411734143
17.6456273228152	26.333333333333332	-0.1975423220763071
17.645591499675596	19.933333333333334	-0.0608783205965544
17.643839306271563	20.066666666666666	-0.0642480735244913
17.64555721958737	26.0	-0.19141565173243566
17.646673532496674	19.6	-0.05244297764736239
17.647783912340827	20.266666666666666	-0.06907347236559624
17.650128215678762	21.066666666666666	-0.08824435135631076
17.650493633358003	21.133333333333333	-0.089801341754296
17.651452672390487	13.733333333333333	0.1248413590694098
17.651245934724187	17.266666666666666	0.011013810374283454
17.651792425284842	19.8	-0.05735927269704822
17.65153462947059	21.466666666666665	-0.09752830934925431
17.651248757736877	21.8	-0.10516146821460252
17.65084282503163	22.2	-0.11415460382963072
17.651093526217473	17.666666666666668	-4.4094360356217936E-4
17.65371058363298	23.333333333333332	-0.13857117291030865
17.653732972238803	20.0	-0.06231167118253703
17.65557007036185	19.666666666666668	-0.05388467498545037
17.653855243655215	21.533333333333335	-0.09899863273060171
17.65264287772645	19.666666666666668	-0.05396733791509297
17.652562773280845	18.133333333333333	-0.013434638009906607
17.65145288103647	24.0	-0.15242078438646656
17.654904216495108	18.666666666666668	-0.027855690862770476
17.656032822801865	20.8	-0.08175484953648084
17.654500621175515	23.333333333333332	-0.13854922703308942
17.652607103567117	23.066666666666666	-0.13296061205927703
17.65364109082738	17.333333333333332	0.009155057353940748
17.65338659075535	19.733333333333334	-0.055633303665076315
17.654030630088148	25.0	-0.17222216192459916
17.654293147543054	17.4	0.0072542654468238515
17.65398577649332	27.666666666666668	-0.2209297605044631
17.652598770147357	19.066666666666666	-0.038510244682116994
17.65236990949498	17.6	0.001485571314196161
17.650391700413465	16.533333333333335	0.032678076072088384
17.649218629867633	22.6	-0.12300316723312871
17.648285160500958	25.333333333333332	-0.17879848274989443
17.648156712356336	20.0	-0.062469015564625925
17.649464273097806	16.666666666666668	0.028639522566114885
17.64814498790258	18.933333333333334	-0.03513221456347458
17.650578323529075	16.8	0.024689812622046635
17.649781954803654	17.866666666666667	-0.006106599062719989
17.64888790131653	21.0	-0.08670655950670492
17.648631803951325	22.0	-0.10974825607008774
17.649071139769408	24.866666666666667	-0.16976291367110302
17.648593365207766	16.133333333333333	0.044854162564383016
17.64917714094316	27.733333333333334	-0.22220357769996066
17.64995825389925	16.0	0.04903299556718047
17.651210120398854	23.2	-0.1358292658466532
17.651788215534694	14.6	0.09462384520014744
17.652525933472074	21.466666666666665	-0.09750049731806235
17.65334124541221	18.0	-0.009723036957508058
17.655965064614833	15.733333333333333	0.05758227406777884
17.655758910514027	22.8	-0.1271572015461324
17.65583397421192	16.466666666666665	0.03484994608280959
17.654770391143117	26.8	-0.20571987051987836
17.653168103704406	20.133333333333333	-0.06563627579445361
17.65358374030138	22.2	-0.11407797826475317
17.652665795907144	19.333333333333332	-0.0454406417832169
17.652457337226572	19.866666666666667	-0.05901548578826984
17.65401965834249	21.533333333333335	-0.09899402176551418
17.65306370668057	23.133333333333333	-0.13436513211197082
17.651964597986115	18.066666666666666	-0.01161024524170222
17.65055520944828	25.8	-0.1875567470028468
17.651523691023694	24.066666666666666	-0.15377328020798006
17.651614527303874	25.2	-0.17615171694141188
17.64978081481575	19.466666666666665	-0.04895096312106297
17.650811974775557	24.133333333333333	-0.15514308862265366
17.650664596948854	22.0	-0.10969136197999138
17.649427856548005	23.666666666666668	-0.14563909971543168
17.64969404268798	18.466666666666665	-0.022620568848374527
17.651286956147597	17.666666666666668	-4.354643726904862E-4
17.651381346020052	17.733333333333334	-0.0023160279249361884
17.652505219506804	20.933333333333334	-0.08502674133500314
17.65504263627504	25.133333333333333	-0.17477388490673154
17.65464205415616	19.6	-0.05221786705173338
17.65696457165195	20.933333333333334	-0.08490135965646757
17.65904294768514	19.0	-0.03657916149716438
17.660637506759226	23.4	-0.13977772489031579
17.659240198182577	18.666666666666668	-0.027733002571201527
17.66027513527279	27.533333333333335	-0.2184613827620977
17.658641238558296	25.266666666666666	-0.1772386920300298
17.65822716561348	20.6	-0.07689255494385769
17.65901392500048	18.666666666666668	-0.027739404334721163
17.659309417616925	19.533333333333335	-0.05038695228691513
17.660035881804127	19.8	-0.05712659018661916
17.660986293914597	21.133333333333333	-0.08950658428302134
17.66271402326342	18.2	-0.014981743333425732
17.66349005280911	19.4	-0.046852305185417255
17.66350248545945	21.266666666666666	-0.09255454727482053
17.66354477107996	22.866666666666667	-0.12837638174127394
17.66284882689808	17.933333333333334	-0.007598694298666723
17.662323480180216	23.266666666666666	-0.13692845013715055
17.66118295662334	17.4	0.007449348099477082
17.65998850732015	26.266666666666666	-0.1959329278602427
17.658424088275144	18.0	-0.0095791084563709
17.659062459607497	23.8	-0.1481205115618681
17.658725129287184	18.733333333333334	-0.02952864579369468
17.65860048707192	23.0	-0.1313719471142758
17.657405211404104	17.333333333333332	0.009261647268645938
17.656243831310835	22.866666666666667	-0.12857967928083258
17.655749712703535	21.866666666666667	-0.10654502785313336
17.656031098807905	16.6	0.030827596336595233
17.655731915644672	24.333333333333332	-0.15903191409699668
17.656292924597604	16.2	0.04301395099105977
17.655331271099033	20.133333333333333	-0.06557527470668137
17.655775294895633	23.133333333333333	-0.13428972151273832
17.656743942294298	14.2	0.10850901613033297
17.655884812524324	27.933333333333334	-0.2254359460152936
17.655515344143527	19.6	-0.052193202480076334
17.655356069196635	18.866666666666667	-0.03316658023654776
17.654915343739955	16.8	0.024812580011034095
17.655919138738057	18.466666666666665	-0.022444338074139283
17.656114893247196	17.933333333333334	-0.007789343580749669
17.655997022228533	25.466666666666665	-0.18112678986594022
17.657645897981094	20.666666666666668	-0.07851467038344852
17.65764292616794	22.666666666666668	-0.12421846253726809
17.657332940801854	16.333333333333332	0.038951858042159206
17.65874789459306	19.0	-0.0365875045504423
17.65734534432109	23.533333333333335	-0.14265334239806823
17.657217083794258	17.066666666666666	0.017007038192257296
17.655621045859775	23.533333333333335	-0.14270117744097743
17.65796774153558	17.533333333333335	0.0035416254698025017
17.65661900490156	24.533333333333335	-0.1629941241294011
17.65587742702616	20.066666666666666	-0.0639084477879526
17.657005099297308	16.533333333333335	0.032865184068829253
17.659127324802935	23.866666666666667	-0.14948634921077997
17.659369552918694	24.733333333333334	-0.16686748659068706
17.658746387748952	22.666666666666668	-0.12418769950750326
17.658265072015606	20.533333333333335	-0.07528012393728617
17.658238705029692	18.733333333333334	-0.029542406883942964
17.659325202115035	23.6	-0.14398380896400204
17.660056038148877	17.4	0.007417445022503991
17.66079954842547	31.333333333333332	-0.279064716134579
17.659740085246256	20.533333333333335	-0.07523859671081556
17.65862772497971	16.733333333333334	0.026904380069444095
17.659578457164887	19.8	-0.05713949892102204
17.659731086574492	21.0	-0.08640176275270303
17.659763375485024	21.866666666666667	-0.1064326650976404
17.65925387259891	23.866666666666667	-0.1494828462188629
17.658389614050762	21.2	-0.0911414605989907
17.65918360957716	26.266666666666666	-0.19595484214780573
17.657395526802976	16.0	0.04924313069569252
17.658876720422946	18.066666666666666	-0.011414520468598015
17.65755710273667	25.2	-0.17598863321077404
17.658553722982685	19.4	-0.046991749598077746
17.661070869776484	20.866666666666667	-0.08320228494751422
17.662034761331988	17.533333333333335	0.0036567717562289285
17.66273059891003	20.6	-0.0767658072258346
17.662378989848193	18.666666666666668	-0.02764420751136292
17.66363275780327	19.866666666666667	-0.058700142089114477
17.66378259096442	19.466666666666665	-0.048555406997444685
17.664403867750732	18.6	-0.02579929717475042
17.664035930389836	24.666666666666668	-0.16542675426237233
17.665290790962853	26.6	-0.20184458408350156
17.66525000227416	23.533333333333335	-0.14243410466950338
17.6653655364613	22.133333333333333	-0.11226416751686853
17.665861264383622	19.6	-0.051901087751456534
17.666861568469304	21.2	-0.09090362043527973
17.66813168827914	19.733333333333334	-0.05521713237331255
17.667228925150873	20.2	-0.06688556693323013
17.667824515007307	20.866666666666667	-0.0830124403765489
17.668816911668095	17.133333333333333	0.015386508435974383
17.669995965869347	24.4	-0.1599715873419761
17.67039558137411	21.8	-0.10462536181356724
17.67066765314781	22.466666666666665	-0.11948972433755348
17.670884986090933	23.733333333333334	-0.14642103131791961
17.670476004760623	20.866666666666667	-0.08293792534535274
17.669257490537852	18.4	-0.02025942756525676
17.67093758281479	21.733333333333334	-0.1030953157124333
17.67142023027756	19.266666666666666	-0.04318703458681498
17.67105656226103	24.133333333333333	-0.1545836881536057
17.670429556568685	14.466666666666667	0.09969049062950729
17.67066307954594	17.0	0.019343820393836038
17.671086435850878	18.666666666666668	-0.027397957931163727
17.67059831068296	18.866666666666667	-0.03273557439849922
17.670437005843045	19.466666666666665	-0.04836752151334993
17.66977601135352	20.2	-0.06681380919411585
17.671309129551886	21.4	-0.09543296484089109
17.669761617318965	15.266666666666667	0.07296161350381551
17.668757775967823	18.466666666666665	-0.022081071497182338
17.669122618271768	15.933333333333334	0.051656619606565396
17.669999423730513	17.6	0.0019846732314776835
17.668935422207053	26.733333333333334	-0.20414267480409437
17.669060527870446	19.8	-0.05687197496036783
17.668836516404145	20.333333333333332	-0.07011433366738647
17.669803782426463	24.066666666666666	-0.1532679408538533
17.66969986709272	22.4	-0.11805179845612074
17.667874876817624	19.4	-0.046728471188016533
17.667391733501542	20.733333333333334	-0.07984072161386659
17.667821463630222	20.333333333333332	-0.0701429176019697
17.667973364875078	21.266666666666666	-0.092429088823634
17.66688743982486	20.666666666666668	-0.07825465957339493
17.666945232710138	19.666666666666668	-0.05356356731157617
17.66637677637251	18.8	-0.031086807186229557
17.666529718050814	21.4	-0.09556698045345252
17.666876276605677	19.266666666666666	-0.04331537844929116
17.66571909830951	20.8	-0.08148244658263096
17.665892517870766	19.466666666666665	-0.04849582652912781
17.665086887170773	16.266666666666666	0.04121273067380144
17.662976558973163	15.266666666666667	0.07277059990861577
17.661346528200372	17.066666666666666	0.017123924083903605
17.661842416075803	14.466666666666667	0.09944986059516206
17.660477596268674	16.666666666666668	0.02895116826467476
17.659362849358754	20.266666666666666	-0.06874708084605088
17.65902615012868	20.4	-0.07201902221720545
17.659255556642094	19.8	-0.0571486115126044
17.658484285528978	23.933333333333334	-0.15086739188235546
17.65894224362268	19.0	-0.03658200903520658
17.65841621037159	17.933333333333334	-0.007724181207337326
17.65825937722988	17.533333333333335	0.003549883204321282
17.65785210904132	17.466666666666665	0.0054430764901148366
17.658218899069972	20.333333333333332	-0.07041340185047067
17.658467096195672	27.533333333333335	-0.21851013111407872
17.65799818164529	16.933333333333334	0.020949319282438275
17.65822232288107	17.533333333333335	0.003548834009151876
17.65836240495296	21.733333333333334	-0.10344746150188588
17.65913429835423	21.466666666666665	-0.0973151290044243
17.65882976442511	27.733333333333334	-0.2219436766476926
17.657849707120512	16.666666666666668	0.028876824648017104
17.65923024600671	20.333333333333332	-0.07038490787130697
17.660479935325117	22.933333333333334	-0.12989302983465376
17.658862713953837	24.8	-0.1681895564220865
17.659103271701387	23.866666666666667	-0.14948701503135176
17.659186666610527	19.666666666666668	-0.053782561436215265
17.65859036552727	21.266666666666666	-0.09269242071170553
17.658850775344494	23.066666666666666	-0.13278691667999878
17.65782985885688	19.533333333333335	-0.050428739342852656
17.657366479165226	20.8	-0.08171733554707487
17.657560760152446	20.2	-0.06715803101935813
17.657496740250153	18.4	-0.020592202090418732
17.65773244851127	26.866666666666667	-0.20682893876531086
17.656091604779263	16.666666666666668	0.028827081153781443
17.65643715583432	17.866666666666667	-0.005918106477485946
17.655986105279247	23.8	-0.14820571097061272
17.65568498485175	29.333333333333332	-0.24851867024347368
17.655708031316962	17.666666666666668	-3.1024627996858117E-4
17.65450785025059	16.933333333333334	0.02085052123055136
17.65387955915952	23.533333333333335	-0.14274949338088028
17.6531547082145	19.2	-0.04197321244362044
17.65175201511868	14.933333333333334	0.08342524356513582
17.651340071019472	17.333333333333332	0.009089887277512034
17.65155812966087	23.133333333333333	-0.13440700727734683
17.651801271540837	17.4	0.007183689921957876
17.65102266829399	21.266666666666666	-0.09290489903583919
17.651177319502516	20.533333333333335	-0.07547971584694826
17.650754066231737	18.866666666666667	-0.03329678208459884
17.649296949705175	19.333333333333332	-0.04553587375315796
17.649431264807905	21.466666666666665	-0.09758732602996273
17.64943978751222	21.666666666666668	-0.10217763765179388
17.648436736054578	19.8	-0.057454020820953064
17.6466886810138	18.8	-0.03164378879738935
17.645768288576964	23.666666666666668	-0.1457405835461532
17.646036187906645	24.066666666666666	-0.15392506453357468
17.644155825413943	18.6	-0.026372366877305847
17.644007134877565	15.533333333333333	0.06361793235255216
17.645344089058273	21.8	-0.10532690249986146
17.646114913075618	20.8	-0.08203390886322662
17.646416256431213	23.333333333333332	-0.13877383668353438
17.646556250959428	20.533333333333335	-0.07560988556555516
17.646829978053983	23.266666666666666	-0.13735899274054955
17.64835411185239	17.8	-0.0042779387632247
17.64649688576591	17.8	-0.004330558100812856
17.646593158734383	27.4	-0.21651819055209645
17.6463293253492	22.133333333333333	-0.11279643184718598
17.64557735654809	27.2	-0.2130516141533593
17.64468871688871	22.866666666666667	-0.1289015857489107
17.645575966155807	20.666666666666668	-0.07885444685304491
17.646179957272448	26.2	-0.19508700760392678
17.646917967037474	26.2	-0.1950668924870027
17.64795481433842	25.266666666666666	-0.177531843213401
17.64798841982823	24.066666666666666	-0.15387106122606967
17.648598392126164	22.666666666666668	-0.1244706754928318
17.64855661368805	18.266666666666666	-0.017210252269730848
17.64902611774286	18.733333333333334	-0.029803103260758978
17.648853336516986	21.266666666666666	-0.092965822629473
17.64853503688065	36.4	-0.34693752476961803
17.648530240111484	22.933333333333334	-0.1302257370132213
17.647616894528642	17.066666666666666	0.016735192787080303
17.647200351873046	21.2	-0.09145574496865004
17.646753442368635	36.266666666666666	-0.3453669454959608
17.644915464648037	21.6	-0.10077954019074699
17.644357052482917	20.066666666666666	-0.06423346213626403
17.64399124380753	34.93333333333333	-0.3288364752025195
17.642616909847373	30.066666666666666	-0.26041157664617104
17.641411806209998	26.733333333333334	-0.20488954919137822
17.639800895735963	29.133333333333333	-0.2457293621015072
17.637679094812015	20.066666666666666	-0.06442195250437871
17.635841613470753	19.4	-0.04763381388604877
17.634912682651144	21.866666666666667	-0.10712872886913077
17.63264093787137	27.066666666666666	-0.21105529893795316
17.630308483385956	24.266666666666666	-0.1583970718533453
17.629585723058074	24.666666666666668	-0.1663759918672641
17.628063814918388	19.6	-0.0529690771694498
17.628328528477308	23.266666666666666	-0.13787354934960047
17.627592801767946	22.2	-0.11480501020963245
17.625120371989905	23.533333333333335	-0.14354798174984135
17.624233179626206	21.666666666666668	-0.10288472656148313
17.62354753078286	15.4	0.06733218254974527
17.624476160128644	23.6	-0.1449508737639399
17.62192940461684	25.0	-0.17310503532916
17.620945591169352	18.933333333333334	-0.03590243825830948
17.619888582782437	19.933333333333334	-0.06160442786290179
17.618759491108303	19.466666666666665	-0.049828392633178564
17.617717604325126	29.0	-0.2441621550905539
17.616710644468114	25.266666666666666	-0.17838977482336077
17.615685099822894	24.0	-0.15341126512427103
17.61437881783552	26.333333333333332	-0.19839382049074245
17.613425950755747	21.2	-0.09240550045220672
17.612293483269042	22.333333333333332	-0.11818665086266994
17.612822784746903	27.8	-0.22432380527278584
17.61143229145053	18.066666666666666	-0.012759490794353689
17.610336805896292	19.266666666666666	-0.04491497965670415
17.60896448159636	39.4	-0.3822387534409299
17.607526018718335	26.066666666666666	-0.19368739586980555
17.604222234397803	24.133333333333333	-0.1564325224638558
17.600803068808023	26.466666666666665	-0.20118839704385263
17.59882322559442	20.466666666666665	-0.07533972238868503
17.597466078286523	21.4	-0.0975072050599384
17.597181927607828	23.2	-0.13733345803967636
17.596817699394062	19.266666666666666	-0.04529818588744125
17.593104805880664	14.4	0.099806030869931
17.591408005825482	18.533333333333335	-0.026074244204672452
17.59000225450104	18.533333333333335	-0.02611417421679047
17.588583794772862	25.333333333333332	-0.1804381084713721
17.588054390789672	20.866666666666667	-0.08525903154981473
17.586259478992993	21.8	-0.10698503937025151
17.584907826675522	27.866666666666667	-0.22621348005220876
17.585602328357908	26.666666666666668	-0.20521127039451406
17.582600040926824	21.333333333333332	-0.09638040173250283
17.5810884025183	23.733333333333334	-0.14891276876994908
17.57956549778657	29.2	-0.2484083462203868
17.577687501379877	21.8	-0.10722601469352827
17.575477252197526	24.933333333333334	-0.17309014248543272
17.573923294096794	24.133333333333333	-0.1572726323822155
17.569655093640048	22.8	-0.12956129781708134
17.56775987871727	17.866666666666667	-0.008435491048982066
17.565808287042007	21.933333333333334	-0.11057265720524852
17.564089368000953	25.8	-0.18992467620169734
17.562562429021582	25.933333333333334	-0.19244967272421445
17.562982592394548	18.266666666666666	-0.019639714281996734
17.55985039742876	23.4	-0.14258229817504048
17.555341389462328	24.666666666666668	-0.1684269793078222
17.553630455517002	23.866666666666667	-0.15241407352842387
17.55186192739124	26.333333333333332	-0.20010099883960514
17.5497539547278	27.2	-0.2156491420050065
17.547639020458686	25.733333333333334	-0.18912916849377268
17.54680980337388	22.133333333333333	-0.11558737361802919
17.547511511503124	25.733333333333334	-0.18913267176684523
17.54567919178913	22.666666666666668	-0.12734863797558588
17.542457308217866	23.466666666666665	-0.14446076346514983
17.54024205492797	22.4	-0.12167572591043964
17.53843882218845	28.933333333333334	-0.2452003438347668
17.5360360583996	28.0	-0.22979523136753605
17.532761044184785	24.6	-0.1677373801447234
17.531086743411464	28.333333333333332	-0.23552563341794144
17.52916361190059	24.666666666666668	-0.16915185713009814
17.52737778449877	27.0	-0.21273703251393605
17.524906462505783	19.533333333333335	-0.05419649939911765
17.52301298373065	28.733333333333334	-0.24235204987358014
17.523966021610555	22.133333333333333	-0.11622998506448094
17.522035158777683	23.933333333333334	-0.1546554380713254
17.521397784883312	27.0	-0.21289992423227622
17.5222571521896	21.266666666666666	-0.09653295698440635
17.522412444934027	23.666666666666668	-0.14917192504073595
17.51911319526068	26.933333333333334	-0.21178182244743182
17.517176653781476	17.466666666666665	0.0014438089792520859
17.51803299031837	17.133333333333333	0.011102005427198898
17.519126668838744	18.6	-0.02992523437987123
17.516947034906536	20.733333333333334	-0.08408791432277817
17.515170161091408	21.533333333333335	-0.10290184802640724
17.515967746500735	22.0	-0.11347393241802463
17.516596771198365	32.666666666666664	-0.30189487206679033
17.514660348088032	24.533333333333335	-0.16692052035639593
17.512454658730576	23.8	-0.1521949105471678
17.510202003003382	22.066666666666666	-0.11512948893693442
17.505119731958242	25.466666666666665	-0.1852738180547968
17.504194072620127	20.533333333333335	-0.07963554592770668
17.501660592448797	27.066666666666666	-0.21461442828239777
17.500667096119862	19.866666666666667	-0.06331732377713986
17.49808583580246	23.466666666666665	-0.14570040013068436
17.498343862846674	22.133333333333333	-0.11695163562074565
17.49627708200639	23.6	-0.14852252689005901
17.49297289969158	18.733333333333334	-0.03423921902672503
17.49052108528558	19.4	-0.051760692409304254
17.48857799918439	23.4	-0.14457391990823268
17.486721505181134	19.066666666666666	-0.043222947050975534
17.484953049837287	19.4	-0.051919462865390835
17.48295338371316	24.066666666666666	-0.15845423556149515
17.480288877753754	25.333333333333332	-0.18342396765359276
17.478417595127475	24.066666666666666	-0.15858071270294433
17.47506708031409	22.533333333333335	-0.12643010469605775
17.469632510884036	24.266666666666666	-0.1628566569083501
17.46722061466666	20.266666666666666	-0.07418917725407181
17.46610499677276	16.533333333333335	0.027434913906017877
17.46849413552601	19.0	-0.041995314058829274
17.4660493866495	18.666666666666668	-0.03322798314540145
17.463523338953035	18.933333333333334	-0.040382882720184324
17.461537956981605	18.4	-0.026169040606795608
17.45968393542685	22.6	-0.12831644086006644
17.458455078957083	20.333333333333332	-0.0760715058788088
17.455881467955376	17.6	-0.004111108493345541
17.45338532293083	20.533333333333335	-0.08107960148578423
17.454110867544458	20.066666666666666	-0.06962957515312956
17.454177913787607	18.8	-0.03712184811948452
17.45159494121519	22.2	-0.11975319191635232
17.44897292795986	17.266666666666666	0.005251415886959892
17.44616391697819	18.6	-0.032009954947753556
17.447869108719324	25.533333333333335	-0.18811628724242532
17.44873931383674	23.066666666666666	-0.13866150953870127
17.446793303776133	24.066666666666666	-0.15946330100174314
17.446885476513366	22.6	-0.1286770359834556
17.44763272415149	19.533333333333335	-0.05639930027624865
17.44433554802028	19.333333333333332	-0.051362629627425334
17.44458607992949	21.8	-0.11098126786710999
17.438992297397814	26.733333333333334	-0.2104109508209672
17.436984336156858	21.266666666666666	-0.09894886480426418
17.43449294475597	23.666666666666668	-0.15163011897549192
17.43248185538332	22.266666666666666	-0.12177049108744259
17.429950865012543	27.0	-0.2153963474788271
17.427895062303268	24.333333333333332	-0.16535524782962505
17.425214718322167	18.133333333333333	-0.01991415999276715
17.423074247972043	15.933333333333334	0.0446613116537656
17.421098860575498	22.533333333333335	-0.12795162368837798

Average Payoff: -0.0959