231.0	231.0	0.0
505.76140158656244	1049.0	-0.3494031932225019
646.7999931260416	413.0	0.22060765676777647
842.9356693109374	782.0	0.037500357990650504
917.7641121920494	742.0	0.10589704338161515
962.7635407873959	1540.0	-0.23063963087419734
907.8014580680677	918.0	-0.005585789126668581
895.4131561475	577.0	0.21625258835679861
914.0042784016666	1429.0	-0.2198014431069026
913.3022428510493	1189.0	-0.13114087571683394
978.4618409605572	1126.0	-0.07010731017679118
985.7401691987916	1059.0	-0.03582843038189759
971.9736588040272	1056.0	-0.0414336452700901
999.4362778757104	497.0	0.3357552107657746
1008.1167009086745	449.0	0.383714427650169
1012.8472344344065	383.0	0.4512293458027439
1013.5343121570634	429.0	0.4052134547031968
1043.800360848393	621.0	0.2539646018775075
1048.974754697807	394.0	0.45390589999266767
1075.0384683692819	339.0	0.520522238138335
1076.0022422384045	295.0	0.5696578883512836
1092.1718745049811	390.0	0.4737452427637611
1096.0986621838897	271.0	0.6035399528998332
1098.833093164318	1092.0	0.003118947392952046
1085.8336259679215	360.0	0.5020173918572465
1085.9298016571006	339.0	0.5241870868224314
1089.772907276757	317.0	0.5493231375721455
1101.7172950492436	466.0	0.4055050595262299
1100.068765446464	496.0	0.3784728944792611
1095.9067849739538	372.0	0.49315582732100977
1094.8305022374689	267.0	0.6078807170770185
1094.9063546196014	539.0	0.3402314661717715
1099.6351459054736	406.0	0.4606927168190727
1102.4105921677826	1143.0	-0.018076608337823513
1102.9843473049827	863.0	0.12206828993016089
1110.8352102513436	1175.0	-0.028070610453848524
1115.0476674107947	406.0	0.4661574272802193
1118.9864608835032	412.0	0.4617849203418264
1117.6207238040586	881.0	0.11839200954230497
1121.083902784432	354.0	0.5200273024039184
1122.831097128434	945.0	0.08599885037776317
1116.7198721720433	997.0	0.05663942216194431
1115.8016422263286	448.0	0.4270373071584726
1113.2075185967096	355.0	0.5164171338132043
1112.0659495312084	766.0	0.18426719765490202
1111.5889673632998	1509.0	-0.15164950993308746
1128.1435318398578	1210.0	-0.03500917161220222
1137.550246261833	1127.0	0.004658870466331544
1142.3757792460103	782.0	0.1872689228021822
1147.1290060887427	1004.0	0.0665366910508937
1147.4616241134324	829.0	0.16112714774124823
1154.1570694219106	900.0	0.12372815750328017
1156.6914314737608	1166.0	-0.004007664728987657
1155.6668231848864	806.0	0.17824985316170097
1159.1078365934873	352.0	0.5341166375081228
1158.139853336507	830.0	0.16504867742871357
1158.935544315305	1180.0	-0.009006000928880424
1161.9320308083618	793.0	0.18871859737026708
1168.0476900689991	1465.0	-0.11277893334443145
1172.1132932034598	348.0	0.5421393897995181
1175.8196052428693	239.0	0.6621477407941728
1176.2004977316692	227.0	0.6764539346059886
1174.0119938876662	602.0	0.32207665030208477
1172.4643137453268	1383.0	-0.0823864708742925
1173.6523074502181	790.0	0.1953769035356298
1173.830803629305	1249.0	-0.03102535936809727
1174.6022679318378	1092.0	0.036443212424387215
1173.5461733184761	899.0	0.132468061195898
1171.2781847386639	742.0	0.22436788761969775
1170.694726654253	1566.0	-0.14444624367330428
1169.7110931503491	729.0	0.23211066430286637
1170.3583871667643	367.0	0.522557650755263
1171.0338649939724	497.0	0.40408883724696326
1172.18017721879	374.0	0.5162271441446922
1170.836693393748	430.0	0.4627809297794056
1169.0673640329235	320.0	0.5702007743513681
1167.4075283627424	1147.0	0.008817603690210538
1169.544137581183	314.0	0.5766893723675044
1167.3053059770616	1206.0	-0.01630413665089256
1168.0003599927281	564.0	0.3487299275129851
1167.6946738115025	730.0	0.23064546676120282
1167.080924613546	445.0	0.44791853410624893
1166.067112268389	488.0	0.40993929885860997
1165.273140329987	590.0	0.3277399551740631
1163.500407149583	379.0	0.5085900810874189
1161.0796543807876	778.0	0.1975574616108886
1162.7794109010586	1150.0	0.005525564107335122
1160.3239059171924	521.0	0.38025029184869036
1158.9516845701976	771.0	0.2010162677500369
1162.1018932557893	628.0	0.2983639620001625
1159.7052266761086	403.0	0.4842277441444469
1158.4719118371406	387.0	0.4991820983146002
1159.4488185023158	527.0	0.37501809219681775
1157.7400624172876	780.0	0.19493845936490847
1155.5253825431066	558.0	0.3487111359017612
1155.401339875617	412.0	0.4742890802521647
1153.354568443872	713.0	0.23594368181123837
1152.20414669088	357.0	0.5269029696442759
1152.4345029004533	381.0	0.5030762653646466
1151.122020525623	413.0	0.4719082084641818
1152.7807560933952	351.0	0.5331766301999405
1155.1716406379649	399.0	0.4865431982323184
1157.580359460518	700.0	0.24633139402561796
1159.7752696458615	536.0	0.3678407633436759
1159.691701593934	517.0	0.3833094068414391
1162.4306284695826	572.0	0.34041755189169115
1163.7838729118614	591.0	0.3264127746748622
1165.9567876197452	477.0	0.41933956681714085
1164.9778390730548	518.0	0.3844244553032233
1163.0336161706052	463.0	0.4305160786400107
1163.5890896340075	354.0	0.5334705521830377
1161.632659715298	1229.0	-0.028179712182433297
1159.8904963457283	620.0	0.3033279280125215
1159.7733030307459	665.0	0.271142339823244
1159.3171199287117	1716.0	-0.19360747244640975
1159.1019952273589	274.0	0.6176127018000133
1158.0864454162445	443.0	0.4466257568187325
1158.7600594179353	223.0	0.6772232653852529
1160.0206711272997	193.0	0.7147124147937848
1161.4778870203077	226.0	0.674229042330399
1164.2532551492839	485.0	0.4118550338030411
1165.748156760277	268.0	0.6261547068272051
1164.146631313751	1619.0	-0.16343133472329519
1165.3816444059185	782.0	0.19687031841304814
1167.1615396877796	946.0	0.10465907860525245
1168.073409396073	967.0	0.09417634471544875
1168.1793393651444	569.0	0.3449150734109673
1167.7575393336538	564.0	0.34863860882393954
1167.5081853910335	816.0	0.1772153944107553
1168.1121235812705	809.0	0.1816346778202885
1170.0758706181887	632.0	0.2985866907110885
1170.617984266095	872.0	0.14619375065053453
1170.5841036178804	1087.0	0.03702369425968808
1169.2249839203741	595.0	0.3254828545984875
1168.633018354835	705.0	0.24745134923056242
1167.2163269620887	1662.0	-0.17488364828192277
1165.842419176265	1048.0	0.05322981353845057
1165.3517066395132	1782.0	-0.20922114316094692
1165.0194231120213	805.0	0.18274917439306357
1164.503787393732	914.0	0.12052120805025934
1164.0460402736596	957.0	0.09761506178665802
1163.3669251375338	1345.0	-0.07241088735552802
1165.323671485871	568.0	0.34461173138760776
1165.0935251811993	305.0	0.5850604131292849
1166.2948382481961	280.0	0.6128037069687036
1166.9112462942562	231.0	0.6695069152460696
1167.4233092020347	387.0	0.5020661389867256
1167.7911847868938	232.0	0.6685219873915408
1167.3469859595289	307.0	0.5835444397775881
1168.9075382915482	384.0	0.5054438328988181
1169.31459593364	613.0	0.31213041581035955
1168.8274264869399	296.0	0.5958568297565405
1169.0170394944084	552.0	0.3585188439945211
1169.6123156906178	309.0	0.5820405433919643
1169.2717015249416	327.0	0.5629136076466134
1169.2963623609992	366.0	0.523219087893675
1169.3286612022641	403.0	0.4873845272376446
1169.2831082866783	416.0	0.4751726075608046
1168.7089651019899	690.0	0.25754917746131517
1168.9711538996992	657.0	0.28038293639321193
1168.4232478338054	514.0	0.3889765840292592
1169.5412461856492	342.0	0.5474817496869084
1169.6869429426872	508.0	0.39440429916089037
1169.916007951123	304.0	0.5874934550407827
1170.991464168084	1428.0	-0.09888779527568878
1171.3736087835316	1169.0	0.0010142007988055172
1169.5537067439532	1099.0	0.031100743409429196
1170.2347139141268	1702.0	-0.18513991336077548
1170.8788867791998	699.0	0.25235799501003753
1170.7398661319903	678.0	0.2665274196541891
1170.0819143566223	595.0	0.3258103262398682
1169.5038280878214	864.0	0.15023518710318726
1169.8997976155306	1217.0	-0.01973279415898466
1170.7402213846144	1215.0	-0.018551801331369806
1170.4351262634927	347.0	0.5426493113357049
1171.290833816999	370.0	0.5198829554008353
1170.7254467028426	579.0	0.3381818832308129
1172.6235697950915	315.0	0.576505768803611
1172.5616813475817	382.0	0.508543141666967
1172.2998852070557	307.0	0.5849387902074641
1173.3667542673659	273.0	0.6225023851045528
1173.0952693944455	575.0	0.3421411177444754
1172.7682185443416	326.0	0.564976097082412
1172.7206078632544	249.0	0.6497202071590853
1172.6467499127082	397.0	0.49415370047804946
1173.6071205773208	462.0	0.4350721586038
1173.9393258280527	322.0	0.5695012565810286
1173.5813515680202	397.0	0.49445471308614813
1174.251286516771	502.0	0.4010444567137071
1174.2377404878744	314.0	0.5780244090610624
1174.8155912724487	883.0	0.14180842661999893
1174.4882612204187	601.0	0.32300312750376603
1175.0903332761159	223.0	0.6809934312649902
1174.6932040046468	269.0	0.6273446473893158
1174.4054631563477	208.0	0.699075263309379
1175.1715379213636	210.0	0.696788456518341
1176.619532083339	196.0	0.7144146714821776
1177.1065045270398	450.0	0.4468708732366551
1177.5453854073924	743.0	0.22626145089261462
1177.8190273316827	577.0	0.3423823300145471
1177.3390455476497	557.0	0.3576803780899519
1177.6429382329984	418.0	0.47607326177510656
1177.2664823521093	315.0	0.5778233931737216
1177.328730546611	518.0	0.3889090762556882
1178.6357705368196	330.0	0.5625186589834394
1178.8671176654755	806.0	0.18785495227712143
1178.8995296092712	394.0	0.4990144092701525
1178.6438133238137	370.0	0.5221625569202014
1178.7669046859585	200.0	0.7098856966753869
1178.5068278798913	385.0	0.5075173409737412
1178.071007662175	315.0	0.5780508785135121
1178.624386340413	950.0	0.10740475764889172
1178.1387255774125	418.0	0.4762360021698163
1178.8729666710396	324.0	0.5688258326747592
1179.4197118171144	280.0	0.6162858460348274
1178.8518761457608	745.0	0.22551209972305059
1178.3688190156572	455.0	0.4428692470397423
1178.0046542873445	246.0	0.6544955112901469
1177.4818375737364	1358.0	-0.07119678782594074
1177.744512234005	922.0	0.12179791910107571
1177.2979274417946	625.0	0.30644097129142994
1177.892785551778	740.0	0.22831974177628295
1177.6076248287052	1125.0	0.022846977601152844
1177.2217242632162	950.0	0.10681619206475368
1177.5394368005282	897.0	0.13522974392484527
1177.1808035229662	1191.0	-0.005835363776480228
1177.7327303359689	1274.0	-0.03926499347701709
1177.2543949455612	702.0	0.25289518876412076
1177.0807339360888	693.0	0.25885552701097053
1176.6755155037208	1796.0	-0.20833908082676642
1176.3208530550146	892.0	0.13746457791355646
1175.9445192895714	1406.0	-0.0891016359924453
1175.9906122583334	666.0	0.27686927873810946
1175.6329766338401	619.0	0.3101653563047227
1175.682084113421	636.0	0.29789005965554055
1175.8699247261477	671.0	0.2733651774642491
1175.4434430772221	642.0	0.2935130912101546
1175.5521943793115	490.0	0.41160655108427324
1175.1659601101424	818.0	0.17919529394853068
1175.3466732435568	754.0	0.21838826535782813
1174.9950701506398	876.0	0.14578049187055309
1175.6111797980775	331.0	0.5606032871143807
1175.2009829696544	273.0	0.6229805072494963
1175.8796203304084	353.0	0.5382239447685062
1175.4164363883444	445.0	0.45075847170269934
1175.1147523192046	307.0	0.5857270841955953
1174.6725368157713	629.0	0.3025341494521557
1175.136624786829	889.0	0.13862290962274817
1175.2720973655976	492.0	0.40981438989185603
1175.2928946776913	333.0	0.5584412004126571
1175.2257411326677	318.0	0.5740764557691256
1175.3417835016865	573.0	0.3445217572363221
1175.2724432302061	388.0	0.5036053994551691
1175.332879533862	542.0	0.3687886530803326
1175.0036712677647	305.0	0.5878388602391259
1174.6333857606342	396.0	0.49574483314803197
1174.153319111892	627.0	0.3037794247197573
1173.6997615617413	850.0	0.1599544397395856
1173.4171294380203	671.0	0.2723988632609929
1173.429632432223	487.0	0.4134048315114265
1173.374705016964	820.0	0.17727460077003274
1173.074954801026	651.0	0.2862135426106846
1172.7041705729457	674.0	0.2700509256001849
1172.5113435628425	647.0	0.28882004249219034
1172.111318189182	585.0	0.33413438984289195
1171.7509007628314	1549.0	-0.1386562434405139
1171.3382749401878	1564.0	-0.1435514315202562
1171.117660300969	1380.0	-0.08187875571148219
1170.6941088393978	878.0	0.1428686242502115
1170.2222776377264	876.0	0.14378803361352954
1169.9379090319112	1181.0	-0.004705394781202042
1169.5887525460964	361.0	0.528286093309538
1169.2628106124273	264.0	0.6316097814786754
1169.3749846128358	756.0	0.21469842909377954
1169.0061759932062	214.0	0.6905292200212831
1168.6035854134157	676.0	0.2670511915453165
1169.093461647233	1572.0	-0.14698752304149612
1169.2928260217898	257.0	0.6396251943342892
1169.8302327320368	450.0	0.4443862191150472
1169.7751527552134	878.0	0.14248397943623822
1170.1358488876324	615.0	0.3109768084224811
1169.8931823555174	675.0	0.268250317735821
1170.4834348633256	373.0	0.5166776765141909
1171.023075766553	1191.0	-0.008457548293411124
1171.539480742457	1263.0	-0.03756789322210967
1171.0975376633378	409.0	0.48231043938612445
1170.8559393039102	326.0	0.5644203407422076
1171.3755913757484	869.0	0.1481960442253026
1171.7595055023626	293.0	0.5999343251921605
1171.5830660397871	317.0	0.5740916214459648
1172.0041594822196	346.0	0.5441382715077433
1172.3219693545411	1056.0	0.052201598760988344
1172.4621768619982	254.0	0.6438741887166448
1172.1380896337444	805.0	0.1856916780667328
1171.9037529471318	534.0	0.3739388883136488
1172.1078667709257	548.0	0.36283065662767583
1171.8595945774005	438.0	0.45585316697761075
1171.7698317389577	924.0	0.11822378010536183
1172.2989168192098	583.0	0.3357256767907558
1172.639605246758	1004.0	0.07747704527669841
1172.4252787619243	444.0	0.4506396233297281
1172.3684884698464	1046.0	0.05696460670382628
1172.2209114072177	408.0	0.4836165031676894
1172.040195199637	1280.0	-0.04402856242394231
1172.3750930986569	549.0	0.36213786036401624
1172.7107954328344	1344.0	-0.06806074217109502
1172.9879184298354	527.0	0.37999559374897857
1173.255500049475	1621.0	-0.16023749436749696
1172.8960458336444	1157.0	0.0068226416633780495
1172.5989233027094	853.0	0.1577799630647552
1172.7448364836985	1335.0	-0.06470162400725425
1173.2386126006438	941.0	0.10984503414918527
1172.923805295961	657.0	0.281937315533484
1172.616125579849	1444.0	-0.10371558585423439
1172.4017012420386	1559.0	-0.1415384264358352
1172.2028510794337	180.0	0.733767755545982
1171.974045071232	837.0	0.1667388615064735
1172.322037268225	587.0	0.3326974964612389
1172.0701786735308	656.0	0.2823032642258829
1172.36669702974	628.0	0.3023643449569694
1172.0270938786564	686.0	0.26158235016049647
1171.735122961796	730.0	0.23228004658915372
1171.9344605292083	627.0	0.3029206858202606
1171.74224999123	852.0	0.15799554018927836
1171.8509873210444	561.0	0.3525121270037239
1171.603089451526	636.0	0.2963056948602815
1171.2684936823764	821.0	0.17581389998040045
1170.9698595721022	1450.0	-0.10646064448579812
1170.6884021427227	1189.0	-0.007760176233713491
1170.4026084013453	1094.0	0.03374073502559914
1170.1329239724341	694.0	0.25541790386803714
1169.8000888472675	648.0	0.28705031540523235
1169.8688760253317	865.0	0.14982236920387024
1169.5184452615108	1269.0	-0.04079590003996079
1169.3302681390678	1095.0	0.032826601836734665
1169.6822985164918	387.0	0.5027887188428769
1169.9208282950453	232.0	0.6690255322304495
1169.686184760736	734.0	0.22886449891188085
1169.9324889866552	494.0	0.4062259096811687
1170.1526680069935	521.0	0.3838521975499784
1169.9485146376403	257.0	0.6397907880155541
1170.147611140982	218.0	0.6859123651542852
1170.3126737100108	513.0	0.3904875689323349
1170.031598722546	1020.0	0.06850659086839664
1169.719955596746	275.0	0.6193033827287165
1169.4150158406342	201.0	0.7066582054682122
1169.5979859239678	319.0	0.57140879805504
1169.8363358127333	231.0	0.670197018603206
1169.5711644922449	775.0	0.2029090895191141
1169.2324828972748	276.0	0.6180545299581152
1168.9336002202135	437.0	0.4557682833959307
1168.7040969292198	280.0	0.6134476314472932
1168.933996507685	1477.0	-0.1164299653350859
1169.114938948112	958.0	0.09924942704436615
1169.4093190956614	1189.0	-0.008306734859685286
1169.5770243970117	339.0	0.5505698489137463
1169.7310045855356	451.0	0.4434610077502247
1169.4639218028456	985.0	0.08561940626440706
1169.1425963145302	849.0	0.15863229729116504
1168.786313819325	744.0	0.22207724446289026
1168.5047583326755	398.0	0.4918623797560434
1168.2118043336013	519.0	0.3847838206596834
1168.079383240442	465.0	0.43052370292334163
1167.868891260241	1466.0	-0.11319132464376788
1167.7271661417315	846.0	0.15976700893306986
1167.908184840788	718.0	0.23856314345375731
1167.7564232300747	881.0	0.13996608868611807
1167.5914176535114	2571.0	-0.37538431606075945
1167.3527458427272	443.0	0.4498099858634762
1167.8041475598804	516.0	0.3871021154713604
1168.2240772979985	729.0	0.23150880412794236
1168.3294073868694	662.0	0.27663294123091614
1168.0128611746484	753.0	0.21603856463557408
1168.1425841879905	564.0	0.34878340253450085
1168.1782145925793	856.0	0.15422466872829851
1167.8298541021397	477.0	0.4200007997053542
1167.8456152967076	651.0	0.28416134439887286
1167.5729578137802	522.0	0.382092383065315
1167.3356177037278	1114.0	0.02337911935877838
1167.806015268252	715.0	0.2404953094457469
1167.6315313217922	889.0	0.13547955823798752
1168.090414231936	389.0	0.5003501448027582
1167.8295837902638	797.0	0.1887337135238534
1167.581230351883	940.0	0.10798218691380447
1167.3632096143097	426.0	0.46528199291972133
1167.3834250903092	284.0	0.6086492444512673
1167.071629788398	488.0	0.41029742614536735
1167.250588798272	475.0	0.42152555372492273
1167.0797235668588	504.0	0.3967971810175156
1166.8273080187291	834.0	0.166344844797377
1166.6708848714254	500.0	0.4000015185498698
1167.3964032217607	525.0	0.3795779771209932
1167.1331863816454	707.0	0.24551786912754908
1168.4190002166017	531.0	0.37508054231202465
1169.0786680149386	1610.0	-0.15865737701480975
1169.665605484104	967.0	0.09485134452669115
1169.506439222441	1453.0	-0.10810023439317588
1169.3730550797545	884.0	0.13897769544300873
1169.9534382166082	396.0	0.49423783576734437
1170.4459506710152	487.0	0.4123488614481352
1170.2473124088572	253.0	0.6444750005228599
1170.412886615569	213.0	0.6920659015674043
1170.6078607806023	723.0	0.23637832840220935
1170.8255462813759	698.0	0.253006786653903
1171.0894469518644	420.0	0.4720598508089956
1171.5939141020835	264.0	0.6322079699465385
1171.3448067989223	243.0	0.6563779937793524
1171.1262062970718	446.0	0.448404214509318
1171.2677895195159	1461.0	-0.11006942820713951
1171.431292372329	358.0	0.5318521312000886
1171.170575589568	526.0	0.3801448038689021
1170.9365161268042	549.0	0.3616043442855488
1170.5971995469088	442.0	0.45181598960460967
1170.382395269133	373.0	0.516646035171398
1170.1634468420195	801.0	0.18728200719907445
1170.287327727489	548.0	0.36215557065795945
1170.0018925198387	914.0	0.12284148754313175
1170.0978216442006	652.0	0.28434138688376587
1170.2882767041915	805.0	0.18492909668541263
1170.1061768871145	570.0	0.34486756317401723
1169.9014932443392	848.0	0.15952289758544796
1169.6444453880256	660.0	0.27854835220727364
1169.7243930293023	522.0	0.3828782014956044
1169.4844497589934	477.0	0.42058365620176785
1169.5413254436953	1627.0	-0.16358015896072087
1169.9772776304833	616.0	0.3101815933321748
1169.6669497739379	932.0	0.11308497276388255
1170.0908136100804	928.0	0.11538624164390997
1170.244584524727	1609.0	-0.15786858699602488
1170.3751680309103	563.0	0.35040029373495635
1170.2415983452138	1319.0	-0.059760531783526805
1170.0235270345497	1212.0	-0.017622190750444862
1169.745640879002	500.0	0.40110638679459504
1169.8786129888422	563.0	0.35021415143563195
1169.651473629093	259.0	0.6374203158982054
1169.5038218578554	505.0	0.3968362527358051
1169.2438775950989	970.0	0.09313752381476273
1169.4246864273123	469.0	0.42749886047837343
1169.5902531870674	508.0	0.3943693949879511
1169.6993206442078	456.0	0.4390106531885575
1169.5591957381498	512.0	0.39104136054485
1169.6979756001488	934.0	0.1120398357244738
1169.8662960001727	333.0	0.5568468054859329
1169.8997948138779	656.0	0.2814501629681502
1169.5738579861907	398.0	0.4922089342427575
1169.4294365286114	581.0	0.33616290051403813
1169.4984794043369	712.0	0.24315644387295823
1169.5494805750204	535.0	0.3722681493299676
1169.3854957601095	1143.0	0.011410509107797473
1169.1172260984658	684.0	0.2617844242481231
1168.913868164748	715.0	0.2409419431722413
1169.0460432947382	671.0	0.2706704243133775
1168.8864371437803	412.0	0.47877343960978147
1168.9958420871394	1179.0	-0.004260722158676342
1168.8979253959278	1266.0	-0.039879320439390846
1169.0269929188812	340.0	0.5493785046981238
1168.8165624971402	372.0	0.5171391467948471
1168.9350356237726	429.0	0.46305701992129505
1168.7042800958957	825.0	0.17239481478133947
1168.4821690510264	717.0	0.2394518370217523
1168.30205687346	492.0	0.40733675783490547
1168.0913166691266	666.0	0.27375480822894316
1167.8534026458854	575.0	0.34016251839991496
1167.6088416082468	433.0	0.45895588135707943
1167.367496302124	403.0	0.4867443436660808
1167.4234882854082	366.0	0.5226367630389678
1167.2640238376662	484.0	0.41378241999708043
1167.0123209715484	377.0	0.5116619279789452
1167.066738510494	435.0	0.45695146207899295
1167.1813500377687	274.0	0.6197563894470056
1166.9189995219688	746.0	0.2200401583272239
1166.650624132831	312.0	0.5779936180894991
1166.4668745266151	959.0	0.09761002489056538
1166.4882171543452	497.0	0.4024604504260383
1166.2954428971423	957.0	0.09857104134861605
1166.3223411801887	734.0	0.22749947827887787
1166.0873411830846	880.0	0.139821666174653
1166.2594529742298	490.0	0.40830526386420685
1166.4446398868604	486.0	0.41178059673663203
1166.6945397509085	466.0	0.42916450241685117
1166.9623819641276	297.0	0.5942518692296869
1166.71163567556	335.0	0.5538424394650217
1166.53677511988	268.0	0.6263602235256688
1166.7724699975827	1141.0	0.011167682400513978
1167.3541175748073	522.0	0.38201233883471447
1167.576270154182	781.0	0.1983890885233833
1167.6958963769096	366.0	0.522721550126578
1167.8034170061298	321.0	0.5687812153930886
1167.7538446809633	1378.0	-0.08258699314480854
1167.6220344928224	557.0	0.35406136665324145
1167.5405236528736	1651.0	-0.17152830420211776
1167.3810931274875	1167.0	1.6325231925902258E-4
1167.5811561228782	979.0	0.08785186415382985
1167.6943243178655	1052.0	0.05212173723668889
1167.8792240121131	1478.0	-0.11720896901621657
1168.2773600568064	564.0	0.3488340689489762
1168.182352943037	503.0	0.39803098194019165
1167.9945274478316	1122.0	0.02008499448210119
1168.5165931204601	523.0	0.3816200182403355
1168.877837296581	523.0	0.38175205269466544
1168.6706242502169	313.0	0.5775039406502505
1169.0936632867642	196.0	0.7128402170909112
1169.1868509145013	630.0	0.29968363243675344
1169.0499345367687	569.0	0.34524320769684685
1169.4755994784914	382.0	0.5075655716036985
1169.2700427887887	513.0	0.39010980763876346
1169.0503617212728	524.0	0.38099892141747616
1169.3738305624104	522.0	0.3827502937935061
1169.7573057980342	386.0	0.5037786439292995
1169.5353415183486	495.0	0.40523942309512867
1169.931442445659	441.0	0.45249066672820115
1169.7413120812548	279.0	0.6148380698840017
1169.592204984448	452.0	0.44252322055983867
1169.446212237776	1067.0	0.045807590487619614
1169.5576082850791	579.0	0.3377398636950122
1169.8715725343222	409.0	0.48190846283527095
1169.961639388026	470.0	0.42681586116198805
1169.8873901559737	1229.0	-0.024641677673824816
1170.1609458561022	1632.0	-0.16481532041436647
1170.0809940006948	559.0	0.3534137476040346
1170.591585651795	432.0	0.4608732457255478
1170.487685636835	558.0	0.35434888586502905
1170.3045274386309	304.0	0.5876021617756929
1170.74221401637	568.0	0.3466541556060106
1170.5813239769868	919.0	0.12039795775843064
1170.3774246290577	927.0	0.11603892640929968
1170.2663160284437	1140.0	0.013100790942783712
1170.7553339812798	803.0	0.1863226549156309
1170.6605581648284	700.0	0.2516012625115483
1171.1267894247007	905.0	0.12818426638502414
1171.5614730376642	599.0	0.32337847725521157
1171.9823900191764	306.0	0.5859219946510598
1172.2689808529317	978.0	0.09034636251687564
1172.588698943108	729.0	0.2332726836195714
1172.4205578829046	289.0	0.6044944099887831
1172.6804872007506	302.0	0.5904197517751677
1172.5272323569557	504.0	0.39875715673112133
1172.7751808897524	554.0	0.3583414840204717
1173.0063829600208	346.0	0.5444390439943181
1173.2857244462116	292.0	0.6014429197959215
1173.1586828952502	575.0	0.3421649812158911
1173.4510596430532	342.0	0.5486492317600093
1173.274096721402	1071.0	0.04557112559059135
1173.4035904483276	445.0	0.45007536732326847
1173.4787730723872	421.0	0.471927745781427
1173.2962359570952	594.0	0.3277867197195563
1173.0646496373647	368.0	0.5224080961345835
1173.1344910067326	729.0	0.233492685773059
1173.2313112784693	876.0	0.14504527119148564
1173.078602554755	676.0	0.26882502553865095
1172.8772159903936	369.0	0.5213626660110152
1172.6897454313469	357.0	0.5332386831169715
1172.5139544925876	354.0	0.5361981474742962
1172.305165171411	687.0	0.2610142618125144
1172.3872255397812	1211.0	-0.01620079777488693
1172.79845890373	1023.0	0.06822049550873542
1172.6486863185833	1221.0	-0.020199837159805084
1173.004480059342	298.0	0.5948346806014101
1172.8709688871763	431.0	0.46255028196059517
1173.04407299431	338.0	0.5526272118188934
1173.147063418338	960.0	0.09992141051764745
1173.0543809224323	309.0	0.5830112525187126
1172.8974631748665	337.0	0.5536120720523777
1173.2749320711296	356.0	0.5344198841762722
1173.1420322995264	331.0	0.5598819886789966
1173.5054946955077	541.0	0.36891424183381766
1173.3442308882372	899.0	0.13238352335444256
1173.1948768278096	317.0	0.574552288523766
1173.0404892583545	702.0	0.25121616944104913
1173.1583181781791	738.0	0.2276934956351475
1173.0544957027864	443.0	0.45175116163722057
1172.9416472490018	645.0	0.2904062669161625
1172.7749719854462	408.0	0.48379749524050997
1173.1643438081317	339.0	0.5516360356093498
1173.052615695088	366.0	0.5243827322502524
1172.9021863715896	1258.0	-0.03500667945649802
1172.7834491497736	992.0	0.08351110094673762
1172.6629860245794	1236.0	-0.02629550681972173
1172.5373906174223	825.0	0.17398292129590692
1172.3571579385732	591.0	0.32968769561023037
1172.225115916254	1132.0	0.017457111997609173
1172.3558578186694	1313.0	-0.0565891366175507
1172.4777562235238	687.0	0.26108285221410604
1172.5909802533254	1639.0	-0.16588793427721518
1172.7224193156435	705.0	0.2490902885880811
1172.5883685590047	704.0	0.24970226630937956
1172.6861670807634	625.0	0.30466172411514025
1172.5717608589785	917.0	0.12230820000836838
1172.6659965551316	691.0	0.2584508154602062
1172.7521680399702	436.0	0.45796498844044775
1172.5873684503945	655.0	0.28320800273929186
1172.706841853321	1480.0	-0.11584135619448538
1172.8025518926947	760.0	0.21357719726128171
1172.918662677419	300.0	0.5926455308066085
1172.8016065715153	1118.0	0.02392245859017582
1172.6285168656275	770.0	0.20725965534329563
1172.4361348581506	885.0	0.139705981628425
1172.3022150143745	745.0	0.22286638573104184
1172.3819543089348	754.0	0.2171853579572303
1172.2448889484615	997.0	0.0807861250895519
1172.0599498748327	955.0	0.10204693567174994
1171.8927866854272	893.0	0.13506405198553034
1171.980828558618	874.0	0.14564204336584316
1171.804091633254	386.0	0.5044306250405278
1171.6292271237137	695.0	0.25534220733174257
1171.7096437548703	1261.0	-0.03670407460025138
1171.788399979855	164.0	0.7544521272943031
1172.0289008731709	275.0	0.6199108396051266
1171.8485967194333	872.0	0.14670783207754143
1171.698411102748	316.0	0.5751827149351234
1171.534531400768	579.0	0.33848777089054344
1171.7679358182643	1112.0	0.02617075705498496
1171.5714658367642	671.0	0.27167004109088405
1171.7957043211031	427.0	0.4658479518728541
1171.580162831962	640.0	0.29343452403506487
1171.4227225286693	684.0	0.2627017102950984
1171.5319037847098	1001.0	0.07849454522975277
1171.3845289151407	771.0	0.20613041493836606
1171.1963070515515	425.0	0.4674840455118607
1171.0221893561657	361.0	0.528727452502877
1170.844272998749	689.0	0.25907775182802795
1170.9454479086628	477.0	0.4210973420202224
1171.0313549608256	421.0	0.47111594418269565
1171.106125621485	363.0	0.5267602495845009
1171.1880380794123	510.0	0.3932861899462198
1171.2956078886218	215.0	0.6898208451695915
1171.1356637731703	192.0	0.7182965641606904
1171.258557645874	425.0	0.46750481247000436
1171.3365696074973	233.0	0.6681707148520358
1171.5649014489356	204.0	0.7033945838758768
1171.362478068765	275.0	0.6197357105568864
1171.2336569312793	416.0	0.47581756701872774
1171.0634032887447	307.0	0.584591568511995
1170.9004379818923	234.0	0.6668803088478843
1170.9724057239525	289.0	0.6041021064960548
1170.7909973519993	213.0	0.692150042300328
1170.636234085499	746.0	0.22155285730998886
1170.7383013106169	243.0	0.656230577081027
1171.1844540431555	151.0	0.7715901143168766
1170.9940285846878	499.0	0.40239307271906816
1170.8251962349495	452.0	0.4429467806530651
1171.0416568109508	999.0	0.07928034757811044
1171.6176950198205	357.0	0.5329113339939834
1171.7784605231109	867.0	0.14949072026438354
1171.6389600733946	452.0	0.4432259743513818
1171.4444044306867	297.0	0.5954903037474594
1171.6338628244362	879.0	0.14270410146323126
1171.5356095795	1374.0	-0.07953704896469521
1171.4602440860476	466.0	0.4308258760076352
1171.686716336306	360.0	0.5299299835137353
1171.7495789768373	537.0	0.37147021821472037
1172.1435227637467	369.0	0.5211348008156061
1172.1909345839854	474.0	0.424125124197958
1172.0348553942545	1292.0	-0.04868646413142994
1172.6339412832517	1041.0	0.05946508988154701
1172.5307935859678	779.0	0.20165236176614407
1172.700328152471	1686.0	-0.17955700595566298
1172.861815072692	988.0	0.08555004016602201
1173.054430037592	857.0	0.15568766303066042
1172.9901154087843	671.0	0.2722303721771853
1172.8895254423983	281.0	0.6134506851000311
1173.2183538091508	785.0	0.19825079928087877
1173.06144607445	368.0	0.5224071033151761
1172.909693959796	363.0	0.5273159594896054
1172.7460436035365	421.0	0.47168496299686646
1173.5265270470504	339.0	0.5517433989579812
1173.4247764471966	330.0	0.5610023126267265
1173.7248046205725	358.0	0.5325531075555298
1173.6508009238328	754.0	0.2177006337053961
1173.7766062166204	309.0	0.5832143578412271
1173.584768291619	424.0	0.4691987449862765
1173.6707160902915	452.0	0.4439218280476236
1173.5204647425844	844.0	0.16332942862348013
1173.6719744415602	326.0	0.5652382580245335
1173.8232954145867	1016.0	0.0720712469106814
1173.633782995427	635.0	0.2978125190735691
1173.808964217841	281.0	0.6136949841368678
1173.9444703623972	369.0	0.5216937393562432
1173.715912763302	302.0	0.590707130839973
1173.8101562216723	272.0	0.623740366147633
1174.0974663059526	421.0	0.47213257008678766
1174.2734335210396	1012.0	0.07422375949548761
1174.2016598145835	388.0	0.5032651545818336
1174.316244431638	815.0	0.18062298814349517
1174.6928741116626	427.0	0.4668141353418651
1174.5838307253655	477.0	0.4223726448199671
1174.4634932262527	796.0	0.19206825933455482
1174.2992180576	561.0	0.35342562923764465
1174.1768543960156	277.0	0.6182408792410237
1174.0637465065854	198.0	0.7113836722176674
1173.9426049344086	544.0	0.36668431362318993
1173.840371242831	347.0	0.5436733446042973
1173.944331504303	586.0	0.3340698458352718
1173.7579200110504	361.0	0.5295675033918043
1173.674685966328	305.0	0.5874684230484685
1173.5611992899699	1271.0	-0.03985942374375063
1173.6439168001907	464.0	0.43333224611292254
1173.7776755564216	796.0	0.19178696166800002
1173.6579723822538	361.0	0.5295368655471568
1173.49821804825	656.0	0.2828634720400705
1173.4051354682695	501.0	0.40157851957389185
1173.285912276766	745.0	0.22326489994833157
1173.1403114009288	428.0	0.4653810200737268
1173.5425353993878	335.0	0.5558627057057977
1173.444178009417	893.0	0.13571340614657487
1173.5524282020488	1233.0	-0.024702379678619723
1173.7114436232766	1271.0	-0.03979551722985073
1173.5507737778812	281.0	0.6136264129575026
1173.3937248995917	434.0	0.45999540339488326
1173.4838592119088	545.0	0.36571996637788
1173.556760044372	354.0	0.5365147675563726
1173.3516543511082	323.0	0.5682832988344992
1173.3133380898787	582.0	0.33687053203466355
1173.4656685923944	418.0	0.4746980619824379
1173.651300695832	731.0	0.23240542798260078
1173.5548312862065	334.0	0.5568983720279814
1173.8880254197127	328.0	0.5632164389774155
1173.7863652219319	551.0	0.3610802924812063
1173.677210995846	356.0	0.5345423237779192
1173.9481077817538	414.0	0.4785723815895629
1173.8152342368794	362.0	0.5285891272202783
1174.077683022782	280.0	0.6148761468948106
1173.9480473614578	1145.0	0.01248326688232428
1174.0778238283988	1057.0	0.05247590316123536
1173.9638757288642	187.0	0.7251947633072154
1174.1299938577552	292.0	0.6016724284704457
1174.2421956713238	277.0	0.6182580677074873
1174.1327095638421	246.0	0.6535535047628716
1174.3855209916649	223.0	0.6808325309657618
1174.2736273130558	176.0	0.7393120972817533
1174.1506504922806	215.0	0.6904583388075162
1174.4042164144078	648.0	0.2888515136615034
1174.527587785812	182.0	0.731667823583199
1174.4179932299746	259.0	0.6386259957343139
1174.6621182465585	586.0	0.3343413322442619
1174.8159278223309	242.0	0.6583889335971005
1174.742546471517	295.0	0.5985691498035204
1174.6087038483417	858.0	0.15576470928659605
1174.5287220155137	357.0	0.53379914477845
1174.4347767392107	1333.0	-0.06323802506520035
1174.3569925578759	565.0	0.35033463237570533
1174.2566599018157	792.0	0.1944083230318994
1174.4930774911547	704.0	0.2504630350405804
1174.7452648062017	483.0	0.41728079668927304
1174.6454956519353	925.0	0.11889887896262265
1174.567979652475	1192.0	-0.0073659495511659845
1174.4662718492636	705.0	0.24978701606990883
1174.3477514959375	922.0	0.12037494796169387
1174.2628288137194	1059.0	0.05161185120111702
1174.1261158486498	1755.0	-0.19830961903907468
1173.9867269383853	1436.0	-0.10038873775000622
1173.9009842411365	430.0	0.46380729954667554
1173.79174842192	704.0	0.25018309342169004
1174.0319570407628	311.0	0.5811537946702068
1173.8909653275307	478.0	0.4212693088914328
1173.7679549920165	1486.0	-0.11739070862251992
1173.663298380881	661.0	0.279431816635409
1173.796835364112	821.0	0.17685852970571594
1173.9308797061608	1198.0	-0.010147479633479426
1174.063442173988	817.0	0.17933303108821091
1173.9425532385662	285.0	0.6093060698416728
1173.793783990115	632.0	0.300030816803986
1173.6695274307394	304.0	0.5885412883507555
1173.5462691369569	542.0	0.36813129467774136
1173.393751848887	325.0	0.5662021419950819
1173.238824196969	976.0	0.09177147833752927
1173.3587966611815	392.0	0.4991563584832908
1173.461853691442	392.0	0.49918932987649206

Average Payoff: 0.3202